0.000000000000000000e+00 1.110206022858619690e-01 1.320376098155975342e-01
1.000000000000000000e+00 1.104794219136238098e-01 1.315037906169891357e-01
2.000000000000000000e+00 1.099472418427467346e-01 1.309536695480346680e-01
3.000000000000000000e+00 1.094228029251098633e-01 1.304491311311721802e-01
4.000000000000000000e+00 1.089150384068489075e-01 1.299633979797363281e-01
5.000000000000000000e+00 1.084235608577728271e-01 1.294275075197219849e-01
6.000000000000000000e+00 1.079311519861221313e-01 1.289677470922470093e-01
7.000000000000000000e+00 1.074545755982398987e-01 1.284761726856231689e-01
8.000000000000000000e+00 1.069839224219322205e-01 1.279753893613815308e-01
9.000000000000000000e+00 1.065173968672752380e-01 1.275350004434585571e-01
1.000000000000000000e+01 1.060454100370407104e-01 1.270666420459747314e-01
1.100000000000000000e+01 1.055939197540283203e-01 1.265829652547836304e-01
1.200000000000000000e+01 1.051302403211593628e-01 1.261408329010009766e-01
1.300000000000000000e+01 1.046845614910125732e-01 1.256976574659347534e-01
1.400000000000000000e+01 1.042212694883346558e-01 1.252335160970687866e-01
1.500000000000000000e+01 1.037691980600357056e-01 1.247771158814430237e-01
1.600000000000000000e+01 1.032961383461952209e-01 1.242607459425926208e-01
1.700000000000000000e+01 1.028286591172218323e-01 1.238383874297142029e-01
1.800000000000000000e+01 1.023611351847648621e-01 1.233637034893035889e-01
1.900000000000000000e+01 1.018782407045364380e-01 1.229066923260688782e-01
2.000000000000000000e+01 1.013908609747886658e-01 1.224099919199943542e-01
2.100000000000000000e+01 1.008981317281723022e-01 1.219286620616912842e-01
2.200000000000000000e+01 1.003825590014457703e-01 1.214164569973945618e-01
2.300000000000000000e+01 9.986327588558197021e-02 1.209495887160301208e-01
2.400000000000000000e+01 9.935135394334793091e-02 1.204361766576766968e-01
2.500000000000000000e+01 9.878868609666824341e-02 1.198942884802818298e-01
2.600000000000000000e+01 9.824483841657638550e-02 1.193283125758171082e-01
2.700000000000000000e+01 9.766610711812973022e-02 1.188122257590293884e-01
2.800000000000000000e+01 9.708207100629806519e-02 1.182429566979408264e-01
2.900000000000000000e+01 9.648349881172180176e-02 1.176665723323822021e-01
3.000000000000000000e+01 9.588550031185150146e-02 1.171169131994247437e-01
3.100000000000000000e+01 9.524139761924743652e-02 1.164504215121269226e-01
3.200000000000000000e+01 9.460259974002838135e-02 1.158455461263656616e-01
3.300000000000000000e+01 9.394583851099014282e-02 1.152694076299667358e-01
3.400000000000000000e+01 9.326234459877014160e-02 1.146782711148262024e-01
3.500000000000000000e+01 9.259506314992904663e-02 1.140356361865997314e-01
3.600000000000000000e+01 9.188815951347351074e-02 1.133480444550514221e-01
3.700000000000000000e+01 9.116845577955245972e-02 1.126940697431564331e-01
3.800000000000000000e+01 9.046754986047744751e-02 1.120292395353317261e-01
3.900000000000000000e+01 8.973395824432373047e-02 1.113549098372459412e-01
4.000000000000000000e+01 8.899906277656555176e-02 1.106967851519584656e-01
4.100000000000000000e+01 8.824363350868225098e-02 1.099909916520118713e-01
4.200000000000000000e+01 8.751633018255233765e-02 1.092969924211502075e-01
4.300000000000000000e+01 8.677884936332702637e-02 1.086172908544540405e-01
4.400000000000000000e+01 8.603777736425399780e-02 1.079657450318336487e-01
4.500000000000000000e+01 8.531682193279266357e-02 1.073217168450355530e-01
4.600000000000000000e+01 8.461374789476394653e-02 1.066501960158348083e-01
4.700000000000000000e+01 8.391728997230529785e-02 1.060072034597396851e-01
4.800000000000000000e+01 8.322805166244506836e-02 1.054275929927825928e-01
4.900000000000000000e+01 8.256679028272628784e-02 1.048049479722976685e-01
5.000000000000000000e+01 8.189147710800170898e-02 1.041491925716400146e-01
5.100000000000000000e+01 8.125789463520050049e-02 1.036484241485595703e-01
5.200000000000000000e+01 8.064734190702438354e-02 1.030931100249290466e-01
5.300000000000000000e+01 8.005040138959884644e-02 1.026112884283065796e-01
5.400000000000000000e+01 7.946541905403137207e-02 1.019887626171112061e-01
5.500000000000000000e+01 7.893123477697372437e-02 1.014672517776489258e-01
5.600000000000000000e+01 7.837350666522979736e-02 1.009210124611854553e-01
5.700000000000000000e+01 7.784332334995269775e-02 1.003938242793083191e-01
5.800000000000000000e+01 7.734411954879760742e-02 1.000713855028152466e-01
5.900000000000000000e+01 7.689940184354782104e-02 9.961403161287307739e-02
6.000000000000000000e+01 7.641687989234924316e-02 9.905572980642318726e-02
6.100000000000000000e+01 7.600388675928115845e-02 9.865809231996536255e-02
6.200000000000000000e+01 7.554256170988082886e-02 9.820142388343811035e-02
6.300000000000000000e+01 7.515457272529602051e-02 9.792298078536987305e-02
6.400000000000000000e+01 7.478965818881988525e-02 9.743018448352813721e-02
6.500000000000000000e+01 7.441563159227371216e-02 9.711829572916030884e-02
6.600000000000000000e+01 7.404843717813491821e-02 9.671092033386230469e-02
6.700000000000000000e+01 7.378938794136047363e-02 9.639006108045578003e-02
6.800000000000000000e+01 7.346952706575393677e-02 9.617500007152557373e-02
6.900000000000000000e+01 7.319381088018417358e-02 9.578973799943923950e-02
7.000000000000000000e+01 7.291518151760101318e-02 9.561695158481597900e-02
7.100000000000000000e+01 7.266285270452499390e-02 9.535396099090576172e-02
7.200000000000000000e+01 7.240662723779678345e-02 9.496180713176727295e-02
7.300000000000000000e+01 7.217592746019363403e-02 9.470191597938537598e-02
7.400000000000000000e+01 7.192941755056381226e-02 9.450107812881469727e-02
7.500000000000000000e+01 7.168040424585342407e-02 9.422061592340469360e-02
7.600000000000000000e+01 7.148856669664382935e-02 9.401102364063262939e-02
7.700000000000000000e+01 7.128705829381942749e-02 9.364333003759384155e-02
7.800000000000000000e+01 7.107710838317871094e-02 9.346928447484970093e-02
7.900000000000000000e+01 7.084340602159500122e-02 9.322325885295867920e-02
8.000000000000000000e+01 7.064281404018402100e-02 9.291117638349533081e-02
8.100000000000000000e+01 7.039937376976013184e-02 9.260238707065582275e-02
8.200000000000000000e+01 7.019649446010589600e-02 9.232255071401596069e-02
8.300000000000000000e+01 7.000751793384552002e-02 9.220191836357116699e-02
8.400000000000000000e+01 6.977958977222442627e-02 9.185259044170379639e-02
8.500000000000000000e+01 6.952521950006484985e-02 9.155209362506866455e-02
8.600000000000000000e+01 6.932913511991500854e-02 9.145022183656692505e-02
8.700000000000000000e+01 6.909716874361038208e-02 9.106425195932388306e-02
8.800000000000000000e+01 6.889753043651580811e-02 9.072031080722808838e-02
8.900000000000000000e+01 6.864464282989501953e-02 9.055414795875549316e-02
9.000000000000000000e+01 6.843185424804687500e-02 9.045237302780151367e-02
9.100000000000000000e+01 6.821896880865097046e-02 9.016703814268112183e-02
9.200000000000000000e+01 6.803758442401885986e-02 9.001491963863372803e-02
9.300000000000000000e+01 6.780285388231277466e-02 8.972766995429992676e-02
9.400000000000000000e+01 6.760875880718231201e-02 8.958782255649566650e-02
9.500000000000000000e+01 6.738428771495819092e-02 8.940558135509490967e-02
9.600000000000000000e+01 6.716781854629516602e-02 8.922007679939270020e-02
9.700000000000000000e+01 6.697906553745269775e-02 8.890340477228164673e-02
9.800000000000000000e+01 6.673880666494369507e-02 8.880043774843215942e-02
9.900000000000000000e+01 6.653966754674911499e-02 8.844868838787078857e-02
1.000000000000000000e+02 6.636083871126174927e-02 8.837470412254333496e-02
1.010000000000000000e+02 6.616212427616119385e-02 8.797852694988250732e-02
1.020000000000000000e+02 6.597284972667694092e-02 8.781134337186813354e-02
1.030000000000000000e+02 6.582201272249221802e-02 8.767462521791458130e-02
1.040000000000000000e+02 6.558732688426971436e-02 8.740640431642532349e-02
1.050000000000000000e+02 6.540820747613906860e-02 8.716043084859848022e-02
1.060000000000000000e+02 6.522770226001739502e-02 8.697690814733505249e-02
1.070000000000000000e+02 6.503189355134963989e-02 8.681335300207138062e-02
1.080000000000000000e+02 6.487553566694259644e-02 8.658380061388015747e-02
1.090000000000000000e+02 6.469641625881195068e-02 8.633310347795486450e-02
1.100000000000000000e+02 6.448828428983688354e-02 8.610191196203231812e-02
1.110000000000000000e+02 6.433760374784469604e-02 8.601245284080505371e-02
1.120000000000000000e+02 6.415904313325881958e-02 8.567019551992416382e-02
1.130000000000000000e+02 6.398899108171463013e-02 8.556961268186569214e-02
1.140000000000000000e+02 6.385108828544616699e-02 8.532962203025817871e-02
1.150000000000000000e+02 6.363685429096221924e-02 8.510607481002807617e-02
1.160000000000000000e+02 6.349613517522811890e-02 8.499400317668914795e-02
1.170000000000000000e+02 6.336352229118347168e-02 8.485755324363708496e-02
1.180000000000000000e+02 6.320030987262725830e-02 8.452859520912170410e-02
1.190000000000000000e+02 6.299720704555511475e-02 8.446515351533889771e-02
1.200000000000000000e+02 6.284847855567932129e-02 8.430690318346023560e-02
1.210000000000000000e+02 6.271546334028244019e-02 8.407630026340484619e-02
1.220000000000000000e+02 6.257552653551101685e-02 8.382225036621093750e-02
1.230000000000000000e+02 6.239911913871765137e-02 8.373478055000305176e-02
1.240000000000000000e+02 6.225775927305221558e-02 8.356503397226333618e-02
1.250000000000000000e+02 6.205358728766441345e-02 8.333029597997665405e-02
1.260000000000000000e+02 6.193476170301437378e-02 8.307738602161407471e-02
1.270000000000000000e+02 6.179562583565711975e-02 8.305580914020538330e-02
1.280000000000000000e+02 6.170498207211494446e-02 8.274357020854949951e-02
1.290000000000000000e+02 6.155386194586753845e-02 8.261923491954803467e-02
1.300000000000000000e+02 6.137410178780555725e-02 8.245343714952468872e-02
1.310000000000000000e+02 6.128441542387008667e-02 8.221174776554107666e-02
1.320000000000000000e+02 6.117478385567665100e-02 8.221099525690078735e-02
1.330000000000000000e+02 6.105420738458633423e-02 8.206569403409957886e-02
1.340000000000000000e+02 6.094491109251976013e-02 8.185492455959320068e-02
1.350000000000000000e+02 6.075847148895263672e-02 8.167269080877304077e-02
1.360000000000000000e+02 6.066783145070075989e-02 8.148232847452163696e-02
1.370000000000000000e+02 6.052550673484802246e-02 8.132105320692062378e-02
1.380000000000000000e+02 6.047162413597106934e-02 8.129827678203582764e-02
1.390000000000000000e+02 6.027198582887649536e-02 8.105337619781494141e-02
1.400000000000000000e+02 6.023393943905830383e-02 8.087568730115890503e-02
1.410000000000000000e+02 6.007611751556396484e-02 8.083113282918930054e-02
1.420000000000000000e+02 6.001601368188858032e-02 8.062791079282760620e-02
1.430000000000000000e+02 5.990787968039512634e-02 8.048526197671890259e-02
1.440000000000000000e+02 5.981360003352165222e-02 8.037341386079788208e-02
1.450000000000000000e+02 5.972254648804664612e-02 8.016791939735412598e-02
1.460000000000000000e+02 5.956721678376197815e-02 8.018808811902999878e-02
1.470000000000000000e+02 5.950393527746200562e-02 7.979933917522430420e-02
1.480000000000000000e+02 5.943236127495765686e-02 7.967028766870498657e-02
1.490000000000000000e+02 5.928257852792739868e-02 7.960731536149978638e-02
1.500000000000000000e+02 5.920939147472381592e-02 7.962016016244888306e-02
1.510000000000000000e+02 5.914146825671195984e-02 7.940537482500076294e-02
1.520000000000000000e+02 5.906372889876365662e-02 7.938891649246215820e-02
1.530000000000000000e+02 5.900470912456512451e-02 7.916939258575439453e-02
1.540000000000000000e+02 5.886247009038925171e-02 7.903233170509338379e-02
1.550000000000000000e+02 5.878619477152824402e-02 7.898164540529251099e-02
1.560000000000000000e+02 5.866339430212974548e-02 7.884003967046737671e-02
1.570000000000000000e+02 5.859773233532905579e-02 7.859605550765991211e-02
1.580000000000000000e+02 5.847237259149551392e-02 7.878581434488296509e-02
1.590000000000000000e+02 5.843689665198326111e-02 7.850921899080276489e-02
1.600000000000000000e+02 5.829298868775367737e-02 7.850097864866256714e-02
1.610000000000000000e+02 5.823798850178718567e-02 7.821216434240341187e-02
1.620000000000000000e+02 5.817538499832153320e-02 7.806528359651565552e-02
1.630000000000000000e+02 5.803655833005905151e-02 7.803137600421905518e-02
1.640000000000000000e+02 5.793385580182075500e-02 7.783486694097518921e-02
1.650000000000000000e+02 5.788986757397651672e-02 7.763952761888504028e-02
1.660000000000000000e+02 5.777212604880332947e-02 7.768153399229049683e-02
1.670000000000000000e+02 5.769279971718788147e-02 7.766755670309066772e-02
1.680000000000000000e+02 5.761821195483207703e-02 7.757868617773056030e-02
1.690000000000000000e+02 5.750184133648872375e-02 7.739224284887313843e-02
1.700000000000000000e+02 5.737646669149398804e-02 7.740498334169387817e-02
1.710000000000000000e+02 5.731084570288658142e-02 7.711169123649597168e-02
1.720000000000000000e+02 5.718977749347686768e-02 7.725121080875396729e-02
1.730000000000000000e+02 5.707476660609245300e-02 7.692603766918182373e-02
1.740000000000000000e+02 5.698787048459053040e-02 7.697604596614837646e-02
1.750000000000000000e+02 5.687584355473518372e-02 7.685805857181549072e-02
1.760000000000000000e+02 5.680623650550842285e-02 7.670009881258010864e-02
1.770000000000000000e+02 5.668932944536209106e-02 7.687094062566757202e-02
1.780000000000000000e+02 5.663778632879257202e-02 7.673279196023941040e-02
1.790000000000000000e+02 5.653851106762886047e-02 7.642709463834762573e-02
1.800000000000000000e+02 5.641867220401763916e-02 7.634861767292022705e-02
1.810000000000000000e+02 5.630670860409736633e-02 7.633607834577560425e-02
1.820000000000000000e+02 5.628868937492370605e-02 7.630624622106552124e-02
1.830000000000000000e+02 5.620723217725753784e-02 7.613184303045272827e-02
1.840000000000000000e+02 5.618160218000411987e-02 7.603446394205093384e-02
1.850000000000000000e+02 5.606457591056823730e-02 7.582449913024902344e-02
1.860000000000000000e+02 5.599172413349151611e-02 7.573454082012176514e-02
1.870000000000000000e+02 5.586274340748786926e-02 7.583416253328323364e-02
1.880000000000000000e+02 5.576831847429275513e-02 7.559914141893386841e-02
1.890000000000000000e+02 5.571521818637847900e-02 7.550583034753799438e-02
1.900000000000000000e+02 5.561685562133789062e-02 7.545238733291625977e-02
1.910000000000000000e+02 5.552821233868598938e-02 7.545105367898941040e-02
1.920000000000000000e+02 5.546633899211883545e-02 7.548421621322631836e-02
1.930000000000000000e+02 5.541748553514480591e-02 7.525469362735748291e-02
1.940000000000000000e+02 5.534319579601287842e-02 7.521181553602218628e-02
1.950000000000000000e+02 5.527264997363090515e-02 7.505325973033905029e-02
1.960000000000000000e+02 5.516721308231353760e-02 7.497782260179519653e-02
1.970000000000000000e+02 5.515362322330474854e-02 7.476849108934402466e-02
1.980000000000000000e+02 5.505770817399024963e-02 7.490024715662002563e-02
1.990000000000000000e+02 5.495821312069892883e-02 7.478509843349456787e-02
2.000000000000000000e+02 5.493239313364028931e-02 7.464804500341415405e-02
2.010000000000000000e+02 5.484364554286003113e-02 7.448171079158782959e-02
2.020000000000000000e+02 5.479041114449501038e-02 7.455237954854965210e-02
2.030000000000000000e+02 5.469774454832077026e-02 7.452037185430526733e-02
2.040000000000000000e+02 5.467537418007850647e-02 7.424851506948471069e-02
2.050000000000000000e+02 5.457689613103866577e-02 7.428864389657974243e-02
2.060000000000000000e+02 5.452851206064224243e-02 7.434092462062835693e-02
2.070000000000000000e+02 5.440969020128250122e-02 7.420148700475692749e-02
2.080000000000000000e+02 5.435727164149284363e-02 7.416054606437683105e-02
2.090000000000000000e+02 5.430027842521667480e-02 7.407185435295104980e-02
2.100000000000000000e+02 5.422439798712730408e-02 7.398406416177749634e-02
2.110000000000000000e+02 5.415933579206466675e-02 7.393924146890640259e-02
2.120000000000000000e+02 5.409354716539382935e-02 7.386722415685653687e-02
2.130000000000000000e+02 5.404358357191085815e-02 7.367209345102310181e-02
2.140000000000000000e+02 5.396820977330207825e-02 7.350821793079376221e-02
2.150000000000000000e+02 5.392435565590858459e-02 7.368746399879455566e-02
2.160000000000000000e+02 5.391169711947441101e-02 7.364860922098159790e-02
2.170000000000000000e+02 5.388875678181648254e-02 7.347839325666427612e-02
2.180000000000000000e+02 5.376845598220825195e-02 7.352567464113235474e-02
2.190000000000000000e+02 5.373979359865188599e-02 7.341423630714416504e-02
2.200000000000000000e+02 5.365300923585891724e-02 7.332639396190643311e-02
2.210000000000000000e+02 5.355954542756080627e-02 7.321708649396896362e-02
2.220000000000000000e+02 5.347566306591033936e-02 7.329881936311721802e-02
2.230000000000000000e+02 5.353119596838951111e-02 7.310803234577178955e-02
2.240000000000000000e+02 5.345560610294342041e-02 7.307691127061843872e-02
2.250000000000000000e+02 5.332647636532783508e-02 7.296098768711090088e-02
2.260000000000000000e+02 5.333143100142478943e-02 7.318681478500366211e-02
2.270000000000000000e+02 5.324105173349380493e-02 7.307438552379608154e-02
2.280000000000000000e+02 5.318057909607887268e-02 7.275179773569107056e-02
2.290000000000000000e+02 5.314526334404945374e-02 7.282226532697677612e-02
2.300000000000000000e+02 5.307026207447052002e-02 7.271476089954376221e-02
2.310000000000000000e+02 5.302092432975769043e-02 7.273138314485549927e-02
2.320000000000000000e+02 5.295200273394584656e-02 7.273536920547485352e-02
2.330000000000000000e+02 5.291343480348587036e-02 7.278104871511459351e-02
2.340000000000000000e+02 5.290431529283523560e-02 7.252311706542968750e-02
2.350000000000000000e+02 5.278391391038894653e-02 7.248549163341522217e-02
2.360000000000000000e+02 5.279115587472915649e-02 7.255059480667114258e-02
2.370000000000000000e+02 5.266477912664413452e-02 7.253726571798324585e-02
2.380000000000000000e+02 5.271853879094123840e-02 7.247246801853179932e-02
2.390000000000000000e+02 5.265054851770401001e-02 7.235253602266311646e-02
2.400000000000000000e+02 5.251364782452583313e-02 7.231417298316955566e-02
2.410000000000000000e+02 5.252590402960777283e-02 7.223001867532730103e-02
2.420000000000000000e+02 5.248134955763816833e-02 7.205653935670852661e-02
2.430000000000000000e+02 5.239798873662948608e-02 7.207658141851425171e-02
2.440000000000000000e+02 5.233148857951164246e-02 7.202664762735366821e-02
2.450000000000000000e+02 5.233145505189895630e-02 7.217791676521301270e-02
2.460000000000000000e+02 5.226064473390579224e-02 7.200031727552413940e-02
2.470000000000000000e+02 5.214918404817581177e-02 7.191915810108184814e-02
2.480000000000000000e+02 5.207823216915130615e-02 7.183822244405746460e-02
2.490000000000000000e+02 5.208862945437431335e-02 7.191446423530578613e-02
2.500000000000000000e+02 5.207287892699241638e-02 7.181989401578903198e-02
2.510000000000000000e+02 5.201634019613265991e-02 7.173727452754974365e-02
2.520000000000000000e+02 5.196447297930717468e-02 7.150898128747940063e-02
2.530000000000000000e+02 5.188160389661788940e-02 7.160138338804244995e-02
2.540000000000000000e+02 5.184509605169296265e-02 7.156906276941299438e-02
2.550000000000000000e+02 5.183058977127075195e-02 7.149595022201538086e-02
2.560000000000000000e+02 5.172693729400634766e-02 7.154282182455062866e-02
2.570000000000000000e+02 5.164918303489685059e-02 7.141330838203430176e-02
2.580000000000000000e+02 5.167931318283081055e-02 7.154902070760726929e-02
2.590000000000000000e+02 5.160550400614738464e-02 7.127416878938674927e-02
2.600000000000000000e+02 5.158155411481857300e-02 7.127029448747634888e-02
2.610000000000000000e+02 5.155995488166809082e-02 7.122836261987686157e-02
2.620000000000000000e+02 5.145421251654624939e-02 7.120668888092041016e-02
2.630000000000000000e+02 5.148616805672645569e-02 7.127828150987625122e-02
2.640000000000000000e+02 5.136964097619056702e-02 7.109653204679489136e-02
2.650000000000000000e+02 5.133307725191116333e-02 7.103116065263748169e-02
2.660000000000000000e+02 5.129466205835342407e-02 7.103904336690902710e-02
2.670000000000000000e+02 5.126465857028961182e-02 7.100949436426162720e-02
2.680000000000000000e+02 5.118875205516815186e-02 7.079051434993743896e-02
2.690000000000000000e+02 5.115148052573204041e-02 7.097395509481430054e-02
2.700000000000000000e+02 5.115294456481933594e-02 7.078129053115844727e-02
2.710000000000000000e+02 5.111576616764068604e-02 7.083149254322052002e-02
2.720000000000000000e+02 5.101341381669044495e-02 7.046326249837875366e-02
2.730000000000000000e+02 5.101702362298965454e-02 7.065521925687789917e-02
2.740000000000000000e+02 5.092287808656692505e-02 7.065208256244659424e-02
2.750000000000000000e+02 5.093692243099212646e-02 7.067612558603286743e-02
2.760000000000000000e+02 5.087576061487197876e-02 7.051976025104522705e-02
2.770000000000000000e+02 5.081148818135261536e-02 7.060666382312774658e-02
2.780000000000000000e+02 5.086158588528633118e-02 7.062019407749176025e-02
2.790000000000000000e+02 5.071542039513587952e-02 7.036361843347549438e-02
2.800000000000000000e+02 5.071700364351272583e-02 7.027342915534973145e-02
2.810000000000000000e+02 5.071336403489112854e-02 7.025398313999176025e-02
2.820000000000000000e+02 5.062792822718620300e-02 7.044410705566406250e-02
2.830000000000000000e+02 5.059513449668884277e-02 7.015714049339294434e-02
2.840000000000000000e+02 5.053061991930007935e-02 7.019398361444473267e-02
2.850000000000000000e+02 5.050774291157722473e-02 7.023859769105911255e-02
2.860000000000000000e+02 5.046039819717407227e-02 7.023941725492477417e-02
2.870000000000000000e+02 5.039748176932334900e-02 7.010084390640258789e-02
2.880000000000000000e+02 5.035468190908432007e-02 7.012440264225006104e-02
2.890000000000000000e+02 5.032839998602867126e-02 6.993194669485092163e-02
2.900000000000000000e+02 5.035550519824028015e-02 7.003809511661529541e-02
2.910000000000000000e+02 5.023549869656562805e-02 6.995047628879547119e-02
2.920000000000000000e+02 5.026589334011077881e-02 6.991680711507797241e-02
2.930000000000000000e+02 5.017336457967758179e-02 6.989090889692306519e-02
2.940000000000000000e+02 5.018250271677970886e-02 6.988805532455444336e-02
2.950000000000000000e+02 5.017184838652610779e-02 6.986283510923385620e-02
2.960000000000000000e+02 5.007911100983619690e-02 6.961106508970260620e-02
2.970000000000000000e+02 5.007397010922431946e-02 6.969703733921051025e-02
2.980000000000000000e+02 5.000964924693107605e-02 6.982447952032089233e-02
2.990000000000000000e+02 4.994697496294975281e-02 6.970395147800445557e-02
3.000000000000000000e+02 4.988649860024452209e-02 6.959283351898193359e-02
3.010000000000000000e+02 4.988065361976623535e-02 6.948666274547576904e-02
3.020000000000000000e+02 4.987342283129692078e-02 6.956223398447036743e-02
3.030000000000000000e+02 4.984053969383239746e-02 6.947683542966842651e-02
3.040000000000000000e+02 4.982050880789756775e-02 6.932824105024337769e-02
3.050000000000000000e+02 4.975172877311706543e-02 6.948557496070861816e-02
3.060000000000000000e+02 4.977591335773468018e-02 6.936337798833847046e-02
3.070000000000000000e+02 4.965051636099815369e-02 6.936525553464889526e-02
3.080000000000000000e+02 4.966839402914047241e-02 6.920374184846878052e-02
3.090000000000000000e+02 4.960884153842926025e-02 6.914390623569488525e-02
3.100000000000000000e+02 4.958038777112960815e-02 6.923647969961166382e-02
3.110000000000000000e+02 4.953987151384353638e-02 6.916905939579010010e-02
3.120000000000000000e+02 4.948274791240692139e-02 6.907574832439422607e-02
3.130000000000000000e+02 4.944704473018646240e-02 6.903634965419769287e-02
3.140000000000000000e+02 4.938344657421112061e-02 6.910016387701034546e-02
3.150000000000000000e+02 4.941751807928085327e-02 6.913101673126220703e-02
3.160000000000000000e+02 4.934993758797645569e-02 6.893844157457351685e-02
3.170000000000000000e+02 4.928667098283767700e-02 6.886310875415802002e-02
3.180000000000000000e+02 4.933450371026992798e-02 6.878340989351272583e-02
3.190000000000000000e+02 4.922375455498695374e-02 6.885915994644165039e-02
3.200000000000000000e+02 4.928477853536605835e-02 6.870730966329574585e-02
3.210000000000000000e+02 4.919115453958511353e-02 6.875187158584594727e-02
3.220000000000000000e+02 4.920351132750511169e-02 6.878059357404708862e-02
3.230000000000000000e+02 4.915270581841468811e-02 6.880899518728256226e-02
3.240000000000000000e+02 4.911311715841293335e-02 6.862881779670715332e-02
3.250000000000000000e+02 4.909296706318855286e-02 6.861744821071624756e-02
3.260000000000000000e+02 4.898304492235183716e-02 6.864356249570846558e-02
3.270000000000000000e+02 4.896499961614608765e-02 6.862837076187133789e-02
3.280000000000000000e+02 4.899217933416366577e-02 6.840313971042633057e-02
3.290000000000000000e+02 4.897094517946243286e-02 6.859780102968215942e-02
3.300000000000000000e+02 4.883415251970291138e-02 6.857533752918243408e-02
3.310000000000000000e+02 4.889966920018196106e-02 6.837932765483856201e-02
3.320000000000000000e+02 4.881870374083518982e-02 6.831254810094833374e-02
3.330000000000000000e+02 4.871883988380432129e-02 6.825254857540130615e-02
3.340000000000000000e+02 4.873021692037582397e-02 6.844965368509292603e-02
3.350000000000000000e+02 4.868024587631225586e-02 6.827828288078308105e-02
3.360000000000000000e+02 4.867105931043624878e-02 6.820508092641830444e-02
3.370000000000000000e+02 4.864836856722831726e-02 6.838335841894149780e-02
3.380000000000000000e+02 4.866345226764678955e-02 6.820374727249145508e-02
3.390000000000000000e+02 4.861777275800704956e-02 6.822225451469421387e-02
3.400000000000000000e+02 4.856710135936737061e-02 6.825487315654754639e-02
3.410000000000000000e+02 4.852419719099998474e-02 6.811437010765075684e-02
3.420000000000000000e+02 4.855181649327278137e-02 6.801290065050125122e-02
3.430000000000000000e+02 4.846140742301940918e-02 6.809094548225402832e-02
3.440000000000000000e+02 4.846481978893280029e-02 6.801661849021911621e-02
3.450000000000000000e+02 4.838767647743225098e-02 6.792700290679931641e-02
3.460000000000000000e+02 4.835920780897140503e-02 6.785230338573455811e-02
3.470000000000000000e+02 4.833579808473587036e-02 6.790607422590255737e-02
3.480000000000000000e+02 4.832152649760246277e-02 6.778515130281448364e-02
3.490000000000000000e+02 4.827462881803512573e-02 6.772635132074356079e-02
3.500000000000000000e+02 4.821655154228210449e-02 6.766819953918457031e-02
3.510000000000000000e+02 4.821084067225456238e-02 6.776826828718185425e-02
3.520000000000000000e+02 4.817378148436546326e-02 6.763594597578048706e-02
3.530000000000000000e+02 4.816526547074317932e-02 6.759174913167953491e-02
3.540000000000000000e+02 4.816211760044097900e-02 6.763723492622375488e-02
3.550000000000000000e+02 4.811923578381538391e-02 6.765452027320861816e-02
3.560000000000000000e+02 4.807751998305320740e-02 6.764151901006698608e-02
3.570000000000000000e+02 4.796151444315910339e-02 6.758654862642288208e-02
3.580000000000000000e+02 4.794770851731300354e-02 6.762859970331192017e-02
3.590000000000000000e+02 4.800187796354293823e-02 6.748702377080917358e-02
3.600000000000000000e+02 4.790605977177619934e-02 6.750125437974929810e-02
3.610000000000000000e+02 4.793121293187141418e-02 6.740242242813110352e-02
3.620000000000000000e+02 4.794591292738914490e-02 6.737947463989257812e-02
3.630000000000000000e+02 4.789805039763450623e-02 6.731337308883666992e-02
3.640000000000000000e+02 4.781090468168258667e-02 6.736893206834793091e-02
3.650000000000000000e+02 4.784046486020088196e-02 6.734025478363037109e-02
3.660000000000000000e+02 4.773011431097984314e-02 6.732656806707382202e-02
3.670000000000000000e+02 4.773349687457084656e-02 6.723500788211822510e-02
3.680000000000000000e+02 4.775678366422653198e-02 6.745835393667221069e-02
3.690000000000000000e+02 4.773022234439849854e-02 6.715279817581176758e-02
3.700000000000000000e+02 4.772998765110969543e-02 6.710003316402435303e-02
3.710000000000000000e+02 4.769071564078330994e-02 6.708562374114990234e-02
3.720000000000000000e+02 4.764533415436744690e-02 6.708361953496932983e-02
3.730000000000000000e+02 4.748675599694252014e-02 6.705684959888458252e-02
3.740000000000000000e+02 4.756768420338630676e-02 6.702318787574768066e-02
3.750000000000000000e+02 4.754414781928062439e-02 6.699297577142715454e-02
3.760000000000000000e+02 4.746567830443382263e-02 6.707929819822311401e-02
3.770000000000000000e+02 4.743549227714538574e-02 6.708376109600067139e-02
3.780000000000000000e+02 4.749253019690513611e-02 6.684370338916778564e-02
3.790000000000000000e+02 4.748154804110527039e-02 6.684433668851852417e-02
3.800000000000000000e+02 4.739372804760932922e-02 6.690674275159835815e-02
3.810000000000000000e+02 4.737943038344383240e-02 6.682938337326049805e-02
3.820000000000000000e+02 4.741772636771202087e-02 6.677851080894470215e-02
3.830000000000000000e+02 4.738061130046844482e-02 6.681962311267852783e-02
3.840000000000000000e+02 4.731010645627975464e-02 6.652919948101043701e-02
3.850000000000000000e+02 4.729759320616722107e-02 6.667492538690567017e-02
3.860000000000000000e+02 4.734056815505027771e-02 6.651406735181808472e-02
3.870000000000000000e+02 4.724710807204246521e-02 6.668345630168914795e-02
3.880000000000000000e+02 4.724549874663352966e-02 6.664025783538818359e-02
3.890000000000000000e+02 4.720433428883552551e-02 6.676197797060012817e-02
3.900000000000000000e+02 4.716424271464347839e-02 6.658415496349334717e-02
3.910000000000000000e+02 4.715102165937423706e-02 6.663083285093307495e-02
3.920000000000000000e+02 4.714186117053031921e-02 6.648330390453338623e-02
3.930000000000000000e+02 4.713567346334457397e-02 6.649889796972274780e-02
3.940000000000000000e+02 4.701774567365646362e-02 6.632712483406066895e-02
3.950000000000000000e+02 4.698609560728073120e-02 6.637830287218093872e-02
3.960000000000000000e+02 4.693476855754852295e-02 6.636004149913787842e-02
3.970000000000000000e+02 4.696125164628028870e-02 6.635928899049758911e-02
3.980000000000000000e+02 4.695122316479682922e-02 6.630901992321014404e-02
3.990000000000000000e+02 4.694676026701927185e-02 6.623797118663787842e-02
4.000000000000000000e+02 4.696061834692955017e-02 6.609759479761123657e-02
4.010000000000000000e+02 4.692197218537330627e-02 6.623588502407073975e-02
4.020000000000000000e+02 4.686244949698448181e-02 6.631066650152206421e-02
4.030000000000000000e+02 4.681108146905899048e-02 6.634512543678283691e-02
4.040000000000000000e+02 4.682260379195213318e-02 6.626432389020919800e-02
4.050000000000000000e+02 4.684297740459442139e-02 6.615359336137771606e-02
4.060000000000000000e+02 4.675728455185890198e-02 6.621444225311279297e-02
4.070000000000000000e+02 4.672582820057868958e-02 6.614121049642562866e-02
4.080000000000000000e+02 4.673010110855102539e-02 6.607009470462799072e-02
4.090000000000000000e+02 4.666700214147567749e-02 6.608946621417999268e-02
4.100000000000000000e+02 4.662274569272994995e-02 6.597772240638732910e-02
4.110000000000000000e+02 4.665029048919677734e-02 6.595215201377868652e-02
4.120000000000000000e+02 4.670539498329162598e-02 6.587083637714385986e-02
4.130000000000000000e+02 4.657053947448730469e-02 6.597120314836502075e-02
4.140000000000000000e+02 4.658603668212890625e-02 6.591705977916717529e-02
4.150000000000000000e+02 4.655705392360687256e-02 6.584498286247253418e-02
4.160000000000000000e+02 4.651723057031631470e-02 6.576182693243026733e-02
4.170000000000000000e+02 4.651830717921257019e-02 6.592982262372970581e-02
4.180000000000000000e+02 4.645961523056030273e-02 6.590034067630767822e-02
4.190000000000000000e+02 4.649385064840316772e-02 6.581877171993255615e-02
4.200000000000000000e+02 4.644438251852989197e-02 6.578972190618515015e-02
4.210000000000000000e+02 4.639110341668128967e-02 6.563993543386459351e-02
4.220000000000000000e+02 4.637905582785606384e-02 6.567956507205963135e-02
4.230000000000000000e+02 4.629813507199287415e-02 6.558385491371154785e-02
4.240000000000000000e+02 4.629288241267204285e-02 6.573244184255599976e-02
4.250000000000000000e+02 4.631563648581504822e-02 6.567252427339553833e-02
4.260000000000000000e+02 4.626421630382537842e-02 6.550718843936920166e-02
4.270000000000000000e+02 4.625859484076499939e-02 6.567985564470291138e-02
4.280000000000000000e+02 4.621044173836708069e-02 6.562917679548263550e-02
4.290000000000000000e+02 4.619504138827323914e-02 6.557784229516983032e-02
4.300000000000000000e+02 4.617276787757873535e-02 6.559007614850997925e-02
4.310000000000000000e+02 4.610060527920722961e-02 6.556258350610733032e-02
4.320000000000000000e+02 4.609723016619682312e-02 6.539013981819152832e-02
4.330000000000000000e+02 4.610090330243110657e-02 6.540725380182266235e-02
4.340000000000000000e+02 4.606528580188751221e-02 6.557101011276245117e-02
4.350000000000000000e+02 4.612735658884048462e-02 6.551968306303024292e-02
4.360000000000000000e+02 4.607302695512771606e-02 6.529224663972854614e-02
4.370000000000000000e+02 4.602195695042610168e-02 6.549334526062011719e-02
4.380000000000000000e+02 4.594396799802780151e-02 6.532215327024459839e-02
4.390000000000000000e+02 4.601084068417549133e-02 6.527544558048248291e-02
4.400000000000000000e+02 4.594405367970466614e-02 6.527756154537200928e-02
4.410000000000000000e+02 4.592564329504966736e-02 6.531946361064910889e-02
4.420000000000000000e+02 4.590455442667007446e-02 6.511311233043670654e-02
4.430000000000000000e+02 4.586691409349441528e-02 6.497401744127273560e-02
4.440000000000000000e+02 4.583692550659179688e-02 6.513165682554244995e-02
4.450000000000000000e+02 4.586429893970489502e-02 6.511507928371429443e-02
4.460000000000000000e+02 4.585511982440948486e-02 6.509111076593399048e-02
4.470000000000000000e+02 4.583535715937614441e-02 6.503605097532272339e-02
4.480000000000000000e+02 4.578481987118721008e-02 6.509190797805786133e-02
4.490000000000000000e+02 4.574292898178100586e-02 6.509501487016677856e-02
4.500000000000000000e+02 4.574667289853096008e-02 6.502771377563476562e-02
4.510000000000000000e+02 4.576357826590538025e-02 6.508242338895797729e-02
4.520000000000000000e+02 4.569325596094131470e-02 6.496862322092056274e-02
4.530000000000000000e+02 4.568601772189140320e-02 6.507407128810882568e-02
4.540000000000000000e+02 4.568111896514892578e-02 6.480589509010314941e-02
4.550000000000000000e+02 4.565225914120674133e-02 6.500207632780075073e-02
4.560000000000000000e+02 4.563403502106666565e-02 6.495653092861175537e-02
4.570000000000000000e+02 4.559157416224479675e-02 6.487861275672912598e-02
4.580000000000000000e+02 4.555244743824005127e-02 6.472061574459075928e-02
4.590000000000000000e+02 4.560234397649765015e-02 6.486609578132629395e-02
4.600000000000000000e+02 4.555049166083335876e-02 6.484038382768630981e-02
4.610000000000000000e+02 4.546816647052764893e-02 6.480373442173004150e-02
4.620000000000000000e+02 4.551543295383453369e-02 6.475965678691864014e-02
4.630000000000000000e+02 4.549945890903472900e-02 6.471684575080871582e-02
4.640000000000000000e+02 4.546912759542465210e-02 6.486181914806365967e-02
4.650000000000000000e+02 4.542446509003639221e-02 6.475051492452621460e-02
4.660000000000000000e+02 4.538546875119209290e-02 6.474203616380691528e-02
4.670000000000000000e+02 4.542221873998641968e-02 6.471674889326095581e-02
4.680000000000000000e+02 4.539328813552856445e-02 6.456736475229263306e-02
4.690000000000000000e+02 4.533663392066955566e-02 6.476730108261108398e-02
4.700000000000000000e+02 4.538889974355697632e-02 6.469947844743728638e-02
4.710000000000000000e+02 4.533016681671142578e-02 6.456936150789260864e-02
4.720000000000000000e+02 4.532982781529426575e-02 6.465261429548263550e-02
4.730000000000000000e+02 4.526381567120552063e-02 6.468090415000915527e-02
4.740000000000000000e+02 4.523213952779769897e-02 6.450990587472915649e-02
4.750000000000000000e+02 4.522364214062690735e-02 6.460250914096832275e-02
4.760000000000000000e+02 4.518324136734008789e-02 6.447586417198181152e-02
4.770000000000000000e+02 4.517308995127677917e-02 6.434564292430877686e-02
4.780000000000000000e+02 4.522288218140602112e-02 6.452472507953643799e-02
4.790000000000000000e+02 4.514022916555404663e-02 6.453254818916320801e-02
4.800000000000000000e+02 4.514659568667411804e-02 6.432116031646728516e-02
4.810000000000000000e+02 4.508819803595542908e-02 6.437856703996658325e-02
4.820000000000000000e+02 4.504174739122390747e-02 6.453606486320495605e-02
4.830000000000000000e+02 4.504038020968437195e-02 6.425336003303527832e-02
4.840000000000000000e+02 4.503494873642921448e-02 6.421598792076110840e-02
4.850000000000000000e+02 4.496661946177482605e-02 6.427079439163208008e-02
4.860000000000000000e+02 4.497945308685302734e-02 6.439657509326934814e-02
4.870000000000000000e+02 4.497931152582168579e-02 6.435935944318771362e-02
4.880000000000000000e+02 4.495521634817123413e-02 6.405219435691833496e-02
4.890000000000000000e+02 4.496921971440315247e-02 6.425388902425765991e-02
4.900000000000000000e+02 4.486255347728729248e-02 6.425037235021591187e-02
4.910000000000000000e+02 4.483357071876525879e-02 6.425764411687850952e-02
4.920000000000000000e+02 4.487242922186851501e-02 6.402988731861114502e-02
4.930000000000000000e+02 4.485043138265609741e-02 6.415586173534393311e-02
4.940000000000000000e+02 4.481043294072151184e-02 6.410659104585647583e-02
4.950000000000000000e+02 4.482401534914970398e-02 6.417725980281829834e-02
4.960000000000000000e+02 4.481744393706321716e-02 6.403860449790954590e-02
4.970000000000000000e+02 4.473629221320152283e-02 6.412373483180999756e-02
4.980000000000000000e+02 4.475456848740577698e-02 6.392797827720642090e-02
4.990000000000000000e+02 4.479592293500900269e-02 6.411356478929519653e-02
5.000000000000000000e+02 4.465798288583755493e-02 6.387563049793243408e-02
5.010000000000000000e+02 4.470596089959144592e-02 6.402370333671569824e-02
5.020000000000000000e+02 4.467006772756576538e-02 6.405594944953918457e-02
5.030000000000000000e+02 4.460844025015830994e-02 6.395924091339111328e-02
5.040000000000000000e+02 4.467404633760452271e-02 6.389634311199188232e-02
5.050000000000000000e+02 4.461642354726791382e-02 6.385543942451477051e-02
5.060000000000000000e+02 4.460689797997474670e-02 6.393453478813171387e-02
5.070000000000000000e+02 4.454677924513816833e-02 6.391087919473648071e-02
5.080000000000000000e+02 4.449804872274398804e-02 6.392371654510498047e-02
5.090000000000000000e+02 4.448113217949867249e-02 6.379766762256622314e-02
5.100000000000000000e+02 4.450492560863494873e-02 6.386038661003112793e-02
5.110000000000000000e+02 4.444656521081924438e-02 6.386460363864898682e-02
5.120000000000000000e+02 4.441320151090621948e-02 6.378817558288574219e-02
5.130000000000000000e+02 4.444137960672378540e-02 6.369131803512573242e-02
5.140000000000000000e+02 4.443145170807838440e-02 6.377851963043212891e-02
5.150000000000000000e+02 4.443483799695968628e-02 6.370873749256134033e-02
5.160000000000000000e+02 4.444893822073936462e-02 6.370206922292709351e-02
5.170000000000000000e+02 4.441055282950401306e-02 6.378872692584991455e-02
5.180000000000000000e+02 4.431734606623649597e-02 6.358536332845687866e-02
5.190000000000000000e+02 4.429898411035537720e-02 6.369314342737197876e-02
5.200000000000000000e+02 4.428676515817642212e-02 6.372337788343429565e-02
5.210000000000000000e+02 4.427719116210937500e-02 6.367047131061553955e-02
5.220000000000000000e+02 4.426373541355133057e-02 6.349747627973556519e-02
5.230000000000000000e+02 4.421650618314743042e-02 6.351028382778167725e-02
5.240000000000000000e+02 4.420377314090728760e-02 6.361535936594009399e-02
5.250000000000000000e+02 4.423754289746284485e-02 6.349769234657287598e-02
5.260000000000000000e+02 4.419685527682304382e-02 6.350717693567276001e-02
5.270000000000000000e+02 4.423991963267326355e-02 6.351066380739212036e-02
5.280000000000000000e+02 4.415132850408554077e-02 6.351834535598754883e-02
5.290000000000000000e+02 4.418331384658813477e-02 6.343422085046768188e-02
5.300000000000000000e+02 4.417170211672782898e-02 6.325989961624145508e-02
5.310000000000000000e+02 4.408662393689155579e-02 6.348651647567749023e-02
5.320000000000000000e+02 4.407315701246261597e-02 6.327135860919952393e-02
5.330000000000000000e+02 4.404243454337120056e-02 6.333312392234802246e-02
5.340000000000000000e+02 4.400587826967239380e-02 6.336348503828048706e-02
5.350000000000000000e+02 4.401387646794319153e-02 6.341602653264999390e-02
5.360000000000000000e+02 4.401423782110214233e-02 6.346677988767623901e-02
5.370000000000000000e+02 4.399529471993446350e-02 6.355425715446472168e-02
5.380000000000000000e+02 4.394612461328506470e-02 6.340376287698745728e-02
5.390000000000000000e+02 4.395637288689613342e-02 6.328705698251724243e-02
5.400000000000000000e+02 4.394836351275444031e-02 6.324320286512374878e-02
5.410000000000000000e+02 4.387321695685386658e-02 6.339851766824722290e-02
5.420000000000000000e+02 4.384993016719818115e-02 6.334210187196731567e-02
5.430000000000000000e+02 4.392317309975624084e-02 6.328421086072921753e-02
5.440000000000000000e+02 4.383124411106109619e-02 6.321749091148376465e-02
5.450000000000000000e+02 4.381895810365676880e-02 6.325846910476684570e-02
5.460000000000000000e+02 4.378728568553924561e-02 6.325469166040420532e-02
5.470000000000000000e+02 4.381019994616508484e-02 6.316268444061279297e-02
5.480000000000000000e+02 4.376670718193054199e-02 6.307407468557357788e-02
5.490000000000000000e+02 4.373007640242576599e-02 6.328000128269195557e-02
5.500000000000000000e+02 4.373192414641380310e-02 6.317834556102752686e-02
5.510000000000000000e+02 4.371878877282142639e-02 6.315691024065017700e-02
5.520000000000000000e+02 4.365610703825950623e-02 6.314221024513244629e-02
5.530000000000000000e+02 4.362459480762481689e-02 6.312379240989685059e-02
5.540000000000000000e+02 4.368301853537559509e-02 6.311298161745071411e-02
5.550000000000000000e+02 4.366412758827209473e-02 6.293742358684539795e-02
5.560000000000000000e+02 4.366045445203781128e-02 6.308148801326751709e-02
5.570000000000000000e+02 4.358795657753944397e-02 6.312550604343414307e-02
5.580000000000000000e+02 4.358240962028503418e-02 6.321342289447784424e-02
5.590000000000000000e+02 4.355262592434883118e-02 6.296504288911819458e-02
5.600000000000000000e+02 4.358913376927375793e-02 6.287516653537750244e-02
5.610000000000000000e+02 4.354732483625411987e-02 6.291391700506210327e-02
5.620000000000000000e+02 4.348916187882423401e-02 6.307175755500793457e-02
5.630000000000000000e+02 4.351683333516120911e-02 6.300312280654907227e-02
5.640000000000000000e+02 4.345462843775749207e-02 6.285879760980606079e-02
5.650000000000000000e+02 4.348289594054222107e-02 6.300258636474609375e-02
5.660000000000000000e+02 4.345100000500679016e-02 6.286489218473434448e-02
5.670000000000000000e+02 4.343371093273162842e-02 6.288531422615051270e-02
5.680000000000000000e+02 4.345316067337989807e-02 6.283993273973464966e-02
5.690000000000000000e+02 4.335407167673110962e-02 6.284924596548080444e-02
5.700000000000000000e+02 4.339298978447914124e-02 6.290630251169204712e-02
5.710000000000000000e+02 4.332352429628372192e-02 6.274430453777313232e-02
5.720000000000000000e+02 4.336847364902496338e-02 6.277926266193389893e-02
5.730000000000000000e+02 4.332771152257919312e-02 6.285364925861358643e-02
5.740000000000000000e+02 4.328694567084312439e-02 6.271702051162719727e-02
5.750000000000000000e+02 4.326219484210014343e-02 6.272419542074203491e-02
5.760000000000000000e+02 4.328861087560653687e-02 6.270050257444381714e-02
5.770000000000000000e+02 4.331707209348678589e-02 6.261916458606719971e-02
5.780000000000000000e+02 4.320248961448669434e-02 6.253355741500854492e-02
5.790000000000000000e+02 4.324302077293395996e-02 6.274245679378509521e-02
5.800000000000000000e+02 4.318108037114143372e-02 6.251331418752670288e-02
5.810000000000000000e+02 4.318253323435783386e-02 6.270594894886016846e-02
5.820000000000000000e+02 4.318955913186073303e-02 6.255707889795303345e-02
5.830000000000000000e+02 4.314029961824417114e-02 6.275085359811782837e-02
5.840000000000000000e+02 4.307549819350242615e-02 6.255121529102325439e-02
5.850000000000000000e+02 4.311386495828628540e-02 6.261862814426422119e-02
5.860000000000000000e+02 4.310642182826995850e-02 6.263963133096694946e-02
5.870000000000000000e+02 4.308258742094039917e-02 6.260857731103897095e-02
5.880000000000000000e+02 4.308419302105903625e-02 6.243745237588882446e-02
5.890000000000000000e+02 4.306647554039955139e-02 6.249791011214256287e-02
5.900000000000000000e+02 4.303441196680068970e-02 6.278735399246215820e-02
5.910000000000000000e+02 4.300435259938240051e-02 6.248334795236587524e-02
5.920000000000000000e+02 4.305972531437873840e-02 6.246406584978103638e-02
5.930000000000000000e+02 4.295208305120468140e-02 6.245624274015426636e-02
5.940000000000000000e+02 4.291262850165367126e-02 6.236634403467178345e-02
5.950000000000000000e+02 4.292390495538711548e-02 6.251192092895507812e-02
5.960000000000000000e+02 4.295028746128082275e-02 6.245899200439453125e-02
5.970000000000000000e+02 4.291006177663803101e-02 6.239331513643264771e-02
5.980000000000000000e+02 4.290456324815750122e-02 6.229375302791595459e-02
5.990000000000000000e+02 4.289473220705986023e-02 6.246916949748992920e-02
6.000000000000000000e+02 4.287711158394813538e-02 6.237649545073509216e-02
6.010000000000000000e+02 4.287124797701835632e-02 6.254637241363525391e-02
6.020000000000000000e+02 4.292069002985954285e-02 6.223880872130393982e-02
6.030000000000000000e+02 4.280404746532440186e-02 6.235299631953239441e-02
6.040000000000000000e+02 4.285113140940666199e-02 6.240519508719444275e-02
6.050000000000000000e+02 4.277429357171058655e-02 6.229211762547492981e-02
6.060000000000000000e+02 4.277186840772628784e-02 6.232095882296562195e-02
6.070000000000000000e+02 4.271547123789787292e-02 6.230642274022102356e-02
6.080000000000000000e+02 4.274621978402137756e-02 6.230577826499938965e-02
6.090000000000000000e+02 4.274205118417739868e-02 6.212409585714340210e-02
6.100000000000000000e+02 4.270049184560775757e-02 6.216989457607269287e-02
6.110000000000000000e+02 4.270575940608978271e-02 6.210823729634284973e-02
6.120000000000000000e+02 4.266836494207382202e-02 6.216762214899063110e-02
6.130000000000000000e+02 4.265347868204116821e-02 6.217055767774581909e-02
6.140000000000000000e+02 4.262491315603256226e-02 6.213556602597236633e-02
6.150000000000000000e+02 4.265171661972999573e-02 6.215004250407218933e-02
6.160000000000000000e+02 4.259347170591354370e-02 6.206566840410232544e-02
6.170000000000000000e+02 4.259835928678512573e-02 6.215884536504745483e-02
6.180000000000000000e+02 4.259436950087547302e-02 6.219437718391418457e-02
6.190000000000000000e+02 4.253512248396873474e-02 6.212499737739562988e-02
6.200000000000000000e+02 4.259275645017623901e-02 6.207254156470298767e-02
6.210000000000000000e+02 4.260034859180450439e-02 6.196036934852600098e-02
6.220000000000000000e+02 4.252745583653450012e-02 6.190509349107742310e-02
6.230000000000000000e+02 4.256425797939300537e-02 6.197113543748855591e-02
6.240000000000000000e+02 4.252630472183227539e-02 6.185403466224670410e-02
6.250000000000000000e+02 4.250745475292205811e-02 6.192006915807723999e-02
6.260000000000000000e+02 4.248567298054695129e-02 6.209702417254447937e-02
6.270000000000000000e+02 4.243558272719383240e-02 6.199340894818305969e-02
6.280000000000000000e+02 4.243692383170127869e-02 6.183309480547904968e-02
6.290000000000000000e+02 4.241470620036125183e-02 6.195846945047378540e-02
6.300000000000000000e+02 4.245266318321228027e-02 6.188884377479553223e-02
6.310000000000000000e+02 4.241748899221420288e-02 6.188553944230079651e-02
6.320000000000000000e+02 4.241880401968955994e-02 6.187967583537101746e-02
6.330000000000000000e+02 4.241672530770301819e-02 6.188943609595298767e-02
6.340000000000000000e+02 4.236340522766113281e-02 6.178832426667213440e-02
6.350000000000000000e+02 4.231490939855575562e-02 6.163029000163078308e-02
6.360000000000000000e+02 4.229719191789627075e-02 6.186683475971221924e-02
6.370000000000000000e+02 4.229551181197166443e-02 6.180594488978385925e-02
6.380000000000000000e+02 4.227620735764503479e-02 6.186217442154884338e-02
6.390000000000000000e+02 4.227657988667488098e-02 6.184230744838714600e-02
6.400000000000000000e+02 4.226046055555343628e-02 6.161705777049064636e-02
6.410000000000000000e+02 4.224824905395507812e-02 6.170971319079399109e-02
6.420000000000000000e+02 4.223133623600006104e-02 6.180907040834426880e-02
6.430000000000000000e+02 4.222196713089942932e-02 6.181848794221878052e-02
6.440000000000000000e+02 4.217652231454849243e-02 6.187220662832260132e-02
6.450000000000000000e+02 4.218793287873268127e-02 6.157042458653450012e-02
6.460000000000000000e+02 4.219601675868034363e-02 6.164891645312309265e-02
6.470000000000000000e+02 4.216230288147926331e-02 6.160286068916320801e-02
6.480000000000000000e+02 4.214921966195106506e-02 6.173060461878776550e-02
6.490000000000000000e+02 4.214045405387878418e-02 6.158918514847755432e-02
6.500000000000000000e+02 4.216588661074638367e-02 6.151450425386428833e-02
6.510000000000000000e+02 4.214671999216079712e-02 6.162574514746665955e-02
6.520000000000000000e+02 4.209241271018981934e-02 6.171176210045814514e-02
6.530000000000000000e+02 4.208615049719810486e-02 6.160992756485939026e-02
6.540000000000000000e+02 4.205406457185745239e-02 6.161684915423393250e-02
6.550000000000000000e+02 4.203363135457038879e-02 6.157197430729866028e-02
6.560000000000000000e+02 4.201430827379226685e-02 6.142133101820945740e-02
6.570000000000000000e+02 4.204761609435081482e-02 6.139301881194114685e-02
6.580000000000000000e+02 4.203041642904281616e-02 6.167417019605636597e-02
6.590000000000000000e+02 4.203841462731361389e-02 6.137596443295478821e-02
6.600000000000000000e+02 4.201368615031242371e-02 6.157251447439193726e-02
6.610000000000000000e+02 4.197530820965766907e-02 6.148827821016311646e-02
6.620000000000000000e+02 4.196612164378166199e-02 6.130228936672210693e-02
6.630000000000000000e+02 4.192018136382102966e-02 6.134391576051712036e-02
6.640000000000000000e+02 4.189176112413406372e-02 6.139049679040908813e-02
6.650000000000000000e+02 4.186427593231201172e-02 6.134518980979919434e-02
6.660000000000000000e+02 4.186517372727394104e-02 6.123213842511177063e-02
6.670000000000000000e+02 4.184671118855476379e-02 6.126655265688896179e-02
6.680000000000000000e+02 4.187662154436111450e-02 6.140554696321487427e-02
6.690000000000000000e+02 4.181582853198051453e-02 6.130297109484672546e-02
6.700000000000000000e+02 4.182340204715728760e-02 6.120755523443222046e-02
6.710000000000000000e+02 4.179670289158821106e-02 6.130563095211982727e-02
6.720000000000000000e+02 4.178618267178535461e-02 6.128518283367156982e-02
6.730000000000000000e+02 4.178268834948539734e-02 6.127774715423583984e-02
6.740000000000000000e+02 4.181374236941337585e-02 6.123826652765274048e-02
6.750000000000000000e+02 4.176227748394012451e-02 6.113012880086898804e-02
6.760000000000000000e+02 4.172352701425552368e-02 6.106279045343399048e-02
6.770000000000000000e+02 4.173509031534194946e-02 6.109337508678436279e-02
6.780000000000000000e+02 4.171089455485343933e-02 6.115735322237014771e-02
6.790000000000000000e+02 4.166624695062637329e-02 6.112887710332870483e-02
6.800000000000000000e+02 4.170114174485206604e-02 6.110050901770591736e-02
6.810000000000000000e+02 4.170772805809974670e-02 6.120458617806434631e-02
6.820000000000000000e+02 4.166708514094352722e-02 6.111640483140945435e-02
6.830000000000000000e+02 4.167789220809936523e-02 6.100128963589668274e-02
6.840000000000000000e+02 4.169023782014846802e-02 6.114173308014869690e-02
6.850000000000000000e+02 4.163941368460655212e-02 6.098048761487007141e-02
6.860000000000000000e+02 4.167058318853378296e-02 6.101297587156295776e-02
6.870000000000000000e+02 4.154703021049499512e-02 6.099127605557441711e-02
6.880000000000000000e+02 4.159018397331237793e-02 6.106668710708618164e-02
6.890000000000000000e+02 4.155806824564933777e-02 6.101445853710174561e-02
6.900000000000000000e+02 4.160241037607192993e-02 6.102059036493301392e-02
6.910000000000000000e+02 4.149083793163299561e-02 6.091255322098731995e-02
6.920000000000000000e+02 4.150186479091644287e-02 6.089701130986213684e-02
6.930000000000000000e+02 4.151568934321403503e-02 6.098981946706771851e-02
6.940000000000000000e+02 4.150687530636787415e-02 6.090772897005081177e-02
6.950000000000000000e+02 4.153435304760932922e-02 6.095356121659278870e-02
6.960000000000000000e+02 4.150730744004249573e-02 6.093097478151321411e-02
6.970000000000000000e+02 4.146122187376022339e-02 6.074728071689605713e-02
6.980000000000000000e+02 4.145425558090209961e-02 6.079158931970596313e-02
6.990000000000000000e+02 4.149288684129714966e-02 6.082989647984504700e-02
7.000000000000000000e+02 4.141159355640411377e-02 6.086644902825355530e-02
7.010000000000000000e+02 4.142549261450767517e-02 6.081124022603034973e-02
7.020000000000000000e+02 4.137970134615898132e-02 6.077320873737335205e-02
7.030000000000000000e+02 4.141838476061820984e-02 6.075790897011756897e-02
7.040000000000000000e+02 4.139636456966400146e-02 6.081192940473556519e-02
7.050000000000000000e+02 4.137635231018066406e-02 6.084509193897247314e-02
7.060000000000000000e+02 4.142113029956817627e-02 6.065834313631057739e-02
7.070000000000000000e+02 4.134845733642578125e-02 6.059003993868827820e-02
7.080000000000000000e+02 4.136947914958000183e-02 6.075691804289817810e-02
7.090000000000000000e+02 4.135329648852348328e-02 6.060423702001571655e-02
7.100000000000000000e+02 4.133500903844833374e-02 6.050420552492141724e-02
7.110000000000000000e+02 4.130005836486816406e-02 6.072164699435234070e-02
7.120000000000000000e+02 4.127847775816917419e-02 6.061549112200737000e-02
7.130000000000000000e+02 4.124158993363380432e-02 6.063320860266685486e-02
7.140000000000000000e+02 4.124402254819869995e-02 6.072063371539115906e-02
7.150000000000000000e+02 4.124233499169349670e-02 6.051043048501014709e-02
7.160000000000000000e+02 4.121930524706840515e-02 6.068473681807518005e-02
7.170000000000000000e+02 4.123943671584129333e-02 6.058243289589881897e-02
7.180000000000000000e+02 4.122209176421165466e-02 6.060669571161270142e-02
7.190000000000000000e+02 4.119879007339477539e-02 6.063819304108619690e-02
