0.000000000000000000e+00 1.141415238380432129e-01 1.338279396295547485e-01
1.000000000000000000e+00 1.140517592430114746e-01 1.337775737047195435e-01
2.000000000000000000e+00 1.139645203948020935e-01 1.336923539638519287e-01
3.000000000000000000e+00 1.138760969042778015e-01 1.336150020360946655e-01
4.000000000000000000e+00 1.137901172041893005e-01 1.335412263870239258e-01
5.000000000000000000e+00 1.137004345655441284e-01 1.334707140922546387e-01
6.000000000000000000e+00 1.136138960719108582e-01 1.334045082330703735e-01
7.000000000000000000e+00 1.135304942727088928e-01 1.333106011152267456e-01
8.000000000000000000e+00 1.134416460990905762e-01 1.332384794950485229e-01
9.000000000000000000e+00 1.133528649806976318e-01 1.331575214862823486e-01
1.000000000000000000e+01 1.132778003811836243e-01 1.331156641244888306e-01
1.100000000000000000e+01 1.131924539804458618e-01 1.330071389675140381e-01
1.200000000000000000e+01 1.131015196442604065e-01 1.329410225152969360e-01
1.300000000000000000e+01 1.130245551466941833e-01 1.328944563865661621e-01
1.400000000000000000e+01 1.129419878125190735e-01 1.328044533729553223e-01
1.500000000000000000e+01 1.128562837839126587e-01 1.327277272939682007e-01
1.600000000000000000e+01 1.127799004316329956e-01 1.326590329408645630e-01
1.700000000000000000e+01 1.127016693353652954e-01 1.326144039630889893e-01
1.800000000000000000e+01 1.126235872507095337e-01 1.325168013572692871e-01
1.900000000000000000e+01 1.125383451581001282e-01 1.324724406003952026e-01
2.000000000000000000e+01 1.124587953090667725e-01 1.323954761028289795e-01
2.100000000000000000e+01 1.123838424682617188e-01 1.323286592960357666e-01
2.200000000000000000e+01 1.123015880584716797e-01 1.322725862264633179e-01
2.300000000000000000e+01 1.122263893485069275e-01 1.322092711925506592e-01
2.400000000000000000e+01 1.121487990021705627e-01 1.321315169334411621e-01
2.500000000000000000e+01 1.120698601007461548e-01 1.320735812187194824e-01
2.600000000000000000e+01 1.119949296116828918e-01 1.320072859525680542e-01
2.700000000000000000e+01 1.119227632880210876e-01 1.319511532783508301e-01
2.800000000000000000e+01 1.118505075573921204e-01 1.318929046392440796e-01
2.900000000000000000e+01 1.117724627256393433e-01 1.318257302045822144e-01
3.000000000000000000e+01 1.116985306143760681e-01 1.317529380321502686e-01
3.100000000000000000e+01 1.116210222244262695e-01 1.316964477300643921e-01
3.200000000000000000e+01 1.115464642643928528e-01 1.316550374031066895e-01
3.300000000000000000e+01 1.114795356988906860e-01 1.315987706184387207e-01
3.400000000000000000e+01 1.114051192998886108e-01 1.315310746431350708e-01
3.500000000000000000e+01 1.113311424851417542e-01 1.314682215452194214e-01
3.600000000000000000e+01 1.112571135163307190e-01 1.313986480236053467e-01
3.700000000000000000e+01 1.111877635121345520e-01 1.313491910696029663e-01
3.800000000000000000e+01 1.111140102148056030e-01 1.312777251005172729e-01
3.900000000000000000e+01 1.110414788126945496e-01 1.312320828437805176e-01
4.000000000000000000e+01 1.109745800495147705e-01 1.311820894479751587e-01
4.100000000000000000e+01 1.109001338481903076e-01 1.311118453741073608e-01
4.200000000000000000e+01 1.108310297131538391e-01 1.310625672340393066e-01
4.300000000000000000e+01 1.107537671923637390e-01 1.310097873210906982e-01
4.400000000000000000e+01 1.106868311762809753e-01 1.309298276901245117e-01
4.500000000000000000e+01 1.106213778257369995e-01 1.308792978525161743e-01
4.600000000000000000e+01 1.105498969554901123e-01 1.308037489652633667e-01
4.700000000000000000e+01 1.104765981435775757e-01 1.307633817195892334e-01
4.800000000000000000e+01 1.104076653718948364e-01 1.307114511728286743e-01
4.900000000000000000e+01 1.103406846523284912e-01 1.306498944759368896e-01
5.000000000000000000e+01 1.102734729647636414e-01 1.305936127901077271e-01
5.100000000000000000e+01 1.101950630545616150e-01 1.305498033761978149e-01
5.200000000000000000e+01 1.101275533437728882e-01 1.304896026849746704e-01
5.300000000000000000e+01 1.100600436329841614e-01 1.304288506507873535e-01
5.400000000000000000e+01 1.099905967712402344e-01 1.303744018077850342e-01
5.500000000000000000e+01 1.099245622754096985e-01 1.303215026855468750e-01
5.600000000000000000e+01 1.098531857132911682e-01 1.302625685930252075e-01
5.700000000000000000e+01 1.097879260778427124e-01 1.302134096622467041e-01
5.800000000000000000e+01 1.097146570682525635e-01 1.301572173833847046e-01
5.900000000000000000e+01 1.096457317471504211e-01 1.300813257694244385e-01
6.000000000000000000e+01 1.095791757106781006e-01 1.300562024116516113e-01
6.100000000000000000e+01 1.095111370086669922e-01 1.299972981214523315e-01
6.200000000000000000e+01 1.094413697719573975e-01 1.299431473016738892e-01
6.300000000000000000e+01 1.093735545873641968e-01 1.298757344484329224e-01
6.400000000000000000e+01 1.092991456389427185e-01 1.298189759254455566e-01
6.500000000000000000e+01 1.092349812388420105e-01 1.297775655984878540e-01
6.600000000000000000e+01 1.091640815138816833e-01 1.297320723533630371e-01
6.700000000000000000e+01 1.090967208147048950e-01 1.296615451574325562e-01
6.800000000000000000e+01 1.090308725833892822e-01 1.296141147613525391e-01
6.900000000000000000e+01 1.089598163962364197e-01 1.295603066682815552e-01
7.000000000000000000e+01 1.088898256421089172e-01 1.294840723276138306e-01
7.100000000000000000e+01 1.088188067078590393e-01 1.294515281915664673e-01
7.200000000000000000e+01 1.087508201599121094e-01 1.294119358062744141e-01
7.300000000000000000e+01 1.086763963103294373e-01 1.293304115533828735e-01
7.400000000000000000e+01 1.086122617125511169e-01 1.292943358421325684e-01
7.500000000000000000e+01 1.085441112518310547e-01 1.292394846677780151e-01
7.600000000000000000e+01 1.084707379341125488e-01 1.291548907756805420e-01
7.700000000000000000e+01 1.084032282233238220e-01 1.291252970695495605e-01
7.800000000000000000e+01 1.083385646343231201e-01 1.290472298860549927e-01
7.900000000000000000e+01 1.082717999815940857e-01 1.290140897035598755e-01
8.000000000000000000e+01 1.081988662481307983e-01 1.289630085229873657e-01
8.100000000000000000e+01 1.081322282552719116e-01 1.288876235485076904e-01
8.200000000000000000e+01 1.080610454082489014e-01 1.288346499204635620e-01
8.300000000000000000e+01 1.079916805028915405e-01 1.287917792797088623e-01
8.400000000000000000e+01 1.079143285751342773e-01 1.287171691656112671e-01
8.500000000000000000e+01 1.078405529260635376e-01 1.286767721176147461e-01
8.600000000000000000e+01 1.077668070793151855e-01 1.286184936761856079e-01
8.700000000000000000e+01 1.076868325471878052e-01 1.285785734653472900e-01
8.800000000000000000e+01 1.076104342937469482e-01 1.285212635993957520e-01
8.900000000000000000e+01 1.075346544384956360e-01 1.284547448158264160e-01
9.000000000000000000e+01 1.074684560298919678e-01 1.283789873123168945e-01
9.100000000000000000e+01 1.073944270610809326e-01 1.283030956983566284e-01
9.200000000000000000e+01 1.073112860321998596e-01 1.282478272914886475e-01
9.300000000000000000e+01 1.072395890951156616e-01 1.282044351100921631e-01
9.400000000000000000e+01 1.071590036153793335e-01 1.281544119119644165e-01
9.500000000000000000e+01 1.070784777402877808e-01 1.280809342861175537e-01
9.600000000000000000e+01 1.069980487227439880e-01 1.280504465103149414e-01
9.700000000000000000e+01 1.069253906607627869e-01 1.279760599136352539e-01
9.800000000000000000e+01 1.068417951464653015e-01 1.279100030660629272e-01
9.900000000000000000e+01 1.067716702818870544e-01 1.278467625379562378e-01
1.000000000000000000e+02 1.066809743642807007e-01 1.277733594179153442e-01
1.010000000000000000e+02 1.066069379448890686e-01 1.277303993701934814e-01
1.020000000000000000e+02 1.065185070037841797e-01 1.276781708002090454e-01
1.030000000000000000e+02 1.064291447401046753e-01 1.276214271783828735e-01
1.040000000000000000e+02 1.063539907336235046e-01 1.275358498096466064e-01
1.050000000000000000e+02 1.062678992748260498e-01 1.274581104516983032e-01
1.060000000000000000e+02 1.061732396483421326e-01 1.274391561746597290e-01
1.070000000000000000e+02 1.060879752039909363e-01 1.273643225431442261e-01
1.080000000000000000e+02 1.060027107596397400e-01 1.273068636655807495e-01
1.090000000000000000e+02 1.059207394719123840e-01 1.272459477186203003e-01
1.100000000000000000e+02 1.058317050337791443e-01 1.271818876266479492e-01
1.110000000000000000e+02 1.057434156537055969e-01 1.271413713693618774e-01
1.120000000000000000e+02 1.056524291634559631e-01 1.270681321620941162e-01
1.130000000000000000e+02 1.055649593472480774e-01 1.270166337490081787e-01
1.140000000000000000e+02 1.054729297757148743e-01 1.269579827785491943e-01
1.150000000000000000e+02 1.053794845938682556e-01 1.268841177225112915e-01
1.160000000000000000e+02 1.052938103675842285e-01 1.268333494663238525e-01
1.170000000000000000e+02 1.051919162273406982e-01 1.267645359039306641e-01
1.180000000000000000e+02 1.051049530506134033e-01 1.267005354166030884e-01
1.190000000000000000e+02 1.050121858716011047e-01 1.266281902790069580e-01
1.200000000000000000e+02 1.049107164144515991e-01 1.265343427658081055e-01
1.210000000000000000e+02 1.048079356551170349e-01 1.264547407627105713e-01
1.220000000000000000e+02 1.047174334526062012e-01 1.264256238937377930e-01
1.230000000000000000e+02 1.046214401721954346e-01 1.263549625873565674e-01
1.240000000000000000e+02 1.045189425349235535e-01 1.262915283441543579e-01
1.250000000000000000e+02 1.044367551803588867e-01 1.262043863534927368e-01
1.260000000000000000e+02 1.043357700109481812e-01 1.261629164218902588e-01
1.270000000000000000e+02 1.042269393801689148e-01 1.260589510202407837e-01
1.280000000000000000e+02 1.041293144226074219e-01 1.260259300470352173e-01
1.290000000000000000e+02 1.040189489722251892e-01 1.259280294179916382e-01
1.300000000000000000e+02 1.039338633418083191e-01 1.258663088083267212e-01
1.310000000000000000e+02 1.038375645875930786e-01 1.258128285408020020e-01
1.320000000000000000e+02 1.037270575761795044e-01 1.257427185773849487e-01
1.330000000000000000e+02 1.036048531532287598e-01 1.257024407386779785e-01
1.340000000000000000e+02 1.035252213478088379e-01 1.256056725978851318e-01
1.350000000000000000e+02 1.034168675541877747e-01 1.255296021699905396e-01
1.360000000000000000e+02 1.033281907439231873e-01 1.254574954509735107e-01
1.370000000000000000e+02 1.032099649310112000e-01 1.254333853721618652e-01
1.380000000000000000e+02 1.031064316630363464e-01 1.253703832626342773e-01
1.390000000000000000e+02 1.030232310295104980e-01 1.252594739198684692e-01
1.400000000000000000e+02 1.028879359364509583e-01 1.251855939626693726e-01
1.410000000000000000e+02 1.027918905019760132e-01 1.250794678926467896e-01
1.420000000000000000e+02 1.026961505413055420e-01 1.250411421060562134e-01
1.430000000000000000e+02 1.025808528065681458e-01 1.249270737171173096e-01
1.440000000000000000e+02 1.024828255176544189e-01 1.249237954616546631e-01
1.450000000000000000e+02 1.023829281330108643e-01 1.248242482542991638e-01
1.460000000000000000e+02 1.022638455033302307e-01 1.247760355472564697e-01
1.470000000000000000e+02 1.021347194910049438e-01 1.246988773345947266e-01
1.480000000000000000e+02 1.020400002598762512e-01 1.246208399534225464e-01
1.490000000000000000e+02 1.019326373934745789e-01 1.245536208152770996e-01
1.500000000000000000e+02 1.018240824341773987e-01 1.244518384337425232e-01
1.510000000000000000e+02 1.017148420214653015e-01 1.243381649255752563e-01
1.520000000000000000e+02 1.016050055623054504e-01 1.242752447724342346e-01
1.530000000000000000e+02 1.014792248606681824e-01 1.242171525955200195e-01
1.540000000000000000e+02 1.013834998011589050e-01 1.241623386740684509e-01
1.550000000000000000e+02 1.012660413980484009e-01 1.240817159414291382e-01
1.560000000000000000e+02 1.011552140116691589e-01 1.239784508943557739e-01
1.570000000000000000e+02 1.010400280356407166e-01 1.239554211497306824e-01
1.580000000000000000e+02 1.009129509329795837e-01 1.238170266151428223e-01
1.590000000000000000e+02 1.008056402206420898e-01 1.237457767128944397e-01
1.600000000000000000e+02 1.006882488727569580e-01 1.236894130706787109e-01
1.610000000000000000e+02 1.005527228116989136e-01 1.235634237527847290e-01
1.620000000000000000e+02 1.004659980535507202e-01 1.235387474298477173e-01
1.630000000000000000e+02 1.003190204501152039e-01 1.234414801001548767e-01
1.640000000000000000e+02 1.002132296562194824e-01 1.233197823166847229e-01
1.650000000000000000e+02 1.000983640551567078e-01 1.232608929276466370e-01
1.660000000000000000e+02 9.997276216745376587e-02 1.231646686792373657e-01
1.670000000000000000e+02 9.984836727380752563e-02 1.230648830533027649e-01
1.680000000000000000e+02 9.973002970218658447e-02 1.230374649167060852e-01
1.690000000000000000e+02 9.961586445569992065e-02 1.229294762015342712e-01
1.700000000000000000e+02 9.950763732194900513e-02 1.228328123688697815e-01
1.710000000000000000e+02 9.939172863960266113e-02 1.227448880672454834e-01
1.720000000000000000e+02 9.928417205810546875e-02 1.226113587617874146e-01
1.730000000000000000e+02 9.914203733205795288e-02 1.225615739822387695e-01
1.740000000000000000e+02 9.904128313064575195e-02 1.225087270140647888e-01
1.750000000000000000e+02 9.893800318241119385e-02 1.224185451865196228e-01
1.760000000000000000e+02 9.879366308450698853e-02 1.223543956875801086e-01
1.770000000000000000e+02 9.868778288364410400e-02 1.222668886184692383e-01
1.780000000000000000e+02 9.857938438653945923e-02 1.221487298607826233e-01
1.790000000000000000e+02 9.848794341087341309e-02 1.220650821924209595e-01
1.800000000000000000e+02 9.836889058351516724e-02 1.219526901841163635e-01
1.810000000000000000e+02 9.823802858591079712e-02 1.217954829335212708e-01
1.820000000000000000e+02 9.810511022806167603e-02 1.217929795384407043e-01
1.830000000000000000e+02 9.800355136394500732e-02 1.217118054628372192e-01
1.840000000000000000e+02 9.788821637630462646e-02 1.216278225183486938e-01
1.850000000000000000e+02 9.777060896158218384e-02 1.215620711445808411e-01
1.860000000000000000e+02 9.762314707040786743e-02 1.214123815298080444e-01
1.870000000000000000e+02 9.752938151359558105e-02 1.214074268937110901e-01
1.880000000000000000e+02 9.742848575115203857e-02 1.212837472558021545e-01
1.890000000000000000e+02 9.729447960853576660e-02 1.212926357984542847e-01
1.900000000000000000e+02 9.716423600912094116e-02 1.211157217621803284e-01
1.910000000000000000e+02 9.707402437925338745e-02 1.210348457098007202e-01
1.920000000000000000e+02 9.696655720472335815e-02 1.209757551550865173e-01
1.930000000000000000e+02 9.684457629919052124e-02 1.209031790494918823e-01
1.940000000000000000e+02 9.671495854854583740e-02 1.207001060247421265e-01
1.950000000000000000e+02 9.660167247056961060e-02 1.206532567739486694e-01
1.960000000000000000e+02 9.647338837385177612e-02 1.205921024084091187e-01
1.970000000000000000e+02 9.637027978897094727e-02 1.205158233642578125e-01
1.980000000000000000e+02 9.626456350088119507e-02 1.204030290246009827e-01
1.990000000000000000e+02 9.616370499134063721e-02 1.202876344323158264e-01
2.000000000000000000e+02 9.604661911725997925e-02 1.202511787414550781e-01
2.010000000000000000e+02 9.592913836240768433e-02 1.201562359929084778e-01
2.020000000000000000e+02 9.579751640558242798e-02 1.200101003050804138e-01
2.030000000000000000e+02 9.570540487766265869e-02 1.199292913079261780e-01
2.040000000000000000e+02 9.558061510324478149e-02 1.198737695813179016e-01
2.050000000000000000e+02 9.547933936119079590e-02 1.197805777192115784e-01
2.060000000000000000e+02 9.535546600818634033e-02 1.196913272142410278e-01
2.070000000000000000e+02 9.524973481893539429e-02 1.196871921420097351e-01
2.080000000000000000e+02 9.509616345167160034e-02 1.195366159081459045e-01
2.090000000000000000e+02 9.502727538347244263e-02 1.194387450814247131e-01
2.100000000000000000e+02 9.491518884897232056e-02 1.193339601159095764e-01
2.110000000000000000e+02 9.477876871824264526e-02 1.192574501037597656e-01
2.120000000000000000e+02 9.469604492187500000e-02 1.191375255584716797e-01
2.130000000000000000e+02 9.457248449325561523e-02 1.191467195749282837e-01
2.140000000000000000e+02 9.444954246282577515e-02 1.189440339803695679e-01
2.150000000000000000e+02 9.435100853443145752e-02 1.188690960407257080e-01
2.160000000000000000e+02 9.425130486488342285e-02 1.188516467809677124e-01
2.170000000000000000e+02 9.411904215812683105e-02 1.187224686145782471e-01
2.180000000000000000e+02 9.402815997600555420e-02 1.187108904123306274e-01
2.190000000000000000e+02 9.391443431377410889e-02 1.185982599854469299e-01
2.200000000000000000e+02 9.383477270603179932e-02 1.186490580439567566e-01
2.210000000000000000e+02 9.370773285627365112e-02 1.184012517333030701e-01
2.220000000000000000e+02 9.362433105707168579e-02 1.183473616838455200e-01
2.230000000000000000e+02 9.350346028804779053e-02 1.182540357112884521e-01
2.240000000000000000e+02 9.342982620000839233e-02 1.182333305478096008e-01
2.250000000000000000e+02 9.329776465892791748e-02 1.180902048945426941e-01
2.260000000000000000e+02 9.322035312652587891e-02 1.180101260542869568e-01
2.270000000000000000e+02 9.309563040733337402e-02 1.178800314664840698e-01
2.280000000000000000e+02 9.299833327531814575e-02 1.179186254739761353e-01
2.290000000000000000e+02 9.289599955081939697e-02 1.177246049046516418e-01
2.300000000000000000e+02 9.278107434511184692e-02 1.177252754569053650e-01
2.310000000000000000e+02 9.267289936542510986e-02 1.176134496927261353e-01
2.320000000000000000e+02 9.256169945001602173e-02 1.175023913383483887e-01
2.330000000000000000e+02 9.250865131616592407e-02 1.175122112035751343e-01
2.340000000000000000e+02 9.239882230758666992e-02 1.174683719873428345e-01
2.350000000000000000e+02 9.227754920721054077e-02 1.172819808125495911e-01
2.360000000000000000e+02 9.214769303798675537e-02 1.172118932008743286e-01
2.370000000000000000e+02 9.209503233432769775e-02 1.171309649944305420e-01
2.380000000000000000e+02 9.199742227792739868e-02 1.170216873288154602e-01
2.390000000000000000e+02 9.187583625316619873e-02 1.169773861765861511e-01
2.400000000000000000e+02 9.180698543787002563e-02 1.169549450278282166e-01
2.410000000000000000e+02 9.172110259532928467e-02 1.168495938181877136e-01
2.420000000000000000e+02 9.162553399801254272e-02 1.167591959238052368e-01
2.430000000000000000e+02 9.152000397443771362e-02 1.167629137635231018e-01
2.440000000000000000e+02 9.142839163541793823e-02 1.166321858763694763e-01
2.450000000000000000e+02 9.131688624620437622e-02 1.165221035480499268e-01
2.460000000000000000e+02 9.122842550277709961e-02 1.165013462305068970e-01
2.470000000000000000e+02 9.115578234195709229e-02 1.163941994309425354e-01
2.480000000000000000e+02 9.106618911027908325e-02 1.164604425430297852e-01
2.490000000000000000e+02 9.100549668073654175e-02 1.163932234048843384e-01
2.500000000000000000e+02 9.090053290128707886e-02 1.162231415510177612e-01
2.510000000000000000e+02 9.082076698541641235e-02 1.161197498440742493e-01
2.520000000000000000e+02 9.073657542467117310e-02 1.160521507263183594e-01
2.530000000000000000e+02 9.065996110439300537e-02 1.160488277673721313e-01
2.540000000000000000e+02 9.058618545532226562e-02 1.159377470612525940e-01
2.550000000000000000e+02 9.050698578357696533e-02 1.159442737698554993e-01
2.560000000000000000e+02 9.044067561626434326e-02 1.157761737704277039e-01
2.570000000000000000e+02 9.032841026782989502e-02 1.158066317439079285e-01
2.580000000000000000e+02 9.026961028575897217e-02 1.156978905200958252e-01
2.590000000000000000e+02 9.019668400287628174e-02 1.156388446688652039e-01
2.600000000000000000e+02 9.010121226310729980e-02 1.156326830387115479e-01
2.610000000000000000e+02 9.003267437219619751e-02 1.155193299055099487e-01
2.620000000000000000e+02 8.998414874076843262e-02 1.155454888939857483e-01
2.630000000000000000e+02 8.987452089786529541e-02 1.154078841209411621e-01
2.640000000000000000e+02 8.981267362833023071e-02 1.153640747070312500e-01
2.650000000000000000e+02 8.974820375442504883e-02 1.153391897678375244e-01
2.660000000000000000e+02 8.968286961317062378e-02 1.152579784393310547e-01
2.670000000000000000e+02 8.956617861986160278e-02 1.151614040136337280e-01
2.680000000000000000e+02 8.953514695167541504e-02 1.150665655732154846e-01
2.690000000000000000e+02 8.949293196201324463e-02 1.150859445333480835e-01
2.700000000000000000e+02 8.938387781381607056e-02 1.150080263614654541e-01
2.710000000000000000e+02 8.932946622371673584e-02 1.149331778287887573e-01
2.720000000000000000e+02 8.926909416913986206e-02 1.148694232106208801e-01
2.730000000000000000e+02 8.922554552555084229e-02 1.148530021309852600e-01
2.740000000000000000e+02 8.913696557283401489e-02 1.147617697715759277e-01
2.750000000000000000e+02 8.907140046358108521e-02 1.146412342786788940e-01
2.760000000000000000e+02 8.899282664060592651e-02 1.147741004824638367e-01
2.770000000000000000e+02 8.893851190805435181e-02 1.145988255739212036e-01
2.780000000000000000e+02 8.890931308269500732e-02 1.144600883126258850e-01
2.790000000000000000e+02 8.882309496402740479e-02 1.144176349043846130e-01
2.800000000000000000e+02 8.875294774770736694e-02 1.144579052925109863e-01
2.810000000000000000e+02 8.869616687297821045e-02 1.143178939819335938e-01
2.820000000000000000e+02 8.864668756723403931e-02 1.144781857728958130e-01
2.830000000000000000e+02 8.857660740613937378e-02 1.142591759562492371e-01
2.840000000000000000e+02 8.849672228097915649e-02 1.142286881804466248e-01
2.850000000000000000e+02 8.842020481824874878e-02 1.141974031925201416e-01
2.860000000000000000e+02 8.836834877729415894e-02 1.141629889607429504e-01
2.870000000000000000e+02 8.835078030824661255e-02 1.140851527452468872e-01
2.880000000000000000e+02 8.828174322843551636e-02 1.140757128596305847e-01
2.890000000000000000e+02 8.821000903844833374e-02 1.138669326901435852e-01
2.900000000000000000e+02 8.817254006862640381e-02 1.138293445110321045e-01
2.910000000000000000e+02 8.810351043939590454e-02 1.138943582773208618e-01
2.920000000000000000e+02 8.803056925535202026e-02 1.137418970465660095e-01
2.930000000000000000e+02 8.796656876802444458e-02 1.137048229575157166e-01
2.940000000000000000e+02 8.793115615844726562e-02 1.137098893523216248e-01
2.950000000000000000e+02 8.787097036838531494e-02 1.136504039168357849e-01
2.960000000000000000e+02 8.782964199781417847e-02 1.136168688535690308e-01
2.970000000000000000e+02 8.775479346513748169e-02 1.135236173868179321e-01
2.980000000000000000e+02 8.769791573286056519e-02 1.134603545069694519e-01
2.990000000000000000e+02 8.764111250638961792e-02 1.134142503142356873e-01
3.000000000000000000e+02 8.758673071861267090e-02 1.133301332592964172e-01
3.010000000000000000e+02 8.754557371139526367e-02 1.134330555796623230e-01
3.020000000000000000e+02 8.749627321958541870e-02 1.134359762072563171e-01
3.030000000000000000e+02 8.744936436414718628e-02 1.132543087005615234e-01
3.040000000000000000e+02 8.736493438482284546e-02 1.132933497428894043e-01
3.050000000000000000e+02 8.733053505420684814e-02 1.130753308534622192e-01
3.060000000000000000e+02 8.727090060710906982e-02 1.131116598844528198e-01
3.070000000000000000e+02 8.719587326049804688e-02 1.131523996591567993e-01
3.080000000000000000e+02 8.719100058078765869e-02 1.129794865846633911e-01
3.090000000000000000e+02 8.714091777801513672e-02 1.129560545086860657e-01
3.100000000000000000e+02 8.706916123628616333e-02 1.128821894526481628e-01
3.110000000000000000e+02 8.701980859041213989e-02 1.129564121365547180e-01
3.120000000000000000e+02 8.697906136512756348e-02 1.128374561667442322e-01
3.130000000000000000e+02 8.692651987075805664e-02 1.126940101385116577e-01
3.140000000000000000e+02 8.687397092580795288e-02 1.126936078071594238e-01
3.150000000000000000e+02 8.681099116802215576e-02 1.126921027898788452e-01
3.160000000000000000e+02 8.677678555250167847e-02 1.126410514116287231e-01
3.170000000000000000e+02 8.673190325498580933e-02 1.124680712819099426e-01
3.180000000000000000e+02 8.666274696588516235e-02 1.125608682632446289e-01
3.190000000000000000e+02 8.657808601856231689e-02 1.124132573604583740e-01
3.200000000000000000e+02 8.655238151550292969e-02 1.123747974634170532e-01
3.210000000000000000e+02 8.649601787328720093e-02 1.123922616243362427e-01
3.220000000000000000e+02 8.647327125072479248e-02 1.122810989618301392e-01
3.230000000000000000e+02 8.639281988143920898e-02 1.123269647359848022e-01
3.240000000000000000e+02 8.635722845792770386e-02 1.122882962226867676e-01
3.250000000000000000e+02 8.631661534309387207e-02 1.122854277491569519e-01
3.260000000000000000e+02 8.628296852111816406e-02 1.121617704629898071e-01
3.270000000000000000e+02 8.621924370527267456e-02 1.122381836175918579e-01
3.280000000000000000e+02 8.618665486574172974e-02 1.121926382184028625e-01
3.290000000000000000e+02 8.611172437667846680e-02 1.119716092944145203e-01
3.300000000000000000e+02 8.609033375978469849e-02 1.120079234242439270e-01
3.310000000000000000e+02 8.604393154382705688e-02 1.119153052568435669e-01
3.320000000000000000e+02 8.598271012306213379e-02 1.119228675961494446e-01
3.330000000000000000e+02 8.594360947608947754e-02 1.118340194225311279e-01
3.340000000000000000e+02 8.588498085737228394e-02 1.117533370852470398e-01
3.350000000000000000e+02 8.581273257732391357e-02 1.117202490568161011e-01
3.360000000000000000e+02 8.574958145618438721e-02 1.117015704512596130e-01
3.370000000000000000e+02 8.571758121252059937e-02 1.116253957152366638e-01
3.380000000000000000e+02 8.570279926061630249e-02 1.115651205182075500e-01
3.390000000000000000e+02 8.559837937355041504e-02 1.117288246750831604e-01
3.400000000000000000e+02 8.561863750219345093e-02 1.115542650222778320e-01
3.410000000000000000e+02 8.556137233972549438e-02 1.114900857210159302e-01
3.420000000000000000e+02 8.551599085330963135e-02 1.113457456231117249e-01
3.430000000000000000e+02 8.544790744781494141e-02 1.115314960479736328e-01
3.440000000000000000e+02 8.537992089986801147e-02 1.113585606217384338e-01
3.450000000000000000e+02 8.534702658653259277e-02 1.114047616720199585e-01
3.460000000000000000e+02 8.531038463115692139e-02 1.113221943378448486e-01
3.470000000000000000e+02 8.527627587318420410e-02 1.112621948122978210e-01
3.480000000000000000e+02 8.522578328847885132e-02 1.111496463418006897e-01
3.490000000000000000e+02 8.515752106904983521e-02 1.112235859036445618e-01
3.500000000000000000e+02 8.512888848781585693e-02 1.111232042312622070e-01
3.510000000000000000e+02 8.511207252740859985e-02 1.109882593154907227e-01
3.520000000000000000e+02 8.504904061555862427e-02 1.110089719295501709e-01
3.530000000000000000e+02 8.503537625074386597e-02 1.109657883644104004e-01
3.540000000000000000e+02 8.493766933679580688e-02 1.110410615801811218e-01
3.550000000000000000e+02 8.489800244569778442e-02 1.109088510274887085e-01
3.560000000000000000e+02 8.488288521766662598e-02 1.108927950263023376e-01
3.570000000000000000e+02 8.482376486063003540e-02 1.108031421899795532e-01
3.580000000000000000e+02 8.476321399211883545e-02 1.107994690537452698e-01
3.590000000000000000e+02 8.472122251987457275e-02 1.107465028762817383e-01
3.600000000000000000e+02 8.468875288963317871e-02 1.107348576188087463e-01
3.610000000000000000e+02 8.465129882097244263e-02 1.106389611959457397e-01
3.620000000000000000e+02 8.462040126323699951e-02 1.105862557888031006e-01
3.630000000000000000e+02 8.456798642873764038e-02 1.105134189128875732e-01
3.640000000000000000e+02 8.450125902891159058e-02 1.105629056692123413e-01
3.650000000000000000e+02 8.449380099773406982e-02 1.104677096009254456e-01
3.660000000000000000e+02 8.442626148462295532e-02 1.104725599288940430e-01
3.670000000000000000e+02 8.437790721654891968e-02 1.103773713111877441e-01
3.680000000000000000e+02 8.437059074640274048e-02 1.103454679250717163e-01
3.690000000000000000e+02 8.429508656263351440e-02 1.103089153766632080e-01
3.700000000000000000e+02 8.425599336624145508e-02 1.103444099426269531e-01
3.710000000000000000e+02 8.417404443025588989e-02 1.103459671139717102e-01
3.720000000000000000e+02 8.418373018503189087e-02 1.102331578731536865e-01
3.730000000000000000e+02 8.411981910467147827e-02 1.101821288466453552e-01
3.740000000000000000e+02 8.406247943639755249e-02 1.101478040218353271e-01
3.750000000000000000e+02 8.407346904277801514e-02 1.101142168045043945e-01
3.760000000000000000e+02 8.397766202688217163e-02 1.100332140922546387e-01
3.770000000000000000e+02 8.391892164945602417e-02 1.100478246808052063e-01
3.780000000000000000e+02 8.392522484064102173e-02 1.099152341485023499e-01
3.790000000000000000e+02 8.387471735477447510e-02 1.100287511944770813e-01
3.800000000000000000e+02 8.382863551378250122e-02 1.098906174302101135e-01
3.810000000000000000e+02 8.379720896482467651e-02 1.098020821809768677e-01
3.820000000000000000e+02 8.373751491308212280e-02 1.097768172621726990e-01
3.830000000000000000e+02 8.365875482559204102e-02 1.099674180150032043e-01
3.840000000000000000e+02 8.364135771989822388e-02 1.097939983010292053e-01
3.850000000000000000e+02 8.361110091209411621e-02 1.095735207200050354e-01
3.860000000000000000e+02 8.358839154243469238e-02 1.097153723239898682e-01
3.870000000000000000e+02 8.354026079177856445e-02 1.095734313130378723e-01
3.880000000000000000e+02 8.346953988075256348e-02 1.094776988029479980e-01
3.890000000000000000e+02 8.337700366973876953e-02 1.094316989183425903e-01
3.900000000000000000e+02 8.340010046958923340e-02 1.094769537448883057e-01
3.910000000000000000e+02 8.337328583002090454e-02 1.094592064619064331e-01
3.920000000000000000e+02 8.332059532403945923e-02 1.094835698604583740e-01
3.930000000000000000e+02 8.327730000019073486e-02 1.094140633940696716e-01
3.940000000000000000e+02 8.325670659542083740e-02 1.093221306800842285e-01
3.950000000000000000e+02 8.315657079219818115e-02 1.092384308576583862e-01
3.960000000000000000e+02 8.315820991992950439e-02 1.092637106776237488e-01
3.970000000000000000e+02 8.311833441257476807e-02 1.091192960739135742e-01
3.980000000000000000e+02 8.306012302637100220e-02 1.092288047075271606e-01
3.990000000000000000e+02 8.301471918821334839e-02 1.091701313853263855e-01
4.000000000000000000e+02 8.295708149671554565e-02 1.091310530900955200e-01
4.010000000000000000e+02 8.293640613555908203e-02 1.090467199683189392e-01
4.020000000000000000e+02 8.287683874368667603e-02 1.090698689222335815e-01
4.030000000000000000e+02 8.285857737064361572e-02 1.089717671275138855e-01
4.040000000000000000e+02 8.286428451538085938e-02 1.089934706687927246e-01
4.050000000000000000e+02 8.280988037586212158e-02 1.088928356766700745e-01
4.060000000000000000e+02 8.276209235191345215e-02 1.088495403528213501e-01
4.070000000000000000e+02 8.271468430757522583e-02 1.089383885264396667e-01
4.080000000000000000e+02 8.268176764249801636e-02 1.087780818343162537e-01
4.090000000000000000e+02 8.260969072580337524e-02 1.088208407163619995e-01
4.100000000000000000e+02 8.259597420692443848e-02 1.087158173322677612e-01
4.110000000000000000e+02 8.251936733722686768e-02 1.087260022759437561e-01
4.120000000000000000e+02 8.253482729196548462e-02 1.087086349725723267e-01
4.130000000000000000e+02 8.249031007289886475e-02 1.085991635918617249e-01
4.140000000000000000e+02 8.239795267581939697e-02 1.085509583353996277e-01
4.150000000000000000e+02 8.236330002546310425e-02 1.086438745260238647e-01
4.160000000000000000e+02 8.231801539659500122e-02 1.085885688662528992e-01
4.170000000000000000e+02 8.230210095643997192e-02 1.085526794195175171e-01
4.180000000000000000e+02 8.228819072246551514e-02 1.085276827216148376e-01
4.190000000000000000e+02 8.222895115613937378e-02 1.083710715174674988e-01
4.200000000000000000e+02 8.218400180339813232e-02 1.083297282457351685e-01
4.210000000000000000e+02 8.216513693332672119e-02 1.082487702369689941e-01
4.220000000000000000e+02 8.208323270082473755e-02 1.081011816859245300e-01
4.230000000000000000e+02 8.204647898674011230e-02 1.081561967730522156e-01
4.240000000000000000e+02 8.200702816247940063e-02 1.080253794789314270e-01
4.250000000000000000e+02 8.198551833629608154e-02 1.080452501773834229e-01
4.260000000000000000e+02 8.191594481468200684e-02 1.081552803516387939e-01
4.270000000000000000e+02 8.188351243734359741e-02 1.081157401204109192e-01
4.280000000000000000e+02 8.184492588043212891e-02 1.081687062978744507e-01
4.290000000000000000e+02 8.182854205369949341e-02 1.078921705484390259e-01
4.300000000000000000e+02 8.176183700561523438e-02 1.080565601587295532e-01
4.310000000000000000e+02 8.171937614679336548e-02 1.078142523765563965e-01
4.320000000000000000e+02 8.169300109148025513e-02 1.078564524650573730e-01
4.330000000000000000e+02 8.171254396438598633e-02 1.078524440526962280e-01
4.340000000000000000e+02 8.160038292407989502e-02 1.077531576156616211e-01
4.350000000000000000e+02 8.159179985523223877e-02 1.077962294220924377e-01
4.360000000000000000e+02 8.154929429292678833e-02 1.076016947627067566e-01
4.370000000000000000e+02 8.151165395975112915e-02 1.077308878302574158e-01
4.380000000000000000e+02 8.146705478429794312e-02 1.077388226985931396e-01
4.390000000000000000e+02 8.143442124128341675e-02 1.077872887253761292e-01
4.400000000000000000e+02 8.138468116521835327e-02 1.075621321797370911e-01
4.410000000000000000e+02 8.137185871601104736e-02 1.074949800968170166e-01
4.420000000000000000e+02 8.133443444967269897e-02 1.075599864125251770e-01
4.430000000000000000e+02 8.129396289587020874e-02 1.074585467576980591e-01
4.440000000000000000e+02 8.123212307691574097e-02 1.075443327426910400e-01
4.450000000000000000e+02 8.119589090347290039e-02 1.074993237853050232e-01
4.460000000000000000e+02 8.117108792066574097e-02 1.074233502149581909e-01
4.470000000000000000e+02 8.111748844385147095e-02 1.074326783418655396e-01
4.480000000000000000e+02 8.107083290815353394e-02 1.071589291095733643e-01
4.490000000000000000e+02 8.104492723941802979e-02 1.071761548519134521e-01
4.500000000000000000e+02 8.101945370435714722e-02 1.071692481637001038e-01
4.510000000000000000e+02 8.096352964639663696e-02 1.072428300976753235e-01
4.520000000000000000e+02 8.094011247158050537e-02 1.071217954158782959e-01
4.530000000000000000e+02 8.090939372777938843e-02 1.070764958858489990e-01
4.540000000000000000e+02 8.083773404359817505e-02 1.070809289813041687e-01
4.550000000000000000e+02 8.083759248256683350e-02 1.070154458284378052e-01
4.560000000000000000e+02 8.078876882791519165e-02 1.068830490112304688e-01
4.570000000000000000e+02 8.075878024101257324e-02 1.070117130875587463e-01
4.580000000000000000e+02 8.072983473539352417e-02 1.070256382226943970e-01
4.590000000000000000e+02 8.064679801464080811e-02 1.069560497999191284e-01
4.600000000000000000e+02 8.061845600605010986e-02 1.068105995655059814e-01
4.610000000000000000e+02 8.064373582601547241e-02 1.066483706235885620e-01
4.620000000000000000e+02 8.053161948919296265e-02 1.068457067012786865e-01
4.630000000000000000e+02 8.053092658519744873e-02 1.067692637443542480e-01
4.640000000000000000e+02 8.046335726976394653e-02 1.066934913396835327e-01
4.650000000000000000e+02 8.044475317001342773e-02 1.065482050180435181e-01
4.660000000000000000e+02 8.041314035654067993e-02 1.065252274274826050e-01
4.670000000000000000e+02 8.036237210035324097e-02 1.066272333264350891e-01
4.680000000000000000e+02 8.032288402318954468e-02 1.064695492386817932e-01
4.690000000000000000e+02 8.032047003507614136e-02 1.066608279943466187e-01
4.700000000000000000e+02 8.028148114681243896e-02 1.065659299492835999e-01
4.710000000000000000e+02 8.024243265390396118e-02 1.065610945224761963e-01
4.720000000000000000e+02 8.018141239881515503e-02 1.063774749636650085e-01
4.730000000000000000e+02 8.014206588268280029e-02 1.064896285533905029e-01
4.740000000000000000e+02 8.012820035219192505e-02 1.064053475856781006e-01
4.750000000000000000e+02 8.009178191423416138e-02 1.062858328223228455e-01
4.760000000000000000e+02 8.001641184091567993e-02 1.062438562512397766e-01
4.770000000000000000e+02 8.002955466508865356e-02 1.062282696366310120e-01
4.780000000000000000e+02 7.997429370880126953e-02 1.062280237674713135e-01
4.790000000000000000e+02 7.991804927587509155e-02 1.061673164367675781e-01
4.800000000000000000e+02 7.990346103906631470e-02 1.061418801546096802e-01
4.810000000000000000e+02 7.983342558145523071e-02 1.060967966914176941e-01
4.820000000000000000e+02 7.983833551406860352e-02 1.060593649744987488e-01
4.830000000000000000e+02 7.979331910610198975e-02 1.060684770345687866e-01
4.840000000000000000e+02 7.975398004055023193e-02 1.059130281209945679e-01
4.850000000000000000e+02 7.970532029867172241e-02 1.060601323843002319e-01
4.860000000000000000e+02 7.970289885997772217e-02 1.059347838163375854e-01
4.870000000000000000e+02 7.961802184581756592e-02 1.058707609772682190e-01
4.880000000000000000e+02 7.962669432163238525e-02 1.058828309178352356e-01
4.890000000000000000e+02 7.952562719583511353e-02 1.057945340871810913e-01
4.900000000000000000e+02 7.955543696880340576e-02 1.057387962937355042e-01
4.910000000000000000e+02 7.946532219648361206e-02 1.057323813438415527e-01
4.920000000000000000e+02 7.949897646903991699e-02 1.057932302355766296e-01
4.930000000000000000e+02 7.947069406509399414e-02 1.056718379259109497e-01
4.940000000000000000e+02 7.939508557319641113e-02 1.056355610489845276e-01
4.950000000000000000e+02 7.930396497249603271e-02 1.055014878511428833e-01
4.960000000000000000e+02 7.931816577911376953e-02 1.055638864636421204e-01
4.970000000000000000e+02 7.928627729415893555e-02 1.055808663368225098e-01
4.980000000000000000e+02 7.920175790786743164e-02 1.055115014314651489e-01
4.990000000000000000e+02 7.921490073204040527e-02 1.053755208849906921e-01
5.000000000000000000e+02 7.917495816946029663e-02 1.054187491536140442e-01
5.010000000000000000e+02 7.912009954452514648e-02 1.054253652691841125e-01
5.020000000000000000e+02 7.910319417715072632e-02 1.053811162710189819e-01
5.030000000000000000e+02 7.904832065105438232e-02 1.052729338407516479e-01
5.040000000000000000e+02 7.901813089847564697e-02 1.053202599287033081e-01
5.050000000000000000e+02 7.902213931083679199e-02 1.053021773695945740e-01
5.060000000000000000e+02 7.895224541425704956e-02 1.051790788769721985e-01
5.070000000000000000e+02 7.893869280815124512e-02 1.052291095256805420e-01
5.080000000000000000e+02 7.885751128196716309e-02 1.051595434546470642e-01
5.090000000000000000e+02 7.883282750844955444e-02 1.050968170166015625e-01
5.100000000000000000e+02 7.879295945167541504e-02 1.049504652619361877e-01
5.110000000000000000e+02 7.873639464378356934e-02 1.051441356539726257e-01
5.120000000000000000e+02 7.873146235942840576e-02 1.050633341073989868e-01
5.130000000000000000e+02 7.864292711019515991e-02 1.050546094775199890e-01
5.140000000000000000e+02 7.867053896188735962e-02 1.049114391207695007e-01
5.150000000000000000e+02 7.861647754907608032e-02 1.050065979361534119e-01
5.160000000000000000e+02 7.857269048690795898e-02 1.048780009150505066e-01
5.170000000000000000e+02 7.857215404510498047e-02 1.046101227402687073e-01
5.180000000000000000e+02 7.851350307464599609e-02 1.047347858548164368e-01
5.190000000000000000e+02 7.851549983024597168e-02 1.047235354781150818e-01
5.200000000000000000e+02 7.847891747951507568e-02 1.046839132905006409e-01
5.210000000000000000e+02 7.840889692306518555e-02 1.045975908637046814e-01
5.220000000000000000e+02 7.839010655879974365e-02 1.046523377299308777e-01
5.230000000000000000e+02 7.836501300334930420e-02 1.045047938823699951e-01
5.240000000000000000e+02 7.830894738435745239e-02 1.046714559197425842e-01
5.250000000000000000e+02 7.831560075283050537e-02 1.045175939798355103e-01
5.260000000000000000e+02 7.824881374835968018e-02 1.045068427920341492e-01
5.270000000000000000e+02 7.819981873035430908e-02 1.044786944985389709e-01
5.280000000000000000e+02 7.815027236938476562e-02 1.042460650205612183e-01
5.290000000000000000e+02 7.810962945222854614e-02 1.043462306261062622e-01
5.300000000000000000e+02 7.809692621231079102e-02 1.043725609779357910e-01
5.310000000000000000e+02 7.806189358234405518e-02 1.041767522692680359e-01
5.320000000000000000e+02 7.801441848278045654e-02 1.042568832635879517e-01
5.330000000000000000e+02 7.801182568073272705e-02 1.041052415966987610e-01
5.340000000000000000e+02 7.792540639638900757e-02 1.040959209203720093e-01
5.350000000000000000e+02 7.794263213872909546e-02 1.042360290884971619e-01
5.360000000000000000e+02 7.791510224342346191e-02 1.041954234242439270e-01
5.370000000000000000e+02 7.785955816507339478e-02 1.040382459759712219e-01
5.380000000000000000e+02 7.779925316572189331e-02 1.040625721216201782e-01
5.390000000000000000e+02 7.784353941679000854e-02 1.040866076946258545e-01
5.400000000000000000e+02 7.776707410812377930e-02 1.041364446282386780e-01
5.410000000000000000e+02 7.772428542375564575e-02 1.038615927100181580e-01
5.420000000000000000e+02 7.771257311105728149e-02 1.039059236645698547e-01
5.430000000000000000e+02 7.763852179050445557e-02 1.038579866290092468e-01
5.440000000000000000e+02 7.760725915431976318e-02 1.037825793027877808e-01
5.450000000000000000e+02 7.757187634706497192e-02 1.038381531834602356e-01
5.460000000000000000e+02 7.753863185644149780e-02 1.037736162543296814e-01
5.470000000000000000e+02 7.750368118286132812e-02 1.036237925291061401e-01
5.480000000000000000e+02 7.742789387702941895e-02 1.038052514195442200e-01
5.490000000000000000e+02 7.742494344711303711e-02 1.037451997399330139e-01
5.500000000000000000e+02 7.738701999187469482e-02 1.037642732262611389e-01
5.510000000000000000e+02 7.737183570861816406e-02 1.035946309566497803e-01
5.520000000000000000e+02 7.731208205223083496e-02 1.035727635025978088e-01
5.530000000000000000e+02 7.726855576038360596e-02 1.036118865013122559e-01
5.540000000000000000e+02 7.727773487567901611e-02 1.035451292991638184e-01
5.550000000000000000e+02 7.726551592350006104e-02 1.034230589866638184e-01
5.560000000000000000e+02 7.717261463403701782e-02 1.034050285816192627e-01
5.570000000000000000e+02 7.717271149158477783e-02 1.033940166234970093e-01
5.580000000000000000e+02 7.713176310062408447e-02 1.033787727355957031e-01
5.590000000000000000e+02 7.708419859409332275e-02 1.033218502998352051e-01
5.600000000000000000e+02 7.705819606781005859e-02 1.032711192965507507e-01
5.610000000000000000e+02 7.701540738344192505e-02 1.031990274786949158e-01
5.620000000000000000e+02 7.700426131486892700e-02 1.032338961958885193e-01
5.630000000000000000e+02 7.698757946491241455e-02 1.032005548477172852e-01
5.640000000000000000e+02 7.691454887390136719e-02 1.032736822962760925e-01
5.650000000000000000e+02 7.689544558525085449e-02 1.031162813305854797e-01
5.660000000000000000e+02 7.686135917901992798e-02 1.031084358692169189e-01
5.670000000000000000e+02 7.684922218322753906e-02 1.029461547732353210e-01
5.680000000000000000e+02 7.678820192813873291e-02 1.030709818005561829e-01
5.690000000000000000e+02 7.672215998172760010e-02 1.029912531375885010e-01
5.700000000000000000e+02 7.671426981687545776e-02 1.029216647148132324e-01
5.710000000000000000e+02 7.668542116880416870e-02 1.029280275106430054e-01
5.720000000000000000e+02 7.665683329105377197e-02 1.028634905815124512e-01
5.730000000000000000e+02 7.658716291189193726e-02 1.028589829802513123e-01
5.740000000000000000e+02 7.658293843269348145e-02 1.027970016002655029e-01
5.750000000000000000e+02 7.654130458831787109e-02 1.028224602341651917e-01
5.760000000000000000e+02 7.654090225696563721e-02 1.027920022606849670e-01
5.770000000000000000e+02 7.651881128549575806e-02 1.025670990347862244e-01
5.780000000000000000e+02 7.641330361366271973e-02 1.027227267622947693e-01
5.790000000000000000e+02 7.645718753337860107e-02 1.026981472969055176e-01
5.800000000000000000e+02 7.635249942541122437e-02 1.027004048228263855e-01
5.810000000000000000e+02 7.632555812597274780e-02 1.025584489107131958e-01
5.820000000000000000e+02 7.631766051054000854e-02 1.025201678276062012e-01
5.830000000000000000e+02 7.626635581254959106e-02 1.025318130850791931e-01
5.840000000000000000e+02 7.626652717590332031e-02 1.025656014680862427e-01
5.850000000000000000e+02 7.626263052225112915e-02 1.025152057409286499e-01
5.860000000000000000e+02 7.620898634195327759e-02 1.025283187627792358e-01
5.870000000000000000e+02 7.614735513925552368e-02 1.024263724684715271e-01
5.880000000000000000e+02 7.613335549831390381e-02 1.023487225174903870e-01
5.890000000000000000e+02 7.606869190931320190e-02 1.023268327116966248e-01
5.900000000000000000e+02 7.608895748853683472e-02 1.022785976529121399e-01
5.910000000000000000e+02 7.604153454303741455e-02 1.021788939833641052e-01
5.920000000000000000e+02 7.597406953573226929e-02 1.021922528743743896e-01
5.930000000000000000e+02 7.595150172710418701e-02 1.022873371839523315e-01
5.940000000000000000e+02 7.593796402215957642e-02 1.021195352077484131e-01
5.950000000000000000e+02 7.593297958374023438e-02 1.020913049578666687e-01
5.960000000000000000e+02 7.588456571102142334e-02 1.021769344806671143e-01
5.970000000000000000e+02 7.584344595670700073e-02 1.018514037132263184e-01
5.980000000000000000e+02 7.578309625387191772e-02 1.019658371806144714e-01
5.990000000000000000e+02 7.578159868717193604e-02 1.020871028304100037e-01
6.000000000000000000e+02 7.574081420898437500e-02 1.021644845604896545e-01
6.010000000000000000e+02 7.571023702621459961e-02 1.018901690840721130e-01
6.020000000000000000e+02 7.568544894456863403e-02 1.018986925482749939e-01
6.030000000000000000e+02 7.565034180879592896e-02 1.019250154495239258e-01
6.040000000000000000e+02 7.562991231679916382e-02 1.018117815256118774e-01
6.050000000000000000e+02 7.554644346237182617e-02 1.018144860863685608e-01
6.060000000000000000e+02 7.557363808155059814e-02 1.019139438867568970e-01
6.070000000000000000e+02 7.553800940513610840e-02 1.015822216868400574e-01
6.080000000000000000e+02 7.546941190958023071e-02 1.017395630478858948e-01
6.090000000000000000e+02 7.546419650316238403e-02 1.017564684152603149e-01
6.100000000000000000e+02 7.542201876640319824e-02 1.018000766634941101e-01
6.110000000000000000e+02 7.540685683488845825e-02 1.016110256314277649e-01
6.120000000000000000e+02 7.535658031702041626e-02 1.015508547425270081e-01
6.130000000000000000e+02 7.533035427331924438e-02 1.014757677912712097e-01
6.140000000000000000e+02 7.528723776340484619e-02 1.015159487724304199e-01
6.150000000000000000e+02 7.528116554021835327e-02 1.014278605580329895e-01
6.160000000000000000e+02 7.522188872098922729e-02 1.015511825680732727e-01
6.170000000000000000e+02 7.520739734172821045e-02 1.013789772987365723e-01
6.180000000000000000e+02 7.520346343517303467e-02 1.015155911445617676e-01
6.190000000000000000e+02 7.511483132839202881e-02 1.013351902365684509e-01
6.200000000000000000e+02 7.512795925140380859e-02 1.013003662228584290e-01
6.210000000000000000e+02 7.509037107229232788e-02 1.012789458036422729e-01
6.220000000000000000e+02 7.503522932529449463e-02 1.013195142149925232e-01
6.230000000000000000e+02 7.503533363342285156e-02 1.011898070573806763e-01
6.240000000000000000e+02 7.503313571214675903e-02 1.010833978652954102e-01
6.250000000000000000e+02 7.496230304241180420e-02 1.012381315231323242e-01
6.260000000000000000e+02 7.494716346263885498e-02 1.010278016328811646e-01
6.270000000000000000e+02 7.492613047361373901e-02 1.010981425642967224e-01
6.280000000000000000e+02 7.491910457611083984e-02 1.011372804641723633e-01
6.290000000000000000e+02 7.488963752985000610e-02 1.009943485260009766e-01
6.300000000000000000e+02 7.482119649648666382e-02 1.010357216000556946e-01
6.310000000000000000e+02 7.479123771190643311e-02 1.009161919355392456e-01
6.320000000000000000e+02 7.475505769252777100e-02 1.011075749993324280e-01
6.330000000000000000e+02 7.474997639656066895e-02 1.008589714765548706e-01
6.340000000000000000e+02 7.468128949403762817e-02 1.008966341614723206e-01
6.350000000000000000e+02 7.472688704729080200e-02 1.008921638131141663e-01
6.360000000000000000e+02 7.466662675142288208e-02 1.008061841130256653e-01
6.370000000000000000e+02 7.466935366392135620e-02 1.009239554405212402e-01
6.380000000000000000e+02 7.461841404438018799e-02 1.007750481367111206e-01
6.390000000000000000e+02 7.456574589014053345e-02 1.008998602628707886e-01
6.400000000000000000e+02 7.454675436019897461e-02 1.007181704044342041e-01
6.410000000000000000e+02 7.448434084653854370e-02 1.007186248898506165e-01
6.420000000000000000e+02 7.451295852661132812e-02 1.006218940019607544e-01
6.430000000000000000e+02 7.448282092809677124e-02 1.006330698728561401e-01
6.440000000000000000e+02 7.444523274898529053e-02 1.004562675952911377e-01
6.450000000000000000e+02 7.434096932411193848e-02 1.004979163408279419e-01
6.460000000000000000e+02 7.435187697410583496e-02 1.006003320217132568e-01
6.470000000000000000e+02 7.433301955461502075e-02 1.005116328597068787e-01
6.480000000000000000e+02 7.429820299148559570e-02 1.004097089171409607e-01
6.490000000000000000e+02 7.432311773300170898e-02 1.004382744431495667e-01
6.500000000000000000e+02 7.421482354402542114e-02 1.005711406469345093e-01
6.510000000000000000e+02 7.422805577516555786e-02 1.005132943391799927e-01
6.520000000000000000e+02 7.417488098144531250e-02 1.003248468041419983e-01
6.530000000000000000e+02 7.420177012681961060e-02 1.004243269562721252e-01
6.540000000000000000e+02 7.416503131389617920e-02 1.004262715578079224e-01
6.550000000000000000e+02 7.413897663354873657e-02 1.002340763807296753e-01
6.560000000000000000e+02 7.407094538211822510e-02 1.003028377890586853e-01
6.570000000000000000e+02 7.406624406576156616e-02 1.002866178750991821e-01
6.580000000000000000e+02 7.403341680765151978e-02 1.001927331089973450e-01
6.590000000000000000e+02 7.399142533540725708e-02 1.002173498272895813e-01
6.600000000000000000e+02 7.401394844055175781e-02 1.002368554472923279e-01
6.610000000000000000e+02 7.393752783536911011e-02 9.995657205581665039e-02
6.620000000000000000e+02 7.392255216836929321e-02 1.000420004129409790e-01
6.630000000000000000e+02 7.391331344842910767e-02 9.998079389333724976e-02
6.640000000000000000e+02 7.384382188320159912e-02 1.000318527221679688e-01
6.650000000000000000e+02 7.386911660432815552e-02 1.001923307776451111e-01
6.660000000000000000e+02 7.381629198789596558e-02 9.992934018373489380e-02
6.670000000000000000e+02 7.378982007503509521e-02 1.000476777553558350e-01
6.680000000000000000e+02 7.376476377248764038e-02 9.999058395624160767e-02
6.690000000000000000e+02 7.372223585844039917e-02 9.987377375364303589e-02
6.700000000000000000e+02 7.367926090955734253e-02 9.984372556209564209e-02
6.710000000000000000e+02 7.370006293058395386e-02 9.997848421335220337e-02
6.720000000000000000e+02 7.364430278539657593e-02 9.981372207403182983e-02
6.730000000000000000e+02 7.365826517343521118e-02 9.990583360195159912e-02
6.740000000000000000e+02 7.357416301965713501e-02 9.980831295251846313e-02
6.750000000000000000e+02 7.359777390956878662e-02 9.973311424255371094e-02
6.760000000000000000e+02 7.354441285133361816e-02 9.974393993616104126e-02
6.770000000000000000e+02 7.359448075294494629e-02 9.970168769359588623e-02
6.780000000000000000e+02 7.351123541593551636e-02 9.956993907690048218e-02
6.790000000000000000e+02 7.348356395959854126e-02 9.977088123559951782e-02
6.800000000000000000e+02 7.350052893161773682e-02 9.970794618129730225e-02
6.810000000000000000e+02 7.341605424880981445e-02 9.962663799524307251e-02
6.820000000000000000e+02 7.341019809246063232e-02 9.949553012847900391e-02
6.830000000000000000e+02 7.339535653591156006e-02 9.944453835487365723e-02
6.840000000000000000e+02 7.334800064563751221e-02 9.955319017171859741e-02
6.850000000000000000e+02 7.337326556444168091e-02 9.938403218984603882e-02
6.860000000000000000e+02 7.333205640316009521e-02 9.951243549585342407e-02
6.870000000000000000e+02 7.325951009988784790e-02 9.952067583799362183e-02
6.880000000000000000e+02 7.324672490358352661e-02 9.941851347684860229e-02
6.890000000000000000e+02 7.325255125761032104e-02 9.943354874849319458e-02
6.900000000000000000e+02 7.322148978710174561e-02 9.941721707582473755e-02
6.910000000000000000e+02 7.318605482578277588e-02 9.913133084774017334e-02
6.920000000000000000e+02 7.315190881490707397e-02 9.932199865579605103e-02
6.930000000000000000e+02 7.314291596412658691e-02 9.937760233879089355e-02
6.940000000000000000e+02 7.307780534029006958e-02 9.916540980339050293e-02
6.950000000000000000e+02 7.306979596614837646e-02 9.914278984069824219e-02
6.960000000000000000e+02 7.304333150386810303e-02 9.923114627599716187e-02
6.970000000000000000e+02 7.302995771169662476e-02 9.926301240921020508e-02
6.980000000000000000e+02 7.303422689437866211e-02 9.923540800809860229e-02
6.990000000000000000e+02 7.299705594778060913e-02 9.917221963405609131e-02
7.000000000000000000e+02 7.298017293214797974e-02 9.904880821704864502e-02
7.010000000000000000e+02 7.292050868272781372e-02 9.914540499448776245e-02
7.020000000000000000e+02 7.293654978275299072e-02 9.912512451410293579e-02
7.030000000000000000e+02 7.289696484804153442e-02 9.900809824466705322e-02
7.040000000000000000e+02 7.284000515937805176e-02 9.900635480880737305e-02
7.050000000000000000e+02 7.288103550672531128e-02 9.889718890190124512e-02
7.060000000000000000e+02 7.280207425355911255e-02 9.910941869020462036e-02
7.070000000000000000e+02 7.277136296033859253e-02 9.883278608322143555e-02
7.080000000000000000e+02 7.273761928081512451e-02 9.892422705888748169e-02
7.090000000000000000e+02 7.273315638303756714e-02 9.878692030906677246e-02
7.100000000000000000e+02 7.272533327341079712e-02 9.886048734188079834e-02
7.110000000000000000e+02 7.273302972316741943e-02 9.884776175022125244e-02
7.120000000000000000e+02 7.261338829994201660e-02 9.864997118711471558e-02
7.130000000000000000e+02 7.266775518655776978e-02 9.879305213689804077e-02
7.140000000000000000e+02 7.256301492452621460e-02 9.875124692916870117e-02
7.150000000000000000e+02 7.256629317998886108e-02 9.879892319440841675e-02
7.160000000000000000e+02 7.256310433149337769e-02 9.847787022590637207e-02
7.170000000000000000e+02 7.255363464355468750e-02 9.859344363212585449e-02
7.180000000000000000e+02 7.252095639705657959e-02 9.875963628292083740e-02
7.190000000000000000e+02 7.249550521373748779e-02 9.853111952543258667e-02
7.200000000000000000e+02 7.248690724372863770e-02 9.859060496091842651e-02
7.210000000000000000e+02 7.245314121246337891e-02 9.868772327899932861e-02
7.220000000000000000e+02 7.244998216629028320e-02 9.859851747751235962e-02
7.230000000000000000e+02 7.239589095115661621e-02 9.856992214918136597e-02
7.240000000000000000e+02 7.236900180578231812e-02 9.873635321855545044e-02
7.250000000000000000e+02 7.235702127218246460e-02 9.837663173675537109e-02
7.260000000000000000e+02 7.235127687454223633e-02 9.845149517059326172e-02
7.270000000000000000e+02 7.230738550424575806e-02 9.832850843667984009e-02
7.280000000000000000e+02 7.229561358690261841e-02 9.857368469238281250e-02
7.290000000000000000e+02 7.223523408174514771e-02 9.833246469497680664e-02
7.300000000000000000e+02 7.218915224075317383e-02 9.850312024354934692e-02
7.310000000000000000e+02 7.220394164323806763e-02 9.836936742067337036e-02
7.320000000000000000e+02 7.215202599763870239e-02 9.832572937011718750e-02
7.330000000000000000e+02 7.217340171337127686e-02 9.829617291688919067e-02
7.340000000000000000e+02 7.218045741319656372e-02 9.822803735733032227e-02
7.350000000000000000e+02 7.214476913213729858e-02 9.821864217519760132e-02
7.360000000000000000e+02 7.211356610059738159e-02 9.832331538200378418e-02
7.370000000000000000e+02 7.205555588006973267e-02 9.833709150552749634e-02
7.380000000000000000e+02 7.204121351242065430e-02 9.817554056644439697e-02
7.390000000000000000e+02 7.202889025211334229e-02 9.816046059131622314e-02
7.400000000000000000e+02 7.202105969190597534e-02 9.824814647436141968e-02
7.410000000000000000e+02 7.196668535470962524e-02 9.811466932296752930e-02
7.420000000000000000e+02 7.199980318546295166e-02 9.812061488628387451e-02
7.430000000000000000e+02 7.196922600269317627e-02 9.804007411003112793e-02
7.440000000000000000e+02 7.193633168935775757e-02 9.803821146488189697e-02
7.450000000000000000e+02 7.186500728130340576e-02 9.802734851837158203e-02
7.460000000000000000e+02 7.184023410081863403e-02 9.809386730194091797e-02
7.470000000000000000e+02 7.185304164886474609e-02 9.791022539138793945e-02
7.480000000000000000e+02 7.182358205318450928e-02 9.810362756252288818e-02
7.490000000000000000e+02 7.182243466377258301e-02 9.805494546890258789e-02
7.500000000000000000e+02 7.175948470830917358e-02 9.800378233194351196e-02
7.510000000000000000e+02 7.174511998891830444e-02 9.782577306032180786e-02
7.520000000000000000e+02 7.177774608135223389e-02 9.782961010932922363e-02
7.530000000000000000e+02 7.171448320150375366e-02 9.788229316473007202e-02
7.540000000000000000e+02 7.169924676418304443e-02 9.777943044900894165e-02
7.550000000000000000e+02 7.165010273456573486e-02 9.772318601608276367e-02
7.560000000000000000e+02 7.165520638227462769e-02 9.789996594190597534e-02
7.570000000000000000e+02 7.161207497119903564e-02 9.769838303327560425e-02
7.580000000000000000e+02 7.157033681869506836e-02 9.770117700099945068e-02
7.590000000000000000e+02 7.158790528774261475e-02 9.777052700519561768e-02
7.600000000000000000e+02 7.156488299369812012e-02 9.777209162712097168e-02
7.610000000000000000e+02 7.156667113304138184e-02 9.770292788743972778e-02
7.620000000000000000e+02 7.152260839939117432e-02 9.763403236865997314e-02
7.630000000000000000e+02 7.150995731353759766e-02 9.774085134267807007e-02
7.640000000000000000e+02 7.151916623115539551e-02 9.757828712463378906e-02
7.650000000000000000e+02 7.148092240095138550e-02 9.759813547134399414e-02
7.660000000000000000e+02 7.144681364297866821e-02 9.751859307289123535e-02
7.670000000000000000e+02 7.139603793621063232e-02 9.737298637628555298e-02
7.680000000000000000e+02 7.141060382127761841e-02 9.735050052404403687e-02
7.690000000000000000e+02 7.134389132261276245e-02 9.741057455539703369e-02
7.700000000000000000e+02 7.136722654104232788e-02 9.753146767616271973e-02
7.710000000000000000e+02 7.132086902856826782e-02 9.742419421672821045e-02
7.720000000000000000e+02 7.132241129875183105e-02 9.742886573076248169e-02
7.730000000000000000e+02 7.130796462297439575e-02 9.739402681589126587e-02
7.740000000000000000e+02 7.128305733203887939e-02 9.747165441513061523e-02
7.750000000000000000e+02 7.121891528367996216e-02 9.733328223228454590e-02
7.760000000000000000e+02 7.126557081937789917e-02 9.738389402627944946e-02
7.770000000000000000e+02 7.121458649635314941e-02 9.725853800773620605e-02
7.780000000000000000e+02 7.115596532821655273e-02 9.742696583271026611e-02
7.790000000000000000e+02 7.111708074808120728e-02 9.730457514524459839e-02
7.800000000000000000e+02 7.118165493011474609e-02 9.734560549259185791e-02
7.810000000000000000e+02 7.113765925168991089e-02 9.726136177778244019e-02
7.820000000000000000e+02 7.109241932630538940e-02 9.719289094209671021e-02
7.830000000000000000e+02 7.111473381519317627e-02 9.715757519006729126e-02
7.840000000000000000e+02 7.104159146547317505e-02 9.710768610239028931e-02
7.850000000000000000e+02 7.102993875741958618e-02 9.697029739618301392e-02
7.860000000000000000e+02 7.100970298051834106e-02 9.719305485486984253e-02
7.870000000000000000e+02 7.098596543073654175e-02 9.712550789117813110e-02
7.880000000000000000e+02 7.098475098609924316e-02 9.709249436855316162e-02
7.890000000000000000e+02 7.093326747417449951e-02 9.716580063104629517e-02
7.900000000000000000e+02 7.096806913614273071e-02 9.709355235099792480e-02
7.910000000000000000e+02 7.096132636070251465e-02 9.705273061990737915e-02
7.920000000000000000e+02 7.093393057584762573e-02 9.696965664625167847e-02
7.930000000000000000e+02 7.087557762861251831e-02 9.693406522274017334e-02
7.940000000000000000e+02 7.083591818809509277e-02 9.701651334762573242e-02
7.950000000000000000e+02 7.085515558719635010e-02 9.675352275371551514e-02
7.960000000000000000e+02 7.075903564691543579e-02 9.707640856504440308e-02
7.970000000000000000e+02 7.076968997716903687e-02 9.680912643671035767e-02
7.980000000000000000e+02 7.074158638715744019e-02 9.700703620910644531e-02
7.990000000000000000e+02 7.072660326957702637e-02 9.693028032779693604e-02
8.000000000000000000e+02 7.068028301000595093e-02 9.686690568923950195e-02
8.010000000000000000e+02 7.068626582622528076e-02 9.680671989917755127e-02
8.020000000000000000e+02 7.067774236202239990e-02 9.691118448972702026e-02
8.030000000000000000e+02 7.065907120704650879e-02 9.691406041383743286e-02
8.040000000000000000e+02 7.061880826950073242e-02 9.690041840076446533e-02
