0.000000000000000000e+00 1.083736866712570190e-01 1.292327046394348145e-01
1.000000000000000000e+00 1.078953891992568970e-01 1.288987994194030762e-01
2.000000000000000000e+00 1.074143350124359131e-01 1.285604238510131836e-01
3.000000000000000000e+00 1.069355830550193787e-01 1.282632052898406982e-01
4.000000000000000000e+00 1.064686626195907593e-01 1.279336661100387573e-01
5.000000000000000000e+00 1.059724166989326477e-01 1.276061087846755981e-01
6.000000000000000000e+00 1.055046543478965759e-01 1.272845715284347534e-01
7.000000000000000000e+00 1.050323322415351868e-01 1.269465386867523193e-01
8.000000000000000000e+00 1.045703291893005371e-01 1.266575604677200317e-01
9.000000000000000000e+00 1.041057482361793518e-01 1.263573765754699707e-01
1.000000000000000000e+01 1.036270037293434143e-01 1.260131597518920898e-01
1.100000000000000000e+01 1.031774207949638367e-01 1.257001310586929321e-01
1.200000000000000000e+01 1.027161329984664917e-01 1.253696978092193604e-01
1.300000000000000000e+01 1.022550910711288452e-01 1.250693649053573608e-01
1.400000000000000000e+01 1.018066480755805969e-01 1.247676163911819458e-01
1.500000000000000000e+01 1.013660505414009094e-01 1.244541034102439880e-01
1.600000000000000000e+01 1.009089574217796326e-01 1.241098269820213318e-01
1.700000000000000000e+01 1.004731953144073486e-01 1.238201335072517395e-01
1.800000000000000000e+01 1.000189632177352905e-01 1.235007643699645996e-01
1.900000000000000000e+01 9.959869086742401123e-02 1.232161596417427063e-01
2.000000000000000000e+01 9.915310144424438477e-02 1.229100525379180908e-01
2.100000000000000000e+01 9.871044754981994629e-02 1.226201355457305908e-01
2.200000000000000000e+01 9.827185422182083130e-02 1.222773045301437378e-01
2.300000000000000000e+01 9.783617407083511353e-02 1.219863072037696838e-01
2.400000000000000000e+01 9.740836173295974731e-02 1.217031553387641907e-01
2.500000000000000000e+01 9.698712080717086792e-02 1.213783547282218933e-01
2.600000000000000000e+01 9.655803442001342773e-02 1.210955604910850525e-01
2.700000000000000000e+01 9.612939506769180298e-02 1.207951679825782776e-01
2.800000000000000000e+01 9.571944922208786011e-02 1.204685792326927185e-01
2.900000000000000000e+01 9.527202695608139038e-02 1.201700568199157715e-01
3.000000000000000000e+01 9.487866610288619995e-02 1.199079304933547974e-01
3.100000000000000000e+01 9.445244818925857544e-02 1.195750981569290161e-01
3.200000000000000000e+01 9.400389343500137329e-02 1.192952543497085571e-01
3.300000000000000000e+01 9.361092001199722290e-02 1.189885661005973816e-01
3.400000000000000000e+01 9.318712353706359863e-02 1.187208369374275208e-01
3.500000000000000000e+01 9.276511520147323608e-02 1.184195354580879211e-01
3.600000000000000000e+01 9.234686195850372314e-02 1.181106269359588623e-01
3.700000000000000000e+01 9.191452711820602417e-02 1.177677512168884277e-01
3.800000000000000000e+01 9.150579571723937988e-02 1.175049245357513428e-01
3.900000000000000000e+01 9.110435098409652710e-02 1.171789616346359253e-01
4.000000000000000000e+01 9.069675952196121216e-02 1.168874576687812805e-01
4.100000000000000000e+01 9.026324003934860229e-02 1.165744811296463013e-01
4.200000000000000000e+01 8.985581248998641968e-02 1.162703782320022583e-01
4.300000000000000000e+01 8.943949639797210693e-02 1.159692928194999695e-01
4.400000000000000000e+01 8.901798725128173828e-02 1.156432926654815674e-01
4.500000000000000000e+01 8.860614150762557983e-02 1.153521686792373657e-01
4.600000000000000000e+01 8.819327503442764282e-02 1.150197684764862061e-01
4.700000000000000000e+01 8.778414130210876465e-02 1.147159337997436523e-01
4.800000000000000000e+01 8.737835288047790527e-02 1.144014149904251099e-01
4.900000000000000000e+01 8.695336431264877319e-02 1.140857562422752380e-01
5.000000000000000000e+01 8.655933290719985962e-02 1.138096004724502563e-01
5.100000000000000000e+01 8.616065233945846558e-02 1.134597584605216980e-01
5.200000000000000000e+01 8.573718369007110596e-02 1.131533607840538025e-01
5.300000000000000000e+01 8.533077687025070190e-02 1.127890944480895996e-01
5.400000000000000000e+01 8.492208272218704224e-02 1.124833896756172180e-01
5.500000000000000000e+01 8.451357483863830566e-02 1.121853440999984741e-01
5.600000000000000000e+01 8.413106948137283325e-02 1.118878796696662903e-01
5.700000000000000000e+01 8.372826129198074341e-02 1.115146055817604065e-01
5.800000000000000000e+01 8.333241939544677734e-02 1.111899465322494507e-01
5.900000000000000000e+01 8.296501636505126953e-02 1.108842641115188599e-01
6.000000000000000000e+01 8.255384117364883423e-02 1.106333732604980469e-01
6.100000000000000000e+01 8.216981589794158936e-02 1.102558225393295288e-01
6.200000000000000000e+01 8.179772645235061646e-02 1.099297404289245605e-01
6.300000000000000000e+01 8.140754699707031250e-02 1.096242368221282959e-01
6.400000000000000000e+01 8.103609085083007812e-02 1.092555895447731018e-01
6.500000000000000000e+01 8.066295832395553589e-02 1.089129000902175903e-01
6.600000000000000000e+01 8.028648793697357178e-02 1.086922362446784973e-01
6.700000000000000000e+01 7.993755489587783813e-02 1.083294227719306946e-01
6.800000000000000000e+01 7.955729216337203979e-02 1.080072596669197083e-01
6.900000000000000000e+01 7.921173423528671265e-02 1.076154932379722595e-01
7.000000000000000000e+01 7.887160778045654297e-02 1.073108091950416565e-01
7.100000000000000000e+01 7.851916551589965820e-02 1.069415807723999023e-01
7.200000000000000000e+01 7.818102091550827026e-02 1.066450923681259155e-01
7.300000000000000000e+01 7.784259319305419922e-02 1.063050478696823120e-01
7.400000000000000000e+01 7.753095030784606934e-02 1.060148179531097412e-01
7.500000000000000000e+01 7.719640433788299561e-02 1.057198792695999146e-01
7.600000000000000000e+01 7.688722759485244751e-02 1.053548604249954224e-01
7.700000000000000000e+01 7.655943185091018677e-02 1.050623580813407898e-01
7.800000000000000000e+01 7.625431567430496216e-02 1.047531664371490479e-01
7.900000000000000000e+01 7.593294233083724976e-02 1.043539121747016907e-01
8.000000000000000000e+01 7.565145939588546753e-02 1.041258871555328369e-01
8.100000000000000000e+01 7.538510859012603760e-02 1.037786453962326050e-01
8.200000000000000000e+01 7.509431242942810059e-02 1.034712493419647217e-01
8.300000000000000000e+01 7.481744885444641113e-02 1.031039208173751831e-01
8.400000000000000000e+01 7.455782592296600342e-02 1.028552278876304626e-01
8.500000000000000000e+01 7.431810349225997925e-02 1.026032492518424988e-01
8.600000000000000000e+01 7.402922958135604858e-02 1.022283583879470825e-01
8.700000000000000000e+01 7.377194613218307495e-02 1.018848568201065063e-01
8.800000000000000000e+01 7.355260848999023438e-02 1.016916334629058838e-01
8.900000000000000000e+01 7.329973578453063965e-02 1.013361141085624695e-01
9.000000000000000000e+01 7.307771593332290649e-02 1.011655032634735107e-01
9.100000000000000000e+01 7.284169644117355347e-02 1.008148193359375000e-01
9.200000000000000000e+01 7.263201475143432617e-02 1.005095988512039185e-01
9.300000000000000000e+01 7.238130271434783936e-02 1.002544090151786804e-01
9.400000000000000000e+01 7.219688594341278076e-02 9.991645812988281250e-02
9.500000000000000000e+01 7.199726253747940063e-02 9.964979439973831177e-02
9.600000000000000000e+01 7.177832722663879395e-02 9.947489202022552490e-02
9.700000000000000000e+01 7.157627493143081665e-02 9.920208156108856201e-02
9.800000000000000000e+01 7.142943143844604492e-02 9.894514828920364380e-02
9.900000000000000000e+01 7.119478285312652588e-02 9.863041341304779053e-02
1.000000000000000000e+02 7.102083414793014526e-02 9.845053404569625854e-02
1.010000000000000000e+02 7.086328417062759399e-02 9.831064194440841675e-02
1.020000000000000000e+02 7.067282497882843018e-02 9.801181405782699585e-02
1.030000000000000000e+02 7.047467678785324097e-02 9.770413488149642944e-02
1.040000000000000000e+02 7.030969858169555664e-02 9.756221622228622437e-02
1.050000000000000000e+02 7.016569375991821289e-02 9.727234393358230591e-02
1.060000000000000000e+02 7.002736628055572510e-02 9.706497937440872192e-02
1.070000000000000000e+02 6.985474377870559692e-02 9.682908654212951660e-02
1.080000000000000000e+02 6.968914717435836792e-02 9.666872769594192505e-02
1.090000000000000000e+02 6.955233216285705566e-02 9.644235670566558838e-02
1.100000000000000000e+02 6.938676536083221436e-02 9.616060554981231689e-02
1.110000000000000000e+02 6.923816353082656860e-02 9.599620103836059570e-02
1.120000000000000000e+02 6.909631937742233276e-02 9.578593820333480835e-02
1.130000000000000000e+02 6.898212432861328125e-02 9.559718519449234009e-02
1.140000000000000000e+02 6.884124875068664551e-02 9.532607346773147583e-02
1.150000000000000000e+02 6.869479268789291382e-02 9.515732526779174805e-02
1.160000000000000000e+02 6.855255365371704102e-02 9.501654654741287231e-02
1.170000000000000000e+02 6.847316771745681763e-02 9.482260793447494507e-02
1.180000000000000000e+02 6.834030151367187500e-02 9.471368789672851562e-02
1.190000000000000000e+02 6.821542978286743164e-02 9.451677650213241577e-02
1.200000000000000000e+02 6.806784868240356445e-02 9.437617659568786621e-02
1.210000000000000000e+02 6.794778257608413696e-02 9.411512315273284912e-02
1.220000000000000000e+02 6.782945990562438965e-02 9.393272548913955688e-02
1.230000000000000000e+02 6.772292405366897583e-02 9.389156103134155273e-02
1.240000000000000000e+02 6.756485253572463989e-02 9.365992248058319092e-02
1.250000000000000000e+02 6.748602539300918579e-02 9.343819320201873779e-02
1.260000000000000000e+02 6.737279891967773438e-02 9.330072999000549316e-02
1.270000000000000000e+02 6.725315749645233154e-02 9.312338382005691528e-02
1.280000000000000000e+02 6.715430319309234619e-02 9.304714947938919067e-02
1.290000000000000000e+02 6.700434535741806030e-02 9.285935759544372559e-02
1.300000000000000000e+02 6.693292409181594849e-02 9.265007823705673218e-02
1.310000000000000000e+02 6.680161505937576294e-02 9.253215789794921875e-02
1.320000000000000000e+02 6.671130657196044922e-02 9.243451058864593506e-02
1.330000000000000000e+02 6.660151481628417969e-02 9.221294522285461426e-02
1.340000000000000000e+02 6.649470329284667969e-02 9.207812696695327759e-02
1.350000000000000000e+02 6.641829013824462891e-02 9.198834002017974854e-02
1.360000000000000000e+02 6.629586964845657349e-02 9.187714755535125732e-02
1.370000000000000000e+02 6.619995087385177612e-02 9.173458814620971680e-02
1.380000000000000000e+02 6.610306352376937866e-02 9.151546657085418701e-02
1.390000000000000000e+02 6.596560776233673096e-02 9.138359129428863525e-02
1.400000000000000000e+02 6.591937690973281860e-02 9.130731225013732910e-02
1.410000000000000000e+02 6.579614430665969849e-02 9.117086976766586304e-02
1.420000000000000000e+02 6.569882482290267944e-02 9.106010198593139648e-02
1.430000000000000000e+02 6.557754427194595337e-02 9.081865102052688599e-02
1.440000000000000000e+02 6.551764160394668579e-02 9.064761549234390259e-02
1.450000000000000000e+02 6.540083140134811401e-02 9.048530459403991699e-02
1.460000000000000000e+02 6.531623750925064087e-02 9.052425622940063477e-02
1.470000000000000000e+02 6.521806865930557251e-02 9.032616764307022095e-02
1.480000000000000000e+02 6.512629240751266479e-02 9.019821882247924805e-02
1.490000000000000000e+02 6.504363566637039185e-02 9.008903801441192627e-02
1.500000000000000000e+02 6.498354673385620117e-02 9.008714556694030762e-02
1.510000000000000000e+02 6.487620621919631958e-02 8.986626565456390381e-02
1.520000000000000000e+02 6.476648896932601929e-02 8.973936736583709717e-02
1.530000000000000000e+02 6.471247225999832153e-02 8.957396447658538818e-02
1.540000000000000000e+02 6.460971385240554810e-02 8.952747285366058350e-02
1.550000000000000000e+02 6.452897191047668457e-02 8.944250643253326416e-02
1.560000000000000000e+02 6.441356986761093140e-02 8.934836834669113159e-02
1.570000000000000000e+02 6.435856223106384277e-02 8.913280814886093140e-02
1.580000000000000000e+02 6.424503028392791748e-02 8.902097493410110474e-02
1.590000000000000000e+02 6.417613476514816284e-02 8.895314484834671021e-02
1.600000000000000000e+02 6.408564001321792603e-02 8.890654146671295166e-02
1.610000000000000000e+02 6.404115259647369385e-02 8.864846080541610718e-02
1.620000000000000000e+02 6.391794234514236450e-02 8.860258758068084717e-02
1.630000000000000000e+02 6.386031210422515869e-02 8.845066279172897339e-02
1.640000000000000000e+02 6.377640366554260254e-02 8.837944269180297852e-02
1.650000000000000000e+02 6.370811909437179565e-02 8.829148858785629272e-02
1.660000000000000000e+02 6.361027061939239502e-02 8.819275349378585815e-02
1.670000000000000000e+02 6.353462487459182739e-02 8.798506855964660645e-02
1.680000000000000000e+02 6.345640122890472412e-02 8.792424201965332031e-02
1.690000000000000000e+02 6.334941089153289795e-02 8.782294392585754395e-02
1.700000000000000000e+02 6.331671774387359619e-02 8.774920552968978882e-02
1.710000000000000000e+02 6.325203180313110352e-02 8.768678456544876099e-02
1.720000000000000000e+02 6.314083188772201538e-02 8.748908340930938721e-02
1.730000000000000000e+02 6.307768076658248901e-02 8.737553656101226807e-02
1.740000000000000000e+02 6.301583349704742432e-02 8.738699555397033691e-02
1.750000000000000000e+02 6.290948390960693359e-02 8.722040802240371704e-02
1.760000000000000000e+02 6.284217536449432373e-02 8.722697943449020386e-02
1.770000000000000000e+02 6.276132166385650635e-02 8.697589486837387085e-02
1.780000000000000000e+02 6.269918382167816162e-02 8.694314211606979370e-02
1.790000000000000000e+02 6.260327994823455811e-02 8.691424876451492310e-02
1.800000000000000000e+02 6.254578381776809692e-02 8.673495054244995117e-02
1.810000000000000000e+02 6.245802715420722961e-02 8.671733736991882324e-02
1.820000000000000000e+02 6.239537522196769714e-02 8.658643811941146851e-02
1.830000000000000000e+02 6.232504174113273621e-02 8.644647896289825439e-02
1.840000000000000000e+02 6.225239485502243042e-02 8.637010306119918823e-02
1.850000000000000000e+02 6.219632923603057861e-02 8.632709830999374390e-02
1.860000000000000000e+02 6.213495880365371704e-02 8.626904338598251343e-02
1.870000000000000000e+02 6.205818429589271545e-02 8.612383157014846802e-02
1.880000000000000000e+02 6.196244060993194580e-02 8.607301115989685059e-02
1.890000000000000000e+02 6.189606338739395142e-02 8.599603176116943359e-02
1.900000000000000000e+02 6.188902258872985840e-02 8.588469028472900391e-02
1.910000000000000000e+02 6.179789081215858459e-02 8.581535518169403076e-02
1.920000000000000000e+02 6.175465136766433716e-02 8.574575930833816528e-02
1.930000000000000000e+02 6.166916340589523315e-02 8.562204986810684204e-02
1.940000000000000000e+02 6.161487475037574768e-02 8.540911972522735596e-02
1.950000000000000000e+02 6.153761222958564758e-02 8.540645241737365723e-02
1.960000000000000000e+02 6.145621091127395630e-02 8.528650552034378052e-02
1.970000000000000000e+02 6.140168011188507080e-02 8.526717871427536011e-02
1.980000000000000000e+02 6.133245304226875305e-02 8.516797423362731934e-02
1.990000000000000000e+02 6.127863004803657532e-02 8.506440371274948120e-02
2.000000000000000000e+02 6.122267618775367737e-02 8.502962440252304077e-02
2.010000000000000000e+02 6.116286665201187134e-02 8.496579527854919434e-02
2.020000000000000000e+02 6.107573583722114563e-02 8.481176197528839111e-02
2.030000000000000000e+02 6.103032454848289490e-02 8.474564552307128906e-02
2.040000000000000000e+02 6.099371612071990967e-02 8.459318429231643677e-02
2.050000000000000000e+02 6.092385947704315186e-02 8.467242121696472168e-02
2.060000000000000000e+02 6.087372079491615295e-02 8.447661250829696655e-02
2.070000000000000000e+02 6.081151962280273438e-02 8.464043587446212769e-02
2.080000000000000000e+02 6.071330606937408447e-02 8.434434235095977783e-02
2.090000000000000000e+02 6.067448481917381287e-02 8.435051888227462769e-02
2.100000000000000000e+02 6.060805171728134155e-02 8.427909761667251587e-02
2.110000000000000000e+02 6.058790534734725952e-02 8.418437838554382324e-02
2.120000000000000000e+02 6.051000952720642090e-02 8.420601487159729004e-02
2.130000000000000000e+02 6.047439202666282654e-02 8.399198949337005615e-02
2.140000000000000000e+02 6.037086620926856995e-02 8.380892872810363770e-02
2.150000000000000000e+02 6.034030392765998840e-02 8.386705070734024048e-02
2.160000000000000000e+02 6.031062826514244080e-02 8.377724885940551758e-02
2.170000000000000000e+02 6.021164730191230774e-02 8.371311426162719727e-02
2.180000000000000000e+02 6.016866862773895264e-02 8.356953412294387817e-02
2.190000000000000000e+02 6.015250831842422485e-02 8.363637328147888184e-02
2.200000000000000000e+02 6.007130816578865051e-02 8.349642902612686157e-02
2.210000000000000000e+02 6.002938374876976013e-02 8.352722227573394775e-02
2.220000000000000000e+02 5.996463075280189514e-02 8.337965607643127441e-02
2.230000000000000000e+02 5.991974100470542908e-02 8.340302109718322754e-02
2.240000000000000000e+02 5.982035025954246521e-02 8.320296555757522583e-02
2.250000000000000000e+02 5.980825051665306091e-02 8.316250890493392944e-02
2.260000000000000000e+02 5.974458530545234680e-02 8.306449651718139648e-02
2.270000000000000000e+02 5.972513556480407715e-02 8.302996307611465454e-02
2.280000000000000000e+02 5.964985117316246033e-02 8.295016735792160034e-02
2.290000000000000000e+02 5.964510887861251831e-02 8.288606256246566772e-02
2.300000000000000000e+02 5.955079197883605957e-02 8.280860632658004761e-02
2.310000000000000000e+02 5.952765047550201416e-02 8.269072324037551880e-02
2.320000000000000000e+02 5.946938693523406982e-02 8.269723504781723022e-02
2.330000000000000000e+02 5.944002047181129456e-02 8.265645802021026611e-02
2.340000000000000000e+02 5.937393009662628174e-02 8.256409317255020142e-02
2.350000000000000000e+02 5.933000147342681885e-02 8.261783421039581299e-02
2.360000000000000000e+02 5.928926169872283936e-02 8.241587132215499878e-02
2.370000000000000000e+02 5.923582613468170166e-02 8.232572674751281738e-02
2.380000000000000000e+02 5.916824191808700562e-02 8.233746886253356934e-02
2.390000000000000000e+02 5.914090201258659363e-02 8.235444873571395874e-02
2.400000000000000000e+02 5.907259881496429443e-02 8.225975185632705688e-02
2.410000000000000000e+02 5.906269699335098267e-02 8.211576193571090698e-02
2.420000000000000000e+02 5.903115123510360718e-02 8.206557482481002808e-02
2.430000000000000000e+02 5.896950885653495789e-02 8.214329928159713745e-02
2.440000000000000000e+02 5.892039090394973755e-02 8.196898549795150757e-02
2.450000000000000000e+02 5.888421460986137390e-02 8.197131007909774780e-02
2.460000000000000000e+02 5.882531777024269104e-02 8.191685378551483154e-02
2.470000000000000000e+02 5.882803350687026978e-02 8.182221651077270508e-02
2.480000000000000000e+02 5.877593159675598145e-02 8.173948526382446289e-02
2.490000000000000000e+02 5.870017036795616150e-02 8.160582184791564941e-02
2.500000000000000000e+02 5.864189192652702332e-02 8.160752058029174805e-02
2.510000000000000000e+02 5.863770470023155212e-02 8.165855705738067627e-02
2.520000000000000000e+02 5.862103775143623352e-02 8.161405473947525024e-02
2.530000000000000000e+02 5.853556469082832336e-02 8.163484185934066772e-02
2.540000000000000000e+02 5.852334946393966675e-02 8.147699385881423950e-02
2.550000000000000000e+02 5.845767632126808167e-02 8.136459439992904663e-02
2.560000000000000000e+02 5.842686817049980164e-02 8.123010396957397461e-02
2.570000000000000000e+02 5.837908014655113220e-02 8.119407296180725098e-02
2.580000000000000000e+02 5.836152657866477966e-02 8.128891140222549438e-02
2.590000000000000000e+02 5.832331627607345581e-02 8.123730123043060303e-02
2.600000000000000000e+02 5.826505646109580994e-02 8.104164153337478638e-02
2.610000000000000000e+02 5.827433243393898010e-02 8.110210299491882324e-02
2.620000000000000000e+02 5.824029073119163513e-02 8.107796311378479004e-02
2.630000000000000000e+02 5.817214027047157288e-02 8.110012859106063843e-02
2.640000000000000000e+02 5.810674279928207397e-02 8.087696135044097900e-02
2.650000000000000000e+02 5.805658549070358276e-02 8.097530156373977661e-02
2.660000000000000000e+02 5.803326889872550964e-02 8.079834282398223877e-02
2.670000000000000000e+02 5.797430500388145447e-02 8.078645169734954834e-02
2.680000000000000000e+02 5.792579799890518188e-02 8.073010295629501343e-02
2.690000000000000000e+02 5.793714150786399841e-02 8.066117763519287109e-02
2.700000000000000000e+02 5.787092447280883789e-02 8.069734275341033936e-02
2.710000000000000000e+02 5.786843597888946533e-02 8.055677264928817749e-02
2.720000000000000000e+02 5.779286846518516541e-02 8.057510852813720703e-02
2.730000000000000000e+02 5.775764957070350647e-02 8.050497621297836304e-02
2.740000000000000000e+02 5.774472653865814209e-02 8.034126460552215576e-02
2.750000000000000000e+02 5.773510411381721497e-02 8.040869981050491333e-02
2.760000000000000000e+02 5.771856382489204407e-02 8.034672588109970093e-02
2.770000000000000000e+02 5.764266476035118103e-02 8.027991652488708496e-02
2.780000000000000000e+02 5.759271979331970215e-02 8.028085529804229736e-02
2.790000000000000000e+02 5.761365965008735657e-02 8.019255846738815308e-02
2.800000000000000000e+02 5.753805488348007202e-02 8.015064150094985962e-02
2.810000000000000000e+02 5.751659721136093140e-02 7.998099923133850098e-02
2.820000000000000000e+02 5.747395008802413940e-02 8.004727214574813843e-02
2.830000000000000000e+02 5.745546892285346985e-02 7.992632687091827393e-02
2.840000000000000000e+02 5.742553249001502991e-02 7.985973358154296875e-02
2.850000000000000000e+02 5.739989131689071655e-02 7.990540564060211182e-02
2.860000000000000000e+02 5.734633654356002808e-02 7.981916517019271851e-02
2.870000000000000000e+02 5.731800571084022522e-02 7.979924976825714111e-02
2.880000000000000000e+02 5.729870125651359558e-02 7.981221377849578857e-02
2.890000000000000000e+02 5.729474499821662903e-02 7.964789867401123047e-02
2.900000000000000000e+02 5.721201002597808838e-02 7.967957854270935059e-02
2.910000000000000000e+02 5.720541998744010925e-02 7.963612675666809082e-02
2.920000000000000000e+02 5.715764686465263367e-02 7.948971539735794067e-02
2.930000000000000000e+02 5.710306763648986816e-02 7.955448329448699951e-02
2.940000000000000000e+02 5.706392601132392883e-02 7.950340211391448975e-02
2.950000000000000000e+02 5.708911642432212830e-02 7.952535152435302734e-02
2.960000000000000000e+02 5.702398717403411865e-02 7.939954847097396851e-02
2.970000000000000000e+02 5.701249837875366211e-02 7.930002361536026001e-02
2.980000000000000000e+02 5.702704563736915588e-02 7.934699952602386475e-02
2.990000000000000000e+02 5.697420984506607056e-02 7.925608754158020020e-02
3.000000000000000000e+02 5.691625550389289856e-02 7.932441681623458862e-02
3.010000000000000000e+02 5.685930326581001282e-02 7.919327914714813232e-02
3.020000000000000000e+02 5.688751116394996643e-02 7.921175658702850342e-02
3.030000000000000000e+02 5.682517588138580322e-02 7.908917218446731567e-02
3.040000000000000000e+02 5.679599195718765259e-02 7.910738140344619751e-02
3.050000000000000000e+02 5.676819384098052979e-02 7.904059439897537231e-02
3.060000000000000000e+02 5.676342919468879700e-02 7.898093760013580322e-02
3.070000000000000000e+02 5.672017857432365417e-02 7.902032136917114258e-02
3.080000000000000000e+02 5.667011439800262451e-02 7.897932082414627075e-02
3.090000000000000000e+02 5.664308369159698486e-02 7.898002862930297852e-02
3.100000000000000000e+02 5.664606019854545593e-02 7.894192636013031006e-02
3.110000000000000000e+02 5.661864578723907471e-02 7.890498638153076172e-02
3.120000000000000000e+02 5.661407113075256348e-02 7.885963469743728638e-02
3.130000000000000000e+02 5.657269433140754700e-02 7.885819673538208008e-02
3.140000000000000000e+02 5.653718486428260803e-02 7.873251289129257202e-02
3.150000000000000000e+02 5.650675669312477112e-02 7.863607257604598999e-02
3.160000000000000000e+02 5.648552626371383667e-02 7.876181602478027344e-02
3.170000000000000000e+02 5.646727234125137329e-02 7.859022170305252075e-02
3.180000000000000000e+02 5.642270296812057495e-02 7.861717045307159424e-02
3.190000000000000000e+02 5.638895183801651001e-02 7.854372262954711914e-02
3.200000000000000000e+02 5.636939778923988342e-02 7.857324928045272827e-02
3.210000000000000000e+02 5.630519241094589233e-02 7.853985577821731567e-02
3.220000000000000000e+02 5.627315491437911987e-02 7.848562300205230713e-02
3.230000000000000000e+02 5.625795200467109680e-02 7.847715914249420166e-02
3.240000000000000000e+02 5.628235638141632080e-02 7.842487096786499023e-02
3.250000000000000000e+02 5.621874704957008362e-02 7.835065573453903198e-02
3.260000000000000000e+02 5.615596100687980652e-02 7.822876423597335815e-02
3.270000000000000000e+02 5.620022863149642944e-02 7.829923927783966064e-02
3.280000000000000000e+02 5.617210268974304199e-02 7.819890230894088745e-02
3.290000000000000000e+02 5.609491467475891113e-02 7.820504903793334961e-02
3.300000000000000000e+02 5.609774217009544373e-02 7.822862267494201660e-02
3.310000000000000000e+02 5.606825277209281921e-02 7.826382666826248169e-02
3.320000000000000000e+02 5.603475868701934814e-02 7.821363955736160278e-02
3.330000000000000000e+02 5.601242184638977051e-02 7.804348319768905640e-02
3.340000000000000000e+02 5.603091418743133545e-02 7.814019918441772461e-02
3.350000000000000000e+02 5.600046366453170776e-02 7.802804559469223022e-02
3.360000000000000000e+02 5.595211312174797058e-02 7.810152322053909302e-02
3.370000000000000000e+02 5.591242015361785889e-02 7.795666903257369995e-02
3.380000000000000000e+02 5.587277933955192566e-02 7.785615324974060059e-02
3.390000000000000000e+02 5.590836331248283386e-02 7.786476612091064453e-02
3.400000000000000000e+02 5.584116652607917786e-02 7.783766090869903564e-02
3.410000000000000000e+02 5.581803992390632629e-02 7.787088304758071899e-02
3.420000000000000000e+02 5.583585798740386963e-02 7.791621237993240356e-02
3.430000000000000000e+02 5.579351261258125305e-02 7.787976413965225220e-02
3.440000000000000000e+02 5.577386915683746338e-02 7.791654765605926514e-02
3.450000000000000000e+02 5.576256662607192993e-02 7.773081958293914795e-02
3.460000000000000000e+02 5.568570643663406372e-02 7.780066877603530884e-02
3.470000000000000000e+02 5.573478341102600098e-02 7.775940001010894775e-02
3.480000000000000000e+02 5.571939423680305481e-02 7.770199328660964966e-02
3.490000000000000000e+02 5.562743544578552246e-02 7.758735120296478271e-02
3.500000000000000000e+02 5.560956895351409912e-02 7.769605517387390137e-02
3.510000000000000000e+02 5.566261708736419678e-02 7.759042829275131226e-02
3.520000000000000000e+02 5.558749288320541382e-02 7.751841843128204346e-02
3.530000000000000000e+02 5.553713813424110413e-02 7.745859026908874512e-02
3.540000000000000000e+02 5.549794808030128479e-02 7.761814445257186890e-02
3.550000000000000000e+02 5.555278807878494263e-02 7.751650363206863403e-02
3.560000000000000000e+02 5.547326430678367615e-02 7.742127776145935059e-02
3.570000000000000000e+02 5.545051768422126770e-02 7.747366279363632202e-02
3.580000000000000000e+02 5.547716468572616577e-02 7.746396213769912720e-02
3.590000000000000000e+02 5.544009432196617126e-02 7.732675224542617798e-02
3.600000000000000000e+02 5.542753264307975769e-02 7.744020968675613403e-02
3.610000000000000000e+02 5.538554489612579346e-02 7.740303874015808105e-02
3.620000000000000000e+02 5.535590276122093201e-02 7.734823971986770630e-02
3.630000000000000000e+02 5.532386898994445801e-02 7.734476774930953979e-02
3.640000000000000000e+02 5.525908246636390686e-02 7.743251323699951172e-02
3.650000000000000000e+02 5.529957264661788940e-02 7.725560665130615234e-02
3.660000000000000000e+02 5.529524385929107666e-02 7.722613215446472168e-02
3.670000000000000000e+02 5.526228249073028564e-02 7.716022431850433350e-02
3.680000000000000000e+02 5.525130033493041992e-02 7.723300158977508545e-02
3.690000000000000000e+02 5.524989962577819824e-02 7.722897082567214966e-02
3.700000000000000000e+02 5.523804947733879089e-02 7.715022563934326172e-02
3.710000000000000000e+02 5.515181273221969604e-02 7.718694210052490234e-02
3.720000000000000000e+02 5.515014752745628357e-02 7.717130333185195923e-02
3.730000000000000000e+02 5.515268072485923767e-02 7.707124203443527222e-02
3.740000000000000000e+02 5.512320995330810547e-02 7.703039795160293579e-02
3.750000000000000000e+02 5.508784577250480652e-02 7.706474512815475464e-02
3.760000000000000000e+02 5.500647425651550293e-02 7.701454311609268188e-02
3.770000000000000000e+02 5.503739789128303528e-02 7.695509493350982666e-02
3.780000000000000000e+02 5.503975227475166321e-02 7.692755758762359619e-02
3.790000000000000000e+02 5.496868863701820374e-02 7.698916643857955933e-02
3.800000000000000000e+02 5.497270822525024414e-02 7.700750976800918579e-02
3.810000000000000000e+02 5.494884029030799866e-02 7.695397734642028809e-02
3.820000000000000000e+02 5.498075112700462341e-02 7.704932242631912231e-02
3.830000000000000000e+02 5.492778494954109192e-02 7.691889256238937378e-02
3.840000000000000000e+02 5.495836213231086731e-02 7.688611000776290894e-02
3.850000000000000000e+02 5.494875833392143250e-02 7.682570070028305054e-02
3.860000000000000000e+02 5.489828437566757202e-02 7.682211697101593018e-02
3.870000000000000000e+02 5.483381077647209167e-02 7.668258249759674072e-02
3.880000000000000000e+02 5.480295047163963318e-02 7.677198946475982666e-02
3.890000000000000000e+02 5.481358990073204041e-02 7.682549208402633667e-02
3.900000000000000000e+02 5.484873428940773010e-02 7.664562761783599854e-02
3.910000000000000000e+02 5.475995689630508423e-02 7.673088461160659790e-02
3.920000000000000000e+02 5.478290840983390808e-02 7.678248733282089233e-02
3.930000000000000000e+02 5.477941781282424927e-02 7.665848731994628906e-02
3.940000000000000000e+02 5.472866818308830261e-02 7.676193118095397949e-02
3.950000000000000000e+02 5.469411239027976990e-02 7.663460075855255127e-02
3.960000000000000000e+02 5.468939617276191711e-02 7.662854343652725220e-02
3.970000000000000000e+02 5.466613918542861938e-02 7.677590847015380859e-02
3.980000000000000000e+02 5.463821813464164734e-02 7.647351920604705811e-02
3.990000000000000000e+02 5.463524535298347473e-02 7.652689516544342041e-02
4.000000000000000000e+02 5.463757738471031189e-02 7.657238841056823730e-02
4.010000000000000000e+02 5.459967628121376038e-02 7.656917721033096313e-02
4.020000000000000000e+02 5.464178323745727539e-02 7.662390172481536865e-02
4.030000000000000000e+02 5.461297929286956787e-02 7.645299285650253296e-02
4.040000000000000000e+02 5.453641712665557861e-02 7.649964839220046997e-02
4.050000000000000000e+02 5.449751764535903931e-02 7.645834237337112427e-02
4.060000000000000000e+02 5.452893674373626709e-02 7.644910365343093872e-02
4.070000000000000000e+02 5.447666719555854797e-02 7.645170390605926514e-02
4.080000000000000000e+02 5.444863438606262207e-02 7.654229551553726196e-02
4.090000000000000000e+02 5.439503118395805359e-02 7.640049606561660767e-02
4.100000000000000000e+02 5.443380400538444519e-02 7.648912817239761353e-02
4.110000000000000000e+02 5.441897362470626831e-02 7.642523944377899170e-02
4.120000000000000000e+02 5.438325181603431702e-02 7.644739747047424316e-02
4.130000000000000000e+02 5.439524725079536438e-02 7.631087303161621094e-02
4.140000000000000000e+02 5.431984737515449524e-02 7.641066610813140869e-02
4.150000000000000000e+02 5.430493503808975220e-02 7.632127404212951660e-02
4.160000000000000000e+02 5.431890115141868591e-02 7.640825212001800537e-02
4.170000000000000000e+02 5.427302047610282898e-02 7.631407678127288818e-02
4.180000000000000000e+02 5.426835268735885620e-02 7.639726996421813965e-02
4.190000000000000000e+02 5.426224693655967712e-02 7.617356628179550171e-02
4.200000000000000000e+02 5.423563718795776367e-02 7.629048079252243042e-02
4.210000000000000000e+02 5.422951653599739075e-02 7.636267691850662231e-02
4.220000000000000000e+02 5.423873662948608398e-02 7.629992812871932983e-02
4.230000000000000000e+02 5.419242009520530701e-02 7.631554454565048218e-02
4.240000000000000000e+02 5.415625125169754028e-02 7.619269937276840210e-02
4.250000000000000000e+02 5.417599156498908997e-02 7.615970075130462646e-02
4.260000000000000000e+02 5.412363633513450623e-02 7.617393881082534790e-02
4.270000000000000000e+02 5.410812050104141235e-02 7.607417553663253784e-02
4.280000000000000000e+02 5.409919098019599915e-02 7.635775953531265259e-02
4.290000000000000000e+02 5.409410223364830017e-02 7.611124962568283081e-02
4.300000000000000000e+02 5.405473709106445312e-02 7.619657367467880249e-02
4.310000000000000000e+02 5.402557179331779480e-02 7.608053833246231079e-02
4.320000000000000000e+02 5.403536185622215271e-02 7.623622566461563110e-02
4.330000000000000000e+02 5.406901240348815918e-02 7.603573054075241089e-02
4.340000000000000000e+02 5.398628488183021545e-02 7.611095160245895386e-02
4.350000000000000000e+02 5.396878346800804138e-02 7.607509940862655640e-02
4.360000000000000000e+02 5.398768931627273560e-02 7.609190046787261963e-02
4.370000000000000000e+02 5.397795885801315308e-02 7.602117210626602173e-02
4.380000000000000000e+02 5.393147096037864685e-02 7.603724300861358643e-02
4.390000000000000000e+02 5.394513905048370361e-02 7.596620917320251465e-02
4.400000000000000000e+02 5.393235385417938232e-02 7.596098631620407104e-02
4.410000000000000000e+02 5.383025854825973511e-02 7.595833390951156616e-02
4.420000000000000000e+02 5.388800054788589478e-02 7.597056031227111816e-02
4.430000000000000000e+02 5.383925139904022217e-02 7.594034820795059204e-02
4.440000000000000000e+02 5.383024364709854126e-02 7.599056512117385864e-02
4.450000000000000000e+02 5.383270606398582458e-02 7.602547109127044678e-02
4.460000000000000000e+02 5.380388349294662476e-02 7.597705721855163574e-02
4.470000000000000000e+02 5.376324430108070374e-02 7.589724659919738770e-02
4.480000000000000000e+02 5.374708399176597595e-02 7.594021409749984741e-02
4.490000000000000000e+02 5.372194945812225342e-02 7.579240202903747559e-02
4.500000000000000000e+02 5.373324453830718994e-02 7.581474632024765015e-02
4.510000000000000000e+02 5.374249443411827087e-02 7.589958608150482178e-02
4.520000000000000000e+02 5.371646210551261902e-02 7.589905709028244019e-02
4.530000000000000000e+02 5.362864583730697632e-02 7.588340342044830322e-02
4.540000000000000000e+02 5.367248505353927612e-02 7.578956335783004761e-02
4.550000000000000000e+02 5.361254513263702393e-02 7.593373954296112061e-02
4.560000000000000000e+02 5.363389849662780762e-02 7.578495144844055176e-02
4.570000000000000000e+02 5.363545194268226624e-02 7.578436285257339478e-02
4.580000000000000000e+02 5.359848216176033020e-02 7.588291168212890625e-02
4.590000000000000000e+02 5.355167761445045471e-02 7.590920478105545044e-02
4.600000000000000000e+02 5.356967076659202576e-02 7.575842738151550293e-02
4.610000000000000000e+02 5.354458838701248169e-02 7.586678117513656616e-02
4.620000000000000000e+02 5.353021621704101562e-02 7.570485025644302368e-02
4.630000000000000000e+02 5.348736047744750977e-02 7.573299854993820190e-02
4.640000000000000000e+02 5.350833758711814880e-02 7.578797638416290283e-02
4.650000000000000000e+02 5.348611250519752502e-02 7.567334175109863281e-02
4.660000000000000000e+02 5.350021645426750183e-02 7.577175647020339966e-02
4.670000000000000000e+02 5.343741551041603088e-02 7.563723623752593994e-02
4.680000000000000000e+02 5.339547246694564819e-02 7.580737769603729248e-02
4.690000000000000000e+02 5.341018736362457275e-02 7.576674222946166992e-02
4.700000000000000000e+02 5.337635427713394165e-02 7.579872012138366699e-02
4.710000000000000000e+02 5.333989858627319336e-02 7.582083344459533691e-02
4.720000000000000000e+02 5.336483940482139587e-02 7.566940039396286011e-02
4.730000000000000000e+02 5.331920087337493896e-02 7.578448951244354248e-02
4.740000000000000000e+02 5.333083495497703552e-02 7.577633112668991089e-02
4.750000000000000000e+02 5.330106988549232483e-02 7.552137970924377441e-02
4.760000000000000000e+02 5.324543267488479614e-02 7.561333477497100830e-02
4.770000000000000000e+02 5.328846722841262817e-02 7.563387602567672729e-02
4.780000000000000000e+02 5.319734662771224976e-02 7.558806240558624268e-02
4.790000000000000000e+02 5.321492254734039307e-02 7.561901956796646118e-02
4.800000000000000000e+02 5.319475755095481873e-02 7.565647363662719727e-02
4.810000000000000000e+02 5.315899103879928589e-02 7.563223689794540405e-02
4.820000000000000000e+02 5.316664278507232666e-02 7.555548846721649170e-02
4.830000000000000000e+02 5.317912995815277100e-02 7.565864920616149902e-02
4.840000000000000000e+02 5.315480381250381470e-02 7.564264535903930664e-02
