0.000000000000000000e+00 1.047310158610343933e-01 1.257265061140060425e-01
1.000000000000000000e+00 1.041840091347694397e-01 1.252767145633697510e-01
2.000000000000000000e+00 1.036229804158210754e-01 1.248815804719924927e-01
3.000000000000000000e+00 1.030687764286994934e-01 1.244550719857215881e-01
4.000000000000000000e+00 1.025095954537391663e-01 1.240403950214385986e-01
5.000000000000000000e+00 1.019537299871444702e-01 1.235722601413726807e-01
6.000000000000000000e+00 1.013857647776603699e-01 1.231964901089668274e-01
7.000000000000000000e+00 1.008244603872299194e-01 1.227403134107589722e-01
8.000000000000000000e+00 1.002664342522621155e-01 1.223306879401206970e-01
9.000000000000000000e+00 9.968096762895584106e-02 1.218642964959144592e-01
1.000000000000000000e+01 9.911482781171798706e-02 1.214233711361885071e-01
1.100000000000000000e+01 9.854137897491455078e-02 1.209689378738403320e-01
1.200000000000000000e+01 9.797107428312301636e-02 1.205062717199325562e-01
1.300000000000000000e+01 9.738148748874664307e-02 1.200375929474830627e-01
1.400000000000000000e+01 9.680416435003280640e-02 1.195548698306083679e-01
1.500000000000000000e+01 9.619244933128356934e-02 1.190994754433631897e-01
1.600000000000000000e+01 9.560719132423400879e-02 1.186390519142150879e-01
1.700000000000000000e+01 9.500167518854141235e-02 1.181037425994873047e-01
1.800000000000000000e+01 9.439166635274887085e-02 1.175793111324310303e-01
1.900000000000000000e+01 9.377098083496093750e-02 1.170637384057044983e-01
2.000000000000000000e+01 9.316416084766387939e-02 1.165566742420196533e-01
2.100000000000000000e+01 9.254040569067001343e-02 1.160251423716545105e-01
2.200000000000000000e+01 9.189353138208389282e-02 1.154619082808494568e-01
2.300000000000000000e+01 9.126078337430953979e-02 1.149517521262168884e-01
2.400000000000000000e+01 9.063632041215896606e-02 1.143986582756042480e-01
2.500000000000000000e+01 8.999261260032653809e-02 1.137549579143524170e-01
2.600000000000000000e+01 8.936288952827453613e-02 1.132357567548751831e-01
2.700000000000000000e+01 8.872263878583908081e-02 1.126181483268737793e-01
2.800000000000000000e+01 8.808883279561996460e-02 1.120187342166900635e-01
2.900000000000000000e+01 8.747448772192001343e-02 1.114496663212776184e-01
3.000000000000000000e+01 8.683954179286956787e-02 1.108953729271888733e-01
3.100000000000000000e+01 8.621134608983993530e-02 1.103018447756767273e-01
3.200000000000000000e+01 8.561738580465316772e-02 1.097232103347778320e-01
3.300000000000000000e+01 8.501161634922027588e-02 1.091355830430984497e-01
3.400000000000000000e+01 8.446497470140457153e-02 1.085516065359115601e-01
3.500000000000000000e+01 8.386319130659103394e-02 1.079108640551567078e-01
3.600000000000000000e+01 8.330883085727691650e-02 1.074394956231117249e-01
3.700000000000000000e+01 8.275786042213439941e-02 1.068530604243278503e-01
3.800000000000000000e+01 8.222364634275436401e-02 1.063177511096000671e-01
3.900000000000000000e+01 8.170857280492782593e-02 1.057881638407707214e-01
4.000000000000000000e+01 8.118245750665664673e-02 1.052521467208862305e-01
4.100000000000000000e+01 8.070898056030273438e-02 1.047602742910385132e-01
4.200000000000000000e+01 8.025681227445602417e-02 1.043380573391914368e-01
4.300000000000000000e+01 7.975417375564575195e-02 1.038358658552169800e-01
4.400000000000000000e+01 7.932069897651672363e-02 1.034545451402664185e-01
4.500000000000000000e+01 7.885725051164627075e-02 1.029911190271377563e-01
4.600000000000000000e+01 7.842512428760528564e-02 1.024851724505424500e-01
4.700000000000000000e+01 7.798071205615997314e-02 1.021481603384017944e-01
4.800000000000000000e+01 7.755108922719955444e-02 1.016632169485092163e-01
4.900000000000000000e+01 7.712402194738388062e-02 1.012583971023559570e-01
5.000000000000000000e+01 7.669936120510101318e-02 1.009689942002296448e-01
5.100000000000000000e+01 7.628583908081054688e-02 1.004368886351585388e-01
5.200000000000000000e+01 7.587359845638275146e-02 1.001965925097465515e-01
5.300000000000000000e+01 7.549063116312026978e-02 9.966179728507995605e-02
5.400000000000000000e+01 7.510489225387573242e-02 9.935647249221801758e-02
5.500000000000000000e+01 7.470659911632537842e-02 9.902263432741165161e-02
5.600000000000000000e+01 7.432299107313156128e-02 9.853708744049072266e-02
5.700000000000000000e+01 7.399441301822662354e-02 9.806083887815475464e-02
5.800000000000000000e+01 7.360801845788955688e-02 9.779661893844604492e-02
5.900000000000000000e+01 7.327396422624588013e-02 9.749163687229156494e-02
6.000000000000000000e+01 7.290059328079223633e-02 9.700761735439300537e-02
6.100000000000000000e+01 7.259648293256759644e-02 9.662089496850967407e-02
6.200000000000000000e+01 7.229208946228027344e-02 9.625794738531112671e-02
6.300000000000000000e+01 7.195812463760375977e-02 9.591341018676757812e-02
6.400000000000000000e+01 7.164058089256286621e-02 9.547311067581176758e-02
6.500000000000000000e+01 7.134228199720382690e-02 9.504069387912750244e-02
6.600000000000000000e+01 7.108092308044433594e-02 9.474044293165206909e-02
6.700000000000000000e+01 7.079438120126724243e-02 9.439516067504882812e-02
6.800000000000000000e+01 7.049871236085891724e-02 9.392944723367691040e-02
6.900000000000000000e+01 7.026325911283493042e-02 9.365168213844299316e-02
7.000000000000000000e+01 7.002640515565872192e-02 9.312211722135543823e-02
7.100000000000000000e+01 6.973060220479965210e-02 9.298116713762283325e-02
7.200000000000000000e+01 6.949094682931900024e-02 9.260565787553787231e-02
7.300000000000000000e+01 6.928718835115432739e-02 9.235575050115585327e-02
7.400000000000000000e+01 6.904044747352600098e-02 9.191703796386718750e-02
7.500000000000000000e+01 6.881136447191238403e-02 9.153661876916885376e-02
7.600000000000000000e+01 6.858122348785400391e-02 9.119053184986114502e-02
7.700000000000000000e+01 6.837152689695358276e-02 9.096630662679672241e-02
7.800000000000000000e+01 6.814964115619659424e-02 9.075384587049484253e-02
7.900000000000000000e+01 6.791979819536209106e-02 9.033531695604324341e-02
8.000000000000000000e+01 6.770368665456771851e-02 9.001572430133819580e-02
8.100000000000000000e+01 6.748977303504943848e-02 8.982343971729278564e-02
8.200000000000000000e+01 6.728129833936691284e-02 8.955860137939453125e-02
8.300000000000000000e+01 6.708340346813201904e-02 8.936953544616699219e-02
8.400000000000000000e+01 6.689434498548507690e-02 8.909862488508224487e-02
8.500000000000000000e+01 6.668782979249954224e-02 8.885879814624786377e-02
8.600000000000000000e+01 6.649569422006607056e-02 8.866824209690093994e-02
8.700000000000000000e+01 6.629178673028945923e-02 8.850823342800140381e-02
8.800000000000000000e+01 6.607948988676071167e-02 8.820904791355133057e-02
8.900000000000000000e+01 6.593094021081924438e-02 8.794485032558441162e-02
9.000000000000000000e+01 6.573633849620819092e-02 8.780573308467864990e-02
9.100000000000000000e+01 6.555188447237014771e-02 8.756486326456069946e-02
9.200000000000000000e+01 6.537356227636337280e-02 8.727147430181503296e-02
9.300000000000000000e+01 6.516112387180328369e-02 8.702045679092407227e-02
9.400000000000000000e+01 6.500656157732009888e-02 8.679550886154174805e-02
9.500000000000000000e+01 6.488522887229919434e-02 8.666655421257019043e-02
9.600000000000000000e+01 6.462384015321731567e-02 8.642854541540145874e-02
9.700000000000000000e+01 6.452154368162155151e-02 8.623899519443511963e-02
9.800000000000000000e+01 6.431806832551956177e-02 8.613898605108261108e-02
9.900000000000000000e+01 6.415815651416778564e-02 8.578228950500488281e-02
1.000000000000000000e+02 6.400404870510101318e-02 8.566544204950332642e-02
1.010000000000000000e+02 6.382724642753601074e-02 8.533492684364318848e-02
1.020000000000000000e+02 6.368670612573623657e-02 8.528697490692138672e-02
1.030000000000000000e+02 6.350503116846084595e-02 8.510059863328933716e-02
1.040000000000000000e+02 6.337154656648635864e-02 8.494825661182403564e-02
1.050000000000000000e+02 6.323745846748352051e-02 8.462738990783691406e-02
1.060000000000000000e+02 6.305540353059768677e-02 8.457975089550018311e-02
1.070000000000000000e+02 6.290220469236373901e-02 8.437483757734298706e-02
1.080000000000000000e+02 6.274034827947616577e-02 8.412688225507736206e-02
1.090000000000000000e+02 6.260266155004501343e-02 8.406306058168411255e-02
1.100000000000000000e+02 6.250812113285064697e-02 8.380429446697235107e-02
1.110000000000000000e+02 6.234635040163993835e-02 8.364339172840118408e-02
1.120000000000000000e+02 6.221577525138854980e-02 8.351869136095046997e-02
1.130000000000000000e+02 6.210017576813697815e-02 8.339408040046691895e-02
1.140000000000000000e+02 6.197213754057884216e-02 8.324542641639709473e-02
1.150000000000000000e+02 6.179930269718170166e-02 8.303231745958328247e-02
1.160000000000000000e+02 6.166255846619606018e-02 8.286334574222564697e-02
1.170000000000000000e+02 6.152440235018730164e-02 8.270274847745895386e-02
1.180000000000000000e+02 6.143178418278694153e-02 8.244558423757553101e-02
1.190000000000000000e+02 6.126845255494117737e-02 8.242277801036834717e-02
1.200000000000000000e+02 6.115514039993286133e-02 8.227533102035522461e-02
1.210000000000000000e+02 6.101255118846893311e-02 8.210747689008712769e-02
1.220000000000000000e+02 6.095086410641670227e-02 8.185635507106781006e-02
1.230000000000000000e+02 6.076961010694503784e-02 8.173105120658874512e-02
1.240000000000000000e+02 6.066995859146118164e-02 8.149167150259017944e-02
1.250000000000000000e+02 6.055159121751785278e-02 8.150696754455566406e-02
1.260000000000000000e+02 6.045383214950561523e-02 8.144309371709823608e-02
1.270000000000000000e+02 6.029463186860084534e-02 8.122562617063522339e-02
1.280000000000000000e+02 6.024367734789848328e-02 8.105609565973281860e-02
1.290000000000000000e+02 6.008607521653175354e-02 8.088666945695877075e-02
1.300000000000000000e+02 6.000718474388122559e-02 8.074010163545608521e-02
1.310000000000000000e+02 5.983419343829154968e-02 8.047834038734436035e-02
1.320000000000000000e+02 5.977765843272209167e-02 8.038717508316040039e-02
1.330000000000000000e+02 5.964871495962142944e-02 8.016479760408401489e-02
1.340000000000000000e+02 5.956347659230232239e-02 8.007803559303283691e-02
1.350000000000000000e+02 5.948220938444137573e-02 8.005823194980621338e-02
1.360000000000000000e+02 5.936197564005851746e-02 7.977604866027832031e-02
1.370000000000000000e+02 5.923516303300857544e-02 7.966885715723037720e-02
1.380000000000000000e+02 5.914720520377159119e-02 7.956907153129577637e-02
1.390000000000000000e+02 5.900071561336517334e-02 7.947164773941040039e-02
1.400000000000000000e+02 5.891121551394462585e-02 7.930082082748413086e-02
1.410000000000000000e+02 5.884577333927154541e-02 7.917941361665725708e-02
1.420000000000000000e+02 5.868516117334365845e-02 7.900308817625045776e-02
1.430000000000000000e+02 5.861176550388336182e-02 7.891323417425155640e-02
1.440000000000000000e+02 5.852398276329040527e-02 7.869018614292144775e-02
1.450000000000000000e+02 5.839552357792854309e-02 7.865217328071594238e-02
1.460000000000000000e+02 5.829422548413276672e-02 7.853457331657409668e-02
1.470000000000000000e+02 5.818670988082885742e-02 7.828754186630249023e-02
1.480000000000000000e+02 5.806703120470046997e-02 7.837221026420593262e-02
1.490000000000000000e+02 5.799424275755882263e-02 7.818762212991714478e-02
1.500000000000000000e+02 5.796352028846740723e-02 7.802607864141464233e-02
1.510000000000000000e+02 5.781521648168563843e-02 7.780691981315612793e-02
1.520000000000000000e+02 5.770332366228103638e-02 7.765501737594604492e-02
1.530000000000000000e+02 5.762071162462234497e-02 7.774531841278076172e-02
1.540000000000000000e+02 5.756036192178726196e-02 7.764615118503570557e-02
1.550000000000000000e+02 5.746389925479888916e-02 7.744371145963668823e-02
1.560000000000000000e+02 5.732645839452743530e-02 7.738064974546432495e-02
1.570000000000000000e+02 5.720210820436477661e-02 7.731501758098602295e-02
1.580000000000000000e+02 5.718334019184112549e-02 7.722161710262298584e-02
1.590000000000000000e+02 5.707825347781181335e-02 7.699336856603622437e-02
1.600000000000000000e+02 5.698579177260398865e-02 7.697321474552154541e-02
1.610000000000000000e+02 5.690739303827285767e-02 7.680983096361160278e-02
1.620000000000000000e+02 5.681876465678215027e-02 7.665207237005233765e-02
1.630000000000000000e+02 5.678143724799156189e-02 7.665431499481201172e-02
1.640000000000000000e+02 5.662639439105987549e-02 7.663469761610031128e-02
1.650000000000000000e+02 5.655859410762786865e-02 7.641601562500000000e-02
1.660000000000000000e+02 5.649391189217567444e-02 7.632055878639221191e-02
1.670000000000000000e+02 5.640565231442451477e-02 7.622664421796798706e-02
1.680000000000000000e+02 5.630891397595405579e-02 7.615092396736145020e-02
1.690000000000000000e+02 5.623740702867507935e-02 7.618232816457748413e-02
1.700000000000000000e+02 5.611421540379524231e-02 7.596533000469207764e-02
1.710000000000000000e+02 5.608851462602615356e-02 7.589484006166458130e-02
1.720000000000000000e+02 5.597208067774772644e-02 7.592164725065231323e-02
1.730000000000000000e+02 5.593148246407508850e-02 7.571136206388473511e-02
1.740000000000000000e+02 5.580100044608116150e-02 7.568272203207015991e-02
1.750000000000000000e+02 5.573828890919685364e-02 7.557972520589828491e-02
1.760000000000000000e+02 5.572576448321342468e-02 7.542116194963455200e-02
1.770000000000000000e+02 5.556068196892738342e-02 7.527513056993484497e-02
1.780000000000000000e+02 5.550255998969078064e-02 7.529374957084655762e-02
1.790000000000000000e+02 5.547127872705459595e-02 7.520476728677749634e-02
1.800000000000000000e+02 5.532743409276008606e-02 7.522379606962203979e-02
1.810000000000000000e+02 5.534073710441589355e-02 7.529102265834808350e-02
1.820000000000000000e+02 5.522467941045761108e-02 7.499285787343978882e-02
1.830000000000000000e+02 5.518811196088790894e-02 7.495064288377761841e-02
1.840000000000000000e+02 5.502914637327194214e-02 7.490374892950057983e-02
1.850000000000000000e+02 5.497251823544502258e-02 7.477802038192749023e-02
1.860000000000000000e+02 5.489880219101905823e-02 7.467547059059143066e-02
1.870000000000000000e+02 5.483144149184226990e-02 7.452892512083053589e-02
1.880000000000000000e+02 5.471446737647056580e-02 7.448018342256546021e-02
1.890000000000000000e+02 5.473495647311210632e-02 7.457379251718521118e-02
1.900000000000000000e+02 5.469332262873649597e-02 7.442012429237365723e-02
1.910000000000000000e+02 5.467184260487556458e-02 7.423954457044601440e-02
1.920000000000000000e+02 5.455030128359794617e-02 7.424786686897277832e-02
1.930000000000000000e+02 5.440907180309295654e-02 7.425094395875930786e-02
1.940000000000000000e+02 5.436136573553085327e-02 7.416357100009918213e-02
1.950000000000000000e+02 5.433867126703262329e-02 7.416830211877822876e-02
1.960000000000000000e+02 5.426908656954765320e-02 7.402241230010986328e-02
1.970000000000000000e+02 5.417498201131820679e-02 7.392822951078414917e-02
1.980000000000000000e+02 5.413483455777168274e-02 7.381188869476318359e-02
1.990000000000000000e+02 5.410130321979522705e-02 7.364315539598464966e-02
2.000000000000000000e+02 5.398068577051162720e-02 7.386579364538192749e-02
2.010000000000000000e+02 5.393137410283088684e-02 7.363843917846679688e-02
2.020000000000000000e+02 5.388547852635383606e-02 7.358691841363906860e-02
2.030000000000000000e+02 5.379543453454971313e-02 7.349444180727005005e-02
2.040000000000000000e+02 5.374464020133018494e-02 7.336711138486862183e-02
2.050000000000000000e+02 5.368551239371299744e-02 7.338144630193710327e-02
2.060000000000000000e+02 5.368540436029434204e-02 7.336381822824478149e-02
2.070000000000000000e+02 5.358461290597915649e-02 7.324704527854919434e-02
2.080000000000000000e+02 5.349194258451461792e-02 7.315613329410552979e-02
2.090000000000000000e+02 5.348767712712287903e-02 7.299548387527465820e-02
2.100000000000000000e+02 5.340171605348587036e-02 7.305707037448883057e-02
2.110000000000000000e+02 5.328252166509628296e-02 7.294912636280059814e-02
2.120000000000000000e+02 5.335278064012527466e-02 7.292497158050537109e-02
2.130000000000000000e+02 5.321956053376197815e-02 7.290053367614746094e-02
2.140000000000000000e+02 5.313533544540405273e-02 7.282716035842895508e-02
2.150000000000000000e+02 5.310545489192008972e-02 7.268803566694259644e-02
2.160000000000000000e+02 5.305164307355880737e-02 7.273551076650619507e-02
2.170000000000000000e+02 5.296157673001289368e-02 7.255380600690841675e-02
2.180000000000000000e+02 5.287801101803779602e-02 7.247126847505569458e-02
2.190000000000000000e+02 5.284749343991279602e-02 7.256301492452621460e-02
2.200000000000000000e+02 5.280911922454833984e-02 7.237474620342254639e-02
2.210000000000000000e+02 5.268017575144767761e-02 7.245461642742156982e-02
2.220000000000000000e+02 5.269307270646095276e-02 7.227467745542526245e-02
2.230000000000000000e+02 5.262131616473197937e-02 7.218838483095169067e-02
2.240000000000000000e+02 5.253732949495315552e-02 7.199632376432418823e-02
2.250000000000000000e+02 5.249944701790809631e-02 7.208079099655151367e-02
2.260000000000000000e+02 5.252148956060409546e-02 7.202145457267761230e-02
2.270000000000000000e+02 5.247215554118156433e-02 7.208526879549026489e-02
2.280000000000000000e+02 5.239161476492881775e-02 7.192046940326690674e-02
2.290000000000000000e+02 5.231593549251556396e-02 7.178937643766403198e-02
2.300000000000000000e+02 5.221718549728393555e-02 7.189629226922988892e-02
2.310000000000000000e+02 5.222653225064277649e-02 7.173048704862594604e-02
2.320000000000000000e+02 5.212109163403511047e-02 7.174894958734512329e-02
2.330000000000000000e+02 5.211077257990837097e-02 7.144282013177871704e-02
2.340000000000000000e+02 5.206740647554397583e-02 7.154174149036407471e-02
2.350000000000000000e+02 5.197406560182571411e-02 7.141234725713729858e-02
2.360000000000000000e+02 5.197208002209663391e-02 7.151640951633453369e-02
2.370000000000000000e+02 5.189977958798408508e-02 7.148255407810211182e-02
2.380000000000000000e+02 5.181318148970603943e-02 7.130282372236251831e-02
2.390000000000000000e+02 5.182468146085739136e-02 7.118783891201019287e-02
2.400000000000000000e+02 5.175076425075531006e-02 7.125909626483917236e-02
2.410000000000000000e+02 5.170739442110061646e-02 7.126993685960769653e-02
2.420000000000000000e+02 5.168055742979049683e-02 7.135358452796936035e-02
2.430000000000000000e+02 5.161025375127792358e-02 7.117409259080886841e-02
2.440000000000000000e+02 5.150283500552177429e-02 7.096742838621139526e-02
2.450000000000000000e+02 5.149102210998535156e-02 7.101494073867797852e-02
2.460000000000000000e+02 5.143476650118827820e-02 7.091026008129119873e-02
2.470000000000000000e+02 5.141748860478401184e-02 7.089358568191528320e-02
2.480000000000000000e+02 5.134114995598793030e-02 7.073611766099929810e-02
2.490000000000000000e+02 5.125110968947410583e-02 7.078842818737030029e-02
2.500000000000000000e+02 5.120920389890670776e-02 7.073839753866195679e-02
2.510000000000000000e+02 5.115736648440361023e-02 7.061731070280075073e-02
2.520000000000000000e+02 5.114208534359931946e-02 7.056590914726257324e-02
2.530000000000000000e+02 5.115416273474693298e-02 7.068917900323867798e-02
2.540000000000000000e+02 5.100226774811744690e-02 7.052031159400939941e-02
2.550000000000000000e+02 5.103904008865356445e-02 7.059299945831298828e-02
2.560000000000000000e+02 5.095202848315238953e-02 7.040671259164810181e-02
2.570000000000000000e+02 5.082796886563301086e-02 7.040786743164062500e-02
2.580000000000000000e+02 5.085336044430732727e-02 7.031626254320144653e-02
2.590000000000000000e+02 5.079914256930351257e-02 7.034651190042495728e-02
2.600000000000000000e+02 5.076448991894721985e-02 7.042306661605834961e-02
2.610000000000000000e+02 5.067885294556617737e-02 7.025477290153503418e-02
2.620000000000000000e+02 5.064599588513374329e-02 7.010351866483688354e-02
2.630000000000000000e+02 5.057630687952041626e-02 7.004517316818237305e-02
2.640000000000000000e+02 5.057993158698081970e-02 7.017131149768829346e-02
2.650000000000000000e+02 5.052755400538444519e-02 7.006247341632843018e-02
2.660000000000000000e+02 5.045576393604278564e-02 6.998088210821151733e-02
2.670000000000000000e+02 5.047087371349334717e-02 6.993977725505828857e-02
2.680000000000000000e+02 5.039450153708457947e-02 6.991355121135711670e-02
2.690000000000000000e+02 5.031299591064453125e-02 6.970761716365814209e-02
2.700000000000000000e+02 5.030745640397071838e-02 6.990485638380050659e-02
2.710000000000000000e+02 5.024413391947746277e-02 6.973139196634292603e-02
2.720000000000000000e+02 5.017629265785217285e-02 6.967840343713760376e-02
2.730000000000000000e+02 5.007863789796829224e-02 6.958666443824768066e-02
2.740000000000000000e+02 5.009053274989128113e-02 6.961817294359207153e-02
2.750000000000000000e+02 5.010100081562995911e-02 6.946864724159240723e-02
2.760000000000000000e+02 5.003760010004043579e-02 6.943779438734054565e-02
2.770000000000000000e+02 4.997446388006210327e-02 6.928666681051254272e-02
2.780000000000000000e+02 4.994634538888931274e-02 6.942921131849288940e-02
2.790000000000000000e+02 4.992415010929107666e-02 6.936688721179962158e-02
2.800000000000000000e+02 4.981034249067306519e-02 6.927862018346786499e-02
2.810000000000000000e+02 4.981923848390579224e-02 6.930855661630630493e-02
2.820000000000000000e+02 4.973150789737701416e-02 6.925896555185317993e-02
2.830000000000000000e+02 4.971243068575859070e-02 6.926330178976058960e-02
2.840000000000000000e+02 4.963382333517074585e-02 6.919118016958236694e-02
2.850000000000000000e+02 4.956521093845367432e-02 6.916280835866928101e-02
2.860000000000000000e+02 4.951639100909233093e-02 6.901555508375167847e-02
2.870000000000000000e+02 4.947778582572937012e-02 6.897865235805511475e-02
2.880000000000000000e+02 4.949297010898590088e-02 6.887033581733703613e-02
2.890000000000000000e+02 4.942151531577110291e-02 6.896106153726577759e-02
2.900000000000000000e+02 4.942269623279571533e-02 6.884413212537765503e-02
2.910000000000000000e+02 4.936285316944122314e-02 6.883735209703445435e-02
2.920000000000000000e+02 4.930007830262184143e-02 6.881774961948394775e-02
2.930000000000000000e+02 4.921525344252586365e-02 6.864280253648757935e-02
2.940000000000000000e+02 4.917193576693534851e-02 6.868363171815872192e-02
2.950000000000000000e+02 4.915127903223037720e-02 6.862570345401763916e-02
2.960000000000000000e+02 4.908791556954383850e-02 6.861407309770584106e-02
2.970000000000000000e+02 4.902766272425651550e-02 6.857774406671524048e-02
2.980000000000000000e+02 4.897350445389747620e-02 6.868414580821990967e-02
2.990000000000000000e+02 4.895834252238273621e-02 6.855650246143341064e-02
3.000000000000000000e+02 4.893946275115013123e-02 6.850633025169372559e-02
3.010000000000000000e+02 4.883649572730064392e-02 6.833048909902572632e-02
3.020000000000000000e+02 4.881786927580833435e-02 6.828288733959197998e-02
3.030000000000000000e+02 4.877421632409095764e-02 6.826426833868026733e-02
3.040000000000000000e+02 4.877035319805145264e-02 6.815292686223983765e-02
3.050000000000000000e+02 4.868327826261520386e-02 6.810437142848968506e-02
3.060000000000000000e+02 4.861800745129585266e-02 6.814656406641006470e-02
3.070000000000000000e+02 4.863408952951431274e-02 6.797713786363601685e-02
3.080000000000000000e+02 4.857484251260757446e-02 6.810683757066726685e-02
3.090000000000000000e+02 4.853416234254837036e-02 6.797443330287933350e-02
3.100000000000000000e+02 4.849215224385261536e-02 6.810472905635833740e-02
3.110000000000000000e+02 4.845728352665901184e-02 6.788998097181320190e-02
3.120000000000000000e+02 4.843636974692344666e-02 6.778725981712341309e-02
3.130000000000000000e+02 4.839806631207466125e-02 6.791606545448303223e-02
3.140000000000000000e+02 4.838407039642333984e-02 6.779551506042480469e-02
3.150000000000000000e+02 4.825194180011749268e-02 6.779879331588745117e-02
3.160000000000000000e+02 4.822940751910209656e-02 6.759831309318542480e-02
3.170000000000000000e+02 4.820477217435836792e-02 6.772332638502120972e-02
3.180000000000000000e+02 4.817184060811996460e-02 6.775474548339843750e-02
3.190000000000000000e+02 4.812179878354072571e-02 6.752108037471771240e-02
3.200000000000000000e+02 4.807325452566146851e-02 6.749995797872543335e-02
3.210000000000000000e+02 4.807924479246139526e-02 6.756845116615295410e-02
3.220000000000000000e+02 4.803104326128959656e-02 6.753987073898315430e-02
3.230000000000000000e+02 4.799317196011543274e-02 6.738506257534027100e-02
3.240000000000000000e+02 4.792949557304382324e-02 6.738737225532531738e-02
3.250000000000000000e+02 4.787497222423553467e-02 6.730189174413681030e-02
3.260000000000000000e+02 4.789998009800910950e-02 6.722830235958099365e-02
3.270000000000000000e+02 4.778597876429557800e-02 6.727850437164306641e-02
3.280000000000000000e+02 4.771867021918296814e-02 6.717535853385925293e-02
3.290000000000000000e+02 4.774752631783485413e-02 6.713239848613739014e-02
3.300000000000000000e+02 4.768704995512962341e-02 6.713379174470901489e-02
3.310000000000000000e+02 4.771425575017929077e-02 6.701460480690002441e-02
3.320000000000000000e+02 4.762938991189002991e-02 6.707429885864257812e-02
3.330000000000000000e+02 4.758364707231521606e-02 6.692567467689514160e-02
3.340000000000000000e+02 4.755489155650138855e-02 6.708291172981262207e-02
3.350000000000000000e+02 4.750794544816017151e-02 6.673099845647811890e-02
3.360000000000000000e+02 4.743913561105728149e-02 6.698501855134963989e-02
3.370000000000000000e+02 4.741854593157768250e-02 6.668666005134582520e-02
3.380000000000000000e+02 4.733072221279144287e-02 6.677867472171783447e-02
3.390000000000000000e+02 4.733451455831527710e-02 6.674215942621231079e-02
3.400000000000000000e+02 4.727930948138237000e-02 6.674762070178985596e-02
3.410000000000000000e+02 4.722452163696289062e-02 6.667891144752502441e-02
3.420000000000000000e+02 4.720053821802139282e-02 6.655868142843246460e-02
3.430000000000000000e+02 4.715509340167045593e-02 6.661570817232131958e-02
3.440000000000000000e+02 4.710916429758071899e-02 6.639636307954788208e-02
3.450000000000000000e+02 4.707610234618186951e-02 6.658253073692321777e-02
3.460000000000000000e+02 4.705568030476570129e-02 6.637321412563323975e-02
3.470000000000000000e+02 4.706331714987754822e-02 6.643506139516830444e-02
3.480000000000000000e+02 4.699109867215156555e-02 6.646680086851119995e-02
3.490000000000000000e+02 4.694522172212600708e-02 6.623972952365875244e-02
3.500000000000000000e+02 4.691055044531822205e-02 6.637774407863616943e-02
3.510000000000000000e+02 4.688549786806106567e-02 6.636973470449447632e-02
3.520000000000000000e+02 4.681332036852836609e-02 6.628255546092987061e-02
3.530000000000000000e+02 4.677785560488700867e-02 6.616360694169998169e-02
3.540000000000000000e+02 4.676829650998115540e-02 6.613968312740325928e-02
3.550000000000000000e+02 4.670096933841705322e-02 6.602158397436141968e-02
3.560000000000000000e+02 4.668419435620307922e-02 6.610834598541259766e-02
3.570000000000000000e+02 4.669971391558647156e-02 6.594202667474746704e-02
3.580000000000000000e+02 4.668993502855300903e-02 6.605751812458038330e-02
3.590000000000000000e+02 4.661696031689643860e-02 6.582304090261459351e-02
3.600000000000000000e+02 4.657274484634399414e-02 6.588592380285263062e-02
3.610000000000000000e+02 4.656833782792091370e-02 6.574891507625579834e-02
3.620000000000000000e+02 4.648763686418533325e-02 6.589522957801818848e-02
3.630000000000000000e+02 4.644064605236053467e-02 6.583147495985031128e-02
3.640000000000000000e+02 4.644891992211341858e-02 6.582339107990264893e-02
3.650000000000000000e+02 4.642433300614356995e-02 6.559097766876220703e-02
3.660000000000000000e+02 4.636427387595176697e-02 6.571139395236968994e-02
3.670000000000000000e+02 4.626796022057533264e-02 6.558085978031158447e-02
3.680000000000000000e+02 4.625104367733001709e-02 6.559365242719650269e-02
3.690000000000000000e+02 4.628910869359970093e-02 6.559363007545471191e-02
3.700000000000000000e+02 4.624874889850616455e-02 6.567522138357162476e-02
3.710000000000000000e+02 4.618097096681594849e-02 6.547904014587402344e-02
3.720000000000000000e+02 4.613158106803894043e-02 6.542857736349105835e-02
3.730000000000000000e+02 4.606938362121582031e-02 6.538390368223190308e-02
3.740000000000000000e+02 4.610402882099151611e-02 6.530503183603286743e-02
3.750000000000000000e+02 4.607203975319862366e-02 6.527662277221679688e-02
3.760000000000000000e+02 4.604639112949371338e-02 6.526026874780654907e-02
3.770000000000000000e+02 4.591909795999526978e-02 6.520262360572814941e-02
3.780000000000000000e+02 4.596706107258796692e-02 6.525051593780517578e-02
3.790000000000000000e+02 4.597127810120582581e-02 6.523591279983520508e-02
3.800000000000000000e+02 4.590732604265213013e-02 6.509468704462051392e-02
3.810000000000000000e+02 4.588564112782478333e-02 6.508354097604751587e-02
3.820000000000000000e+02 4.587332904338836670e-02 6.499658524990081787e-02
3.830000000000000000e+02 4.581184312701225281e-02 6.495516747236251831e-02
3.840000000000000000e+02 4.577104002237319946e-02 6.503474712371826172e-02
3.850000000000000000e+02 4.572046548128128052e-02 6.487243622541427612e-02
3.860000000000000000e+02 4.572285339236259460e-02 6.497566401958465576e-02
3.870000000000000000e+02 4.566971585154533386e-02 6.480029970407485962e-02
3.880000000000000000e+02 4.559138044714927673e-02 6.476947665214538574e-02
3.890000000000000000e+02 4.565314203500747681e-02 6.478876620531082153e-02
3.900000000000000000e+02 4.553540423512458801e-02 6.466812640428543091e-02
3.910000000000000000e+02 4.552033543586730957e-02 6.487353146076202393e-02
3.920000000000000000e+02 4.553423449397087097e-02 6.469621509313583374e-02
3.930000000000000000e+02 4.545877873897552490e-02 6.471580266952514648e-02
3.940000000000000000e+02 4.552093148231506348e-02 6.457745283842086792e-02
3.950000000000000000e+02 4.546356201171875000e-02 6.453640758991241455e-02
3.960000000000000000e+02 4.543896391987800598e-02 6.445709615945816040e-02
3.970000000000000000e+02 4.534627869725227356e-02 6.448116898536682129e-02
3.980000000000000000e+02 4.533817619085311890e-02 6.444058567285537720e-02
3.990000000000000000e+02 4.526210576295852661e-02 6.428037583827972412e-02
4.000000000000000000e+02 4.525204002857208252e-02 6.450285017490386963e-02
4.010000000000000000e+02 4.524547979235649109e-02 6.429658085107803345e-02
4.020000000000000000e+02 4.519716277718544006e-02 6.432574987411499023e-02
4.030000000000000000e+02 4.515367001295089722e-02 6.429068744182586670e-02
4.040000000000000000e+02 4.514126852154731750e-02 6.419490277767181396e-02
4.050000000000000000e+02 4.514147713780403137e-02 6.424730271100997925e-02
4.060000000000000000e+02 4.505685344338417053e-02 6.421045958995819092e-02
4.070000000000000000e+02 4.502485319972038269e-02 6.425400823354721069e-02
4.080000000000000000e+02 4.501380026340484619e-02 6.422761082649230957e-02
4.090000000000000000e+02 4.505018517374992371e-02 6.413863599300384521e-02
4.100000000000000000e+02 4.503628611564636230e-02 6.412129849195480347e-02
4.110000000000000000e+02 4.498528689146041870e-02 6.397401541471481323e-02
4.120000000000000000e+02 4.494429379701614380e-02 6.395389139652252197e-02
4.130000000000000000e+02 4.488552734255790710e-02 6.394006311893463135e-02
4.140000000000000000e+02 4.486605152487754822e-02 6.400798261165618896e-02
4.150000000000000000e+02 4.486323893070220947e-02 6.382265686988830566e-02
4.160000000000000000e+02 4.487272724509239197e-02 6.391216069459915161e-02
4.170000000000000000e+02 4.476182535290718079e-02 6.387299299240112305e-02
4.180000000000000000e+02 4.476774856448173523e-02 6.385219097137451172e-02
4.190000000000000000e+02 4.480533674359321594e-02 6.377685815095901489e-02
4.200000000000000000e+02 4.476479068398475647e-02 6.375202536582946777e-02
4.210000000000000000e+02 4.464096948504447937e-02 6.375149637460708618e-02
4.220000000000000000e+02 4.466542974114418030e-02 6.363749504089355469e-02
4.230000000000000000e+02 4.461189359426498413e-02 6.369059532880783081e-02
4.240000000000000000e+02 4.462246596813201904e-02 6.361479312181472778e-02
4.250000000000000000e+02 4.459147527813911438e-02 6.368465721607208252e-02
4.260000000000000000e+02 4.454571381211280823e-02 6.353700160980224609e-02
4.270000000000000000e+02 4.456064477562904358e-02 6.344891339540481567e-02
4.280000000000000000e+02 4.446759074926376343e-02 6.354975700378417969e-02
4.290000000000000000e+02 4.449643567204475403e-02 6.361883133649826050e-02
4.300000000000000000e+02 4.444056749343872070e-02 6.345221400260925293e-02
4.310000000000000000e+02 4.441031068563461304e-02 6.342045217752456665e-02
4.320000000000000000e+02 4.440946504473686218e-02 6.345533579587936401e-02
4.330000000000000000e+02 4.439480602741241455e-02 6.329523026943206787e-02
4.340000000000000000e+02 4.434570670127868652e-02 6.343904882669448853e-02
4.350000000000000000e+02 4.429342970252037048e-02 6.331383436918258667e-02
4.360000000000000000e+02 4.436943680047988892e-02 6.328703463077545166e-02
4.370000000000000000e+02 4.424882680177688599e-02 6.326264142990112305e-02
4.380000000000000000e+02 4.422795400023460388e-02 6.313471496105194092e-02
4.390000000000000000e+02 4.422836750745773315e-02 6.320785731077194214e-02
4.400000000000000000e+02 4.415645450353622437e-02 6.327575445175170898e-02
4.410000000000000000e+02 4.423697292804718018e-02 6.323766708374023438e-02
4.420000000000000000e+02 4.416643455624580383e-02 6.322310864925384521e-02
4.430000000000000000e+02 4.416126012802124023e-02 6.310881674289703369e-02
4.440000000000000000e+02 4.414634779095649719e-02 6.299141794443130493e-02
4.450000000000000000e+02 4.410811886191368103e-02 6.294899433851242065e-02
4.460000000000000000e+02 4.404459893703460693e-02 6.298125535249710083e-02
4.470000000000000000e+02 4.401696100831031799e-02 6.288824230432510376e-02
4.480000000000000000e+02 4.402199015021324158e-02 6.302903592586517334e-02
4.490000000000000000e+02 4.395256191492080688e-02 6.288994848728179932e-02
4.500000000000000000e+02 4.394993185997009277e-02 6.287702172994613647e-02
4.510000000000000000e+02 4.393263533711433411e-02 6.285012513399124146e-02
4.520000000000000000e+02 4.395942017436027527e-02 6.271135061979293823e-02
4.530000000000000000e+02 4.389448836445808411e-02 6.283116340637207031e-02
4.540000000000000000e+02 4.384217783808708191e-02 6.282090395689010620e-02
4.550000000000000000e+02 4.385900497436523438e-02 6.275323778390884399e-02
4.560000000000000000e+02 4.389607906341552734e-02 6.270535290241241455e-02
4.570000000000000000e+02 4.380889236927032471e-02 6.273421645164489746e-02
4.580000000000000000e+02 4.383556917309761047e-02 6.262220442295074463e-02
4.590000000000000000e+02 4.378293454647064209e-02 6.277560442686080933e-02
4.600000000000000000e+02 4.378089308738708496e-02 6.277966499328613281e-02
4.610000000000000000e+02 4.369610920548439026e-02 6.271862238645553589e-02
4.620000000000000000e+02 4.369163140654563904e-02 6.278522312641143799e-02
4.630000000000000000e+02 4.364835098385810852e-02 6.274524331092834473e-02
4.640000000000000000e+02 4.364856705069541931e-02 6.263030320405960083e-02
4.650000000000000000e+02 4.362055659294128418e-02 6.257436424493789673e-02
4.660000000000000000e+02 4.363577440381050110e-02 6.249528378248214722e-02
4.670000000000000000e+02 4.361080750823020935e-02 6.260574609041213989e-02
4.680000000000000000e+02 4.355435818433761597e-02 6.243885681033134460e-02
4.690000000000000000e+02 4.360780119895935059e-02 6.244375184178352356e-02
4.700000000000000000e+02 4.356162250041961670e-02 6.254622340202331543e-02
4.710000000000000000e+02 4.348741099238395691e-02 6.248923391103744507e-02
4.720000000000000000e+02 4.346275702118873596e-02 6.240079924464225769e-02
4.730000000000000000e+02 4.348846524953842163e-02 6.239790096879005432e-02
4.740000000000000000e+02 4.346301406621932983e-02 6.234025955200195312e-02
4.750000000000000000e+02 4.343440011143684387e-02 6.228106841444969177e-02
4.760000000000000000e+02 4.341394081711769104e-02 6.226188689470291138e-02
4.770000000000000000e+02 4.337558150291442871e-02 6.229780241847038269e-02
4.780000000000000000e+02 4.334754869341850281e-02 6.212866678833961487e-02
4.790000000000000000e+02 4.331035166978836060e-02 6.217029690742492676e-02
4.800000000000000000e+02 4.334520921111106873e-02 6.212500855326652527e-02
4.810000000000000000e+02 4.333012178540229797e-02 6.219375506043434143e-02
4.820000000000000000e+02 4.329920560121536255e-02 6.218019500374794006e-02
4.830000000000000000e+02 4.325323924422264099e-02 6.221240386366844177e-02
4.840000000000000000e+02 4.325141385197639465e-02 6.201666593551635742e-02
4.850000000000000000e+02 4.322814196348190308e-02 6.216491386294364929e-02
4.860000000000000000e+02 4.319663718342781067e-02 6.212963908910751343e-02
4.870000000000000000e+02 4.317558184266090393e-02 6.209679320454597473e-02
4.880000000000000000e+02 4.317682981491088867e-02 6.209954991936683655e-02
4.890000000000000000e+02 4.317187517881393433e-02 6.197817251086235046e-02
4.900000000000000000e+02 4.316065460443496704e-02 6.197346001863479614e-02
4.910000000000000000e+02 4.310059174895286560e-02 6.201968714594841003e-02
4.920000000000000000e+02 4.307255148887634277e-02 6.195038184523582458e-02
4.930000000000000000e+02 4.313525930047035217e-02 6.203493848443031311e-02
4.940000000000000000e+02 4.304542019963264465e-02 6.192487478256225586e-02
4.950000000000000000e+02 4.301929473876953125e-02 6.187214702367782593e-02
4.960000000000000000e+02 4.302275180816650391e-02 6.183252856135368347e-02
4.970000000000000000e+02 4.298491403460502625e-02 6.192126870155334473e-02
4.980000000000000000e+02 4.301013052463531494e-02 6.190618500113487244e-02
4.990000000000000000e+02 4.296545684337615967e-02 6.185326725244522095e-02
5.000000000000000000e+02 4.293016716837882996e-02 6.184042617678642273e-02
5.010000000000000000e+02 4.294131323695182800e-02 6.185771152377128601e-02
5.020000000000000000e+02 4.294831678271293640e-02 6.186531484127044678e-02
5.030000000000000000e+02 4.285931214690208435e-02 6.178350001573562622e-02
5.040000000000000000e+02 4.286878928542137146e-02 6.174369156360626221e-02
5.050000000000000000e+02 4.287737980484962463e-02 6.176294758915901184e-02
5.060000000000000000e+02 4.284628853201866150e-02 6.166516989469528198e-02
5.070000000000000000e+02 4.286200925707817078e-02 6.167066097259521484e-02
5.080000000000000000e+02 4.281625524163246155e-02 6.161826476454734802e-02
5.090000000000000000e+02 4.276623949408531189e-02 6.150010973215103149e-02
5.100000000000000000e+02 4.272032156586647034e-02 6.174134090542793274e-02
5.110000000000000000e+02 4.274378344416618347e-02 6.147031113505363464e-02
5.120000000000000000e+02 4.274266213178634644e-02 6.150982156395912170e-02
5.130000000000000000e+02 4.274872317910194397e-02 6.158382445573806763e-02
5.140000000000000000e+02 4.272158071398735046e-02 6.153695657849311829e-02
5.150000000000000000e+02 4.266609251499176025e-02 6.147956103086471558e-02
5.160000000000000000e+02 4.269625619053840637e-02 6.147003546357154846e-02
5.170000000000000000e+02 4.266986250877380371e-02 6.135286390781402588e-02
5.180000000000000000e+02 4.266069456934928894e-02 6.145800650119781494e-02
5.190000000000000000e+02 4.265962168574333191e-02 6.137390062212944031e-02
5.200000000000000000e+02 4.258261993527412415e-02 6.136934831738471985e-02
5.210000000000000000e+02 4.257670789957046509e-02 6.154265254735946655e-02
5.220000000000000000e+02 4.256945103406906128e-02 6.137337163090705872e-02
5.230000000000000000e+02 4.251020774245262146e-02 6.129379197955131531e-02
5.240000000000000000e+02 4.250875860452651978e-02 6.135333701968193054e-02
5.250000000000000000e+02 4.250589013099670410e-02 6.121312826871871948e-02
5.260000000000000000e+02 4.250227659940719604e-02 6.126586720347404480e-02
5.270000000000000000e+02 4.250532016158103943e-02 6.136953085660934448e-02
5.280000000000000000e+02 4.246699064970016479e-02 6.125536933541297913e-02
5.290000000000000000e+02 4.247180372476577759e-02 6.124521046876907349e-02
5.300000000000000000e+02 4.244519025087356567e-02 6.127041950821876526e-02
5.310000000000000000e+02 4.243560880422592163e-02 6.118463352322578430e-02
5.320000000000000000e+02 4.244422540068626404e-02 6.112467870116233826e-02
5.330000000000000000e+02 4.238759726285934448e-02 6.125616654753684998e-02
5.340000000000000000e+02 4.238859936594963074e-02 6.113429740071296692e-02
5.350000000000000000e+02 4.238832369446754456e-02 6.114098429679870605e-02
5.360000000000000000e+02 4.228478670120239258e-02 6.107755005359649658e-02
5.370000000000000000e+02 4.236001521348953247e-02 6.107081845402717590e-02
5.380000000000000000e+02 4.228613153100013733e-02 6.112936511635780334e-02
5.390000000000000000e+02 4.226291552186012268e-02 6.098762154579162598e-02
5.400000000000000000e+02 4.228738322854042053e-02 6.104431301355361938e-02
5.410000000000000000e+02 4.225508868694305420e-02 6.096388399600982666e-02
5.420000000000000000e+02 4.227759689092636108e-02 6.084947660565376282e-02
5.430000000000000000e+02 4.224194213747978210e-02 6.099591404199600220e-02
5.440000000000000000e+02 4.223452880978584290e-02 6.090834736824035645e-02
5.450000000000000000e+02 4.220236465334892273e-02 6.102481111884117126e-02
5.460000000000000000e+02 4.222143441438674927e-02 6.091472506523132324e-02
5.470000000000000000e+02 4.217983782291412354e-02 6.080535054206848145e-02
5.480000000000000000e+02 4.217251762747764587e-02 6.088882312178611755e-02
5.490000000000000000e+02 4.218699783086776733e-02 6.088360399007797241e-02
5.500000000000000000e+02 4.215208068490028381e-02 6.096075102686882019e-02
5.510000000000000000e+02 4.212583974003791809e-02 6.079670041799545288e-02
5.520000000000000000e+02 4.213104769587516785e-02 6.079031154513359070e-02
5.530000000000000000e+02 4.211410507559776306e-02 6.073904037475585938e-02
5.540000000000000000e+02 4.202193021774291992e-02 6.087805330753326416e-02
5.550000000000000000e+02 4.201958701014518738e-02 6.082737073302268982e-02
5.560000000000000000e+02 4.203999787569046021e-02 6.078353896737098694e-02
5.570000000000000000e+02 4.205547273159027100e-02 6.063077971339225769e-02
5.580000000000000000e+02 4.202315956354141235e-02 6.079971045255661011e-02
5.590000000000000000e+02 4.195711761713027954e-02 6.072321906685829163e-02
5.600000000000000000e+02 4.197174310684204102e-02 6.060621514916419983e-02
5.610000000000000000e+02 4.200224205851554871e-02 6.073198840022087097e-02
5.620000000000000000e+02 4.199269041419029236e-02 6.058382987976074219e-02
5.630000000000000000e+02 4.188243299722671509e-02 6.054122000932693481e-02
5.640000000000000000e+02 4.194082692265510559e-02 6.057509034872055054e-02
5.650000000000000000e+02 4.192665591835975647e-02 6.050725653767585754e-02
5.660000000000000000e+02 4.187838733196258545e-02 6.042477488517761230e-02
5.670000000000000000e+02 4.189346358180046082e-02 6.060033664107322693e-02
5.680000000000000000e+02 4.190211743116378784e-02 6.065589562058448792e-02
5.690000000000000000e+02 4.186919704079627991e-02 6.039135158061981201e-02
5.700000000000000000e+02 4.180869087576866150e-02 6.041184812784194946e-02
5.710000000000000000e+02 4.181282222270965576e-02 6.043466553092002869e-02
5.720000000000000000e+02 4.182882234454154968e-02 6.046664342284202576e-02
5.730000000000000000e+02 4.181540757417678833e-02 6.040944159030914307e-02
5.740000000000000000e+02 4.180940613150596619e-02 6.028411909937858582e-02
5.750000000000000000e+02 4.174973070621490479e-02 6.056295707821846008e-02
5.760000000000000000e+02 4.177118837833404541e-02 6.043709442019462585e-02
5.770000000000000000e+02 4.174940288066864014e-02 6.041723862290382385e-02
5.780000000000000000e+02 4.174206033349037170e-02 6.034940853714942932e-02
5.790000000000000000e+02 4.170890524983406067e-02 6.033940985798835754e-02
5.800000000000000000e+02 4.170227423310279846e-02 6.036958098411560059e-02
5.810000000000000000e+02 4.167676717042922974e-02 6.039124354720115662e-02
5.820000000000000000e+02 4.170777276158332825e-02 6.045192107558250427e-02
5.830000000000000000e+02 4.170262813568115234e-02 6.031147018074989319e-02
