0.000000000000000000e+00 1.004890576004981995e-01 1.224213242530822754e-01
1.000000000000000000e+00 1.000606417655944824e-01 1.219937205314636230e-01
2.000000000000000000e+00 9.963303059339523315e-02 1.215785741806030273e-01
3.000000000000000000e+00 9.922255575656890869e-02 1.212087422609329224e-01
4.000000000000000000e+00 9.880469739437103271e-02 1.207841485738754272e-01
5.000000000000000000e+00 9.838880598545074463e-02 1.203991323709487915e-01
6.000000000000000000e+00 9.799087792634963989e-02 1.200215816497802734e-01
7.000000000000000000e+00 9.756916016340255737e-02 1.196294650435447693e-01
8.000000000000000000e+00 9.716909378767013550e-02 1.192433089017868042e-01
9.000000000000000000e+00 9.676015377044677734e-02 1.188466772437095642e-01
1.000000000000000000e+01 9.635508805513381958e-02 1.184657365083694458e-01
1.100000000000000000e+01 9.594017267227172852e-02 1.180939301848411560e-01
1.200000000000000000e+01 9.553013741970062256e-02 1.176946312189102173e-01
1.300000000000000000e+01 9.511364251375198364e-02 1.172959953546524048e-01
1.400000000000000000e+01 9.470889717340469360e-02 1.169590502977371216e-01
1.500000000000000000e+01 9.427755326032638550e-02 1.165311560034751892e-01
1.600000000000000000e+01 9.385863691568374634e-02 1.161288991570472717e-01
1.700000000000000000e+01 9.342522174119949341e-02 1.157544776797294617e-01
1.800000000000000000e+01 9.299598634243011475e-02 1.153156086802482605e-01
1.900000000000000000e+01 9.254018962383270264e-02 1.148948520421981812e-01
2.000000000000000000e+01 9.211639314889907837e-02 1.144107729196548462e-01
2.100000000000000000e+01 9.165605902671813965e-02 1.140479296445846558e-01
2.200000000000000000e+01 9.120317548513412476e-02 1.136249750852584839e-01
2.300000000000000000e+01 9.074565768241882324e-02 1.132037788629531860e-01
2.400000000000000000e+01 9.027780592441558838e-02 1.127295643091201782e-01
2.500000000000000000e+01 8.982386440038681030e-02 1.122816130518913269e-01
2.600000000000000000e+01 8.934463560581207275e-02 1.117732226848602295e-01
2.700000000000000000e+01 8.887200057506561279e-02 1.112959459424018860e-01
2.800000000000000000e+01 8.838582038879394531e-02 1.108465641736984253e-01
2.900000000000000000e+01 8.787949383258819580e-02 1.103492081165313721e-01
3.000000000000000000e+01 8.742133527994155884e-02 1.098370552062988281e-01
3.100000000000000000e+01 8.692046254873275757e-02 1.093861013650894165e-01
3.200000000000000000e+01 8.643329888582229614e-02 1.088494285941123962e-01
3.300000000000000000e+01 8.592018485069274902e-02 1.083812192082405090e-01
3.400000000000000000e+01 8.543313294649124146e-02 1.078979745507240295e-01
3.500000000000000000e+01 8.494488894939422607e-02 1.073466688394546509e-01
3.600000000000000000e+01 8.444737643003463745e-02 1.068254932761192322e-01
3.700000000000000000e+01 8.396400511264801025e-02 1.063426584005355835e-01
3.800000000000000000e+01 8.348067849874496460e-02 1.058586165308952332e-01
3.900000000000000000e+01 8.301143348217010498e-02 1.053867712616920471e-01
4.000000000000000000e+01 8.251109719276428223e-02 1.048651859164237976e-01
4.100000000000000000e+01 8.204189687967300415e-02 1.042684540152549744e-01
4.200000000000000000e+01 8.157743513584136963e-02 1.037930175662040710e-01
4.300000000000000000e+01 8.110459148883819580e-02 1.033178418874740601e-01
4.400000000000000000e+01 8.065780997276306152e-02 1.028531864285469055e-01
4.500000000000000000e+01 8.019780367612838745e-02 1.023421511054039001e-01
4.600000000000000000e+01 7.977383583784103394e-02 1.018361896276473999e-01
4.700000000000000000e+01 7.934936136007308960e-02 1.013421490788459778e-01
4.800000000000000000e+01 7.889012992382049561e-02 1.009655818343162537e-01
4.900000000000000000e+01 7.850640267133712769e-02 1.004470959305763245e-01
5.000000000000000000e+01 7.808544486761093140e-02 9.992124885320663452e-02
5.100000000000000000e+01 7.768485695123672485e-02 9.942018985748291016e-02
5.200000000000000000e+01 7.727719843387603760e-02 9.908480942249298096e-02
5.300000000000000000e+01 7.689296454191207886e-02 9.857773780822753906e-02
5.400000000000000000e+01 7.650163024663925171e-02 9.817722439765930176e-02
5.500000000000000000e+01 7.613211125135421753e-02 9.778171777725219727e-02
5.600000000000000000e+01 7.577851414680480957e-02 9.725828468799591064e-02
5.700000000000000000e+01 7.540099322795867920e-02 9.692899137735366821e-02
5.800000000000000000e+01 7.507561147212982178e-02 9.647395461797714233e-02
5.900000000000000000e+01 7.469072192907333374e-02 9.601514786481857300e-02
6.000000000000000000e+01 7.436343282461166382e-02 9.571759402751922607e-02
6.100000000000000000e+01 7.401076704263687134e-02 9.521477669477462769e-02
6.200000000000000000e+01 7.368107140064239502e-02 9.490966796875000000e-02
6.300000000000000000e+01 7.335111498832702637e-02 9.449950605630874634e-02
6.400000000000000000e+01 7.304026186466217041e-02 9.405912458896636963e-02
6.500000000000000000e+01 7.274963706731796265e-02 9.373541921377182007e-02
6.600000000000000000e+01 7.241233438253402710e-02 9.335408359766006470e-02
6.700000000000000000e+01 7.212441414594650269e-02 9.309571981430053711e-02
6.800000000000000000e+01 7.184837013483047485e-02 9.268387407064437866e-02
6.900000000000000000e+01 7.158631831407546997e-02 9.226735681295394897e-02
7.000000000000000000e+01 7.124526798725128174e-02 9.202438592910766602e-02
7.100000000000000000e+01 7.099319249391555786e-02 9.165266901254653931e-02
7.200000000000000000e+01 7.073985040187835693e-02 9.131541103124618530e-02
7.300000000000000000e+01 7.046224921941757202e-02 9.106483310461044312e-02
7.400000000000000000e+01 7.025431096553802490e-02 9.060080349445343018e-02
7.500000000000000000e+01 6.994596868753433228e-02 9.040656685829162598e-02
7.600000000000000000e+01 6.969060748815536499e-02 9.005403518676757812e-02
7.700000000000000000e+01 6.948137283325195312e-02 8.968021720647811890e-02
7.800000000000000000e+01 6.921714544296264648e-02 8.938692510128021240e-02
7.900000000000000000e+01 6.901478022336959839e-02 8.917565643787384033e-02
8.000000000000000000e+01 6.876413524150848389e-02 8.901251852512359619e-02
8.100000000000000000e+01 6.853854656219482422e-02 8.868387341499328613e-02
8.200000000000000000e+01 6.829296052455902100e-02 8.841870725154876709e-02
8.300000000000000000e+01 6.807068735361099243e-02 8.821773529052734375e-02
8.400000000000000000e+01 6.788171827793121338e-02 8.789853751659393311e-02
8.500000000000000000e+01 6.764622032642364502e-02 8.760861307382583618e-02
8.600000000000000000e+01 6.741751730442047119e-02 8.731146901845932007e-02
8.700000000000000000e+01 6.718344241380691528e-02 8.722311258316040039e-02
8.800000000000000000e+01 6.702957302331924438e-02 8.699333667755126953e-02
8.900000000000000000e+01 6.677858531475067139e-02 8.679999411106109619e-02
9.000000000000000000e+01 6.656583398580551147e-02 8.646184206008911133e-02
9.100000000000000000e+01 6.633241474628448486e-02 8.629977703094482422e-02
9.200000000000000000e+01 6.613665074110031128e-02 8.603802323341369629e-02
9.300000000000000000e+01 6.595183908939361572e-02 8.582846820354461670e-02
9.400000000000000000e+01 6.570199131965637207e-02 8.567342907190322876e-02
9.500000000000000000e+01 6.554622203111648560e-02 8.552397042512893677e-02
9.600000000000000000e+01 6.528658419847488403e-02 8.522581309080123901e-02
9.700000000000000000e+01 6.509928405284881592e-02 8.506564795970916748e-02
9.800000000000000000e+01 6.486310064792633057e-02 8.484498411417007446e-02
9.900000000000000000e+01 6.472647190093994141e-02 8.461111783981323242e-02
1.000000000000000000e+02 6.449376046657562256e-02 8.448798954486846924e-02
1.010000000000000000e+02 6.430710852146148682e-02 8.434189110994338989e-02
1.020000000000000000e+02 6.408629566431045532e-02 8.401101082563400269e-02
1.030000000000000000e+02 6.390637904405593872e-02 8.384706079959869385e-02
1.040000000000000000e+02 6.373663991689682007e-02 8.365202695131301880e-02
1.050000000000000000e+02 6.350335478782653809e-02 8.335396647453308105e-02
1.060000000000000000e+02 6.331520527601242065e-02 8.317888528108596802e-02
1.070000000000000000e+02 6.315178424119949341e-02 8.295289427042007446e-02
1.080000000000000000e+02 6.297219544649124146e-02 8.278405666351318359e-02
1.090000000000000000e+02 6.277051568031311035e-02 8.269257098436355591e-02
1.100000000000000000e+02 6.262989342212677002e-02 8.233600109815597534e-02
1.110000000000000000e+02 6.240300834178924561e-02 8.211347460746765137e-02
1.120000000000000000e+02 6.221498548984527588e-02 8.185759931802749634e-02
1.130000000000000000e+02 6.208097562193870544e-02 8.179832994937896729e-02
1.140000000000000000e+02 6.196060776710510254e-02 8.169137686491012573e-02
1.150000000000000000e+02 6.176596507430076599e-02 8.141344785690307617e-02
1.160000000000000000e+02 6.159500405192375183e-02 8.135584741830825806e-02
1.170000000000000000e+02 6.142666563391685486e-02 8.110228925943374634e-02
1.180000000000000000e+02 6.122938543558120728e-02 8.083095401525497437e-02
1.190000000000000000e+02 6.111096590757369995e-02 8.069504052400588989e-02
1.200000000000000000e+02 6.094341352581977844e-02 8.053440600633621216e-02
1.210000000000000000e+02 6.079126894474029541e-02 8.034579455852508545e-02
1.220000000000000000e+02 6.066048890352249146e-02 8.032292872667312622e-02
1.230000000000000000e+02 6.050622463226318359e-02 7.989803701639175415e-02
1.240000000000000000e+02 6.031363457441329956e-02 7.975982874631881714e-02
1.250000000000000000e+02 6.022390350699424744e-02 7.969816774129867554e-02
1.260000000000000000e+02 6.006893888115882874e-02 7.942881435155868530e-02
1.270000000000000000e+02 5.995116010308265686e-02 7.954357564449310303e-02
1.280000000000000000e+02 5.980957671999931335e-02 7.913163304328918457e-02
1.290000000000000000e+02 5.963055416941642761e-02 7.896555960178375244e-02
1.300000000000000000e+02 5.953408032655715942e-02 7.881118357181549072e-02
1.310000000000000000e+02 5.936932563781738281e-02 7.859785854816436768e-02
1.320000000000000000e+02 5.927355587482452393e-02 7.854051887989044189e-02
1.330000000000000000e+02 5.918433144688606262e-02 7.837465405464172363e-02
1.340000000000000000e+02 5.897293612360954285e-02 7.809684425592422485e-02
1.350000000000000000e+02 5.890209600329399109e-02 7.815562188625335693e-02
1.360000000000000000e+02 5.876254662871360779e-02 7.795989513397216797e-02
1.370000000000000000e+02 5.860880017280578613e-02 7.775551825761795044e-02
1.380000000000000000e+02 5.853539332747459412e-02 7.759405672550201416e-02
1.390000000000000000e+02 5.841216072440147400e-02 7.744367420673370361e-02
1.400000000000000000e+02 5.824416875839233398e-02 7.726785540580749512e-02
1.410000000000000000e+02 5.818404629826545715e-02 7.701829820871353149e-02
1.420000000000000000e+02 5.804399400949478149e-02 7.698835432529449463e-02
1.430000000000000000e+02 5.790188536047935486e-02 7.668522000312805176e-02
1.440000000000000000e+02 5.782086774706840515e-02 7.666752487421035767e-02
1.450000000000000000e+02 5.769446864724159241e-02 7.646881788969039917e-02
1.460000000000000000e+02 5.748815461993217468e-02 7.638222724199295044e-02
1.470000000000000000e+02 5.748535320162773132e-02 7.610881328582763672e-02
1.480000000000000000e+02 5.740826949477195740e-02 7.623828202486038208e-02
1.490000000000000000e+02 5.731790140271186829e-02 7.595063000917434692e-02
1.500000000000000000e+02 5.716378241777420044e-02 7.606863230466842651e-02
1.510000000000000000e+02 5.704323947429656982e-02 7.580037415027618408e-02
1.520000000000000000e+02 5.692574381828308105e-02 7.553088665008544922e-02
1.530000000000000000e+02 5.689319595694541931e-02 7.534948736429214478e-02
1.540000000000000000e+02 5.675450712442398071e-02 7.523281872272491455e-02
1.550000000000000000e+02 5.659712478518486023e-02 7.510693371295928955e-02
1.560000000000000000e+02 5.653184652328491211e-02 7.501119375228881836e-02
1.570000000000000000e+02 5.642034858465194702e-02 7.492867112159729004e-02
1.580000000000000000e+02 5.630860105156898499e-02 7.483829557895660400e-02
1.590000000000000000e+02 5.621436238288879395e-02 7.461272180080413818e-02
1.600000000000000000e+02 5.611191689968109131e-02 7.444903999567031860e-02
1.610000000000000000e+02 5.605115741491317749e-02 7.446533441543579102e-02
1.620000000000000000e+02 5.593914911150932312e-02 7.438059896230697632e-02
1.630000000000000000e+02 5.585024878382682800e-02 7.422164827585220337e-02
1.640000000000000000e+02 5.573307350277900696e-02 7.413168251514434814e-02
1.650000000000000000e+02 5.564919114112854004e-02 7.390300929546356201e-02
1.660000000000000000e+02 5.555808544158935547e-02 7.387869805097579956e-02
1.670000000000000000e+02 5.545176938176155090e-02 7.360227406024932861e-02
1.680000000000000000e+02 5.535772442817687988e-02 7.365904003381729126e-02
1.690000000000000000e+02 5.525070801377296448e-02 7.350029796361923218e-02
1.700000000000000000e+02 5.517302080988883972e-02 7.345227152109146118e-02
1.710000000000000000e+02 5.508992448449134827e-02 7.319444417953491211e-02
1.720000000000000000e+02 5.502818524837493896e-02 7.314321398735046387e-02
1.730000000000000000e+02 5.492145940661430359e-02 7.305919378995895386e-02
1.740000000000000000e+02 5.485189706087112427e-02 7.296273112297058105e-02
1.750000000000000000e+02 5.475909635424613953e-02 7.286458462476730347e-02
1.760000000000000000e+02 5.465966090559959412e-02 7.253053784370422363e-02
1.770000000000000000e+02 5.458673462271690369e-02 7.263041287660598755e-02
1.780000000000000000e+02 5.453564226627349854e-02 7.249064743518829346e-02
1.790000000000000000e+02 5.441730469465255737e-02 7.237975299358367920e-02
1.800000000000000000e+02 5.431983619928359985e-02 7.221703976392745972e-02
1.810000000000000000e+02 5.423746258020401001e-02 7.217383384704589844e-02
1.820000000000000000e+02 5.413583293557167053e-02 7.220100611448287964e-02
1.830000000000000000e+02 5.409898236393928528e-02 7.208127528429031372e-02
1.840000000000000000e+02 5.397680401802062988e-02 7.187239825725555420e-02
1.850000000000000000e+02 5.397422984242439270e-02 7.181345671415328979e-02
1.860000000000000000e+02 5.389162898063659668e-02 7.180844247341156006e-02
1.870000000000000000e+02 5.381542816758155823e-02 7.164816558361053467e-02
1.880000000000000000e+02 5.371118709444999695e-02 7.165294140577316284e-02
1.890000000000000000e+02 5.359039828181266785e-02 7.139121741056442261e-02
1.900000000000000000e+02 5.357282608747482300e-02 7.138796150684356689e-02
1.910000000000000000e+02 5.347944423556327820e-02 7.119566947221755981e-02
1.920000000000000000e+02 5.337219312787055969e-02 7.119899988174438477e-02
1.930000000000000000e+02 5.334100499749183655e-02 7.127804309129714966e-02
1.940000000000000000e+02 5.324482917785644531e-02 7.098225504159927368e-02
1.950000000000000000e+02 5.319526791572570801e-02 7.106160372495651245e-02
1.960000000000000000e+02 5.308880656957626343e-02 7.107001543045043945e-02
1.970000000000000000e+02 5.303079262375831604e-02 7.087351381778717041e-02
1.980000000000000000e+02 5.295204371213912964e-02 7.077685743570327759e-02
1.990000000000000000e+02 5.291164666414260864e-02 7.063115388154983521e-02
2.000000000000000000e+02 5.277627706527709961e-02 7.053511589765548706e-02
2.010000000000000000e+02 5.272481217980384827e-02 7.036341726779937744e-02
2.020000000000000000e+02 5.264267697930335999e-02 7.049290090799331665e-02
2.030000000000000000e+02 5.257848650217056274e-02 7.027716934680938721e-02
2.040000000000000000e+02 5.244287848472595215e-02 7.017484307289123535e-02
2.050000000000000000e+02 5.245055630803108215e-02 7.013950496912002563e-02
2.060000000000000000e+02 5.234708636999130249e-02 6.999813020229339600e-02
2.070000000000000000e+02 5.227689445018768311e-02 7.006428390741348267e-02
2.080000000000000000e+02 5.220798403024673462e-02 6.991176307201385498e-02
2.090000000000000000e+02 5.216558277606964111e-02 6.982207298278808594e-02
2.100000000000000000e+02 5.207532271742820740e-02 6.987463682889938354e-02
2.110000000000000000e+02 5.199720337986946106e-02 6.979288160800933838e-02
2.120000000000000000e+02 5.192639306187629700e-02 6.964738667011260986e-02
2.130000000000000000e+02 5.183056741952896118e-02 6.954120844602584839e-02
2.140000000000000000e+02 5.182408913969993591e-02 6.960362195968627930e-02
2.150000000000000000e+02 5.181043967604637146e-02 6.936373561620712280e-02
2.160000000000000000e+02 5.168091505765914917e-02 6.935123354196548462e-02
2.170000000000000000e+02 5.162213370203971863e-02 6.923993676900863647e-02
2.180000000000000000e+02 5.160487443208694458e-02 6.905251741409301758e-02
2.190000000000000000e+02 5.150892585515975952e-02 6.918896734714508057e-02
2.200000000000000000e+02 5.142198503017425537e-02 6.902804225683212280e-02
2.210000000000000000e+02 5.136695876717567444e-02 6.905629485845565796e-02
2.220000000000000000e+02 5.130370706319808960e-02 6.908047199249267578e-02
2.230000000000000000e+02 5.124623700976371765e-02 6.884812563657760620e-02
2.240000000000000000e+02 5.119377747178077698e-02 6.875066459178924561e-02
2.250000000000000000e+02 5.119570344686508179e-02 6.893961876630783081e-02
2.260000000000000000e+02 5.106889456510543823e-02 6.878079473972320557e-02
2.270000000000000000e+02 5.104707926511764526e-02 6.871366500854492188e-02
2.280000000000000000e+02 5.093185231089591980e-02 6.861315667629241943e-02
2.290000000000000000e+02 5.094307661056518555e-02 6.855189055204391479e-02
2.300000000000000000e+02 5.085350573062896729e-02 6.848587095737457275e-02
2.310000000000000000e+02 5.079418048262596130e-02 6.838447600603103638e-02
2.320000000000000000e+02 5.075180903077125549e-02 6.849034130573272705e-02
2.330000000000000000e+02 5.067602172493934631e-02 6.834423542022705078e-02
2.340000000000000000e+02 5.066967383027076721e-02 6.826259195804595947e-02
2.350000000000000000e+02 5.059001967310905457e-02 6.820183247327804565e-02
2.360000000000000000e+02 5.053726583719253540e-02 6.817549467086791992e-02
2.370000000000000000e+02 5.041338875889778137e-02 6.812793761491775513e-02
2.380000000000000000e+02 5.040780827403068542e-02 6.807098537683486938e-02
2.390000000000000000e+02 5.035350471735000610e-02 6.799773871898651123e-02
2.400000000000000000e+02 5.032291635870933533e-02 6.805845350027084351e-02
2.410000000000000000e+02 5.025886371731758118e-02 6.798676401376724243e-02
2.420000000000000000e+02 5.021332204341888428e-02 6.783016771078109741e-02
2.430000000000000000e+02 5.011269450187683105e-02 6.781187653541564941e-02
2.440000000000000000e+02 5.007162690162658691e-02 6.778199970722198486e-02
2.450000000000000000e+02 5.002942681312561035e-02 6.753969192504882812e-02
2.460000000000000000e+02 4.997489228844642639e-02 6.766709685325622559e-02
2.470000000000000000e+02 4.996649175882339478e-02 6.762219220399856567e-02
2.480000000000000000e+02 4.987803101539611816e-02 6.747652590274810791e-02
2.490000000000000000e+02 4.986467584967613220e-02 6.746385246515274048e-02
2.500000000000000000e+02 4.982734099030494690e-02 6.733692437410354614e-02
2.510000000000000000e+02 4.972530901432037354e-02 6.747993826866149902e-02
2.520000000000000000e+02 4.967392981052398682e-02 6.742972135543823242e-02
2.530000000000000000e+02 4.961970075964927673e-02 6.722521781921386719e-02
2.540000000000000000e+02 4.957904294133186340e-02 6.737246364355087280e-02
2.550000000000000000e+02 4.949371889233589172e-02 6.706271320581436157e-02
2.560000000000000000e+02 4.946143552660942078e-02 6.714506447315216064e-02
2.570000000000000000e+02 4.940336942672729492e-02 6.703940778970718384e-02
2.580000000000000000e+02 4.936279729008674622e-02 6.713033467531204224e-02
2.590000000000000000e+02 4.932726174592971802e-02 6.704467535018920898e-02
2.600000000000000000e+02 4.925622791051864624e-02 6.688199192285537720e-02
2.610000000000000000e+02 4.922807216644287109e-02 6.689874082803726196e-02
2.620000000000000000e+02 4.919538274407386780e-02 6.688983738422393799e-02
2.630000000000000000e+02 4.910508543252944946e-02 6.681933999061584473e-02
2.640000000000000000e+02 4.909567162394523621e-02 6.686476618051528931e-02
2.650000000000000000e+02 4.904802143573760986e-02 6.675650924444198608e-02
2.660000000000000000e+02 4.897338151931762695e-02 6.673524528741836548e-02
2.670000000000000000e+02 4.895186051726341248e-02 6.662929058074951172e-02
2.680000000000000000e+02 4.886176437139511108e-02 6.661503762006759644e-02
2.690000000000000000e+02 4.879153519868850708e-02 6.675561517477035522e-02
2.700000000000000000e+02 4.878503084182739258e-02 6.653381884098052979e-02
2.710000000000000000e+02 4.870531335473060608e-02 6.654461473226547241e-02
2.720000000000000000e+02 4.866440221667289734e-02 6.645002961158752441e-02
2.730000000000000000e+02 4.863364994525909424e-02 6.645062565803527832e-02
2.740000000000000000e+02 4.862292483448982239e-02 6.639937311410903931e-02
2.750000000000000000e+02 4.854264482855796814e-02 6.613238900899887085e-02
2.760000000000000000e+02 4.850075393915176392e-02 6.620635837316513062e-02
2.770000000000000000e+02 4.843859747052192688e-02 6.615234166383743286e-02
2.780000000000000000e+02 4.835543036460876465e-02 6.618434935808181763e-02
2.790000000000000000e+02 4.833286255598068237e-02 6.617972999811172485e-02
2.800000000000000000e+02 4.825069382786750793e-02 6.606341153383255005e-02
2.810000000000000000e+02 4.828059673309326172e-02 6.613363325595855713e-02
2.820000000000000000e+02 4.820751771330833435e-02 6.596159189939498901e-02
2.830000000000000000e+02 4.814591258764266968e-02 6.599725037813186646e-02
2.840000000000000000e+02 4.813006147742271423e-02 6.609366834163665771e-02
2.850000000000000000e+02 4.808116704225540161e-02 6.593900918960571289e-02
2.860000000000000000e+02 4.797797650098800659e-02 6.589569896459579468e-02
2.870000000000000000e+02 4.795960709452629089e-02 6.584487110376358032e-02
2.880000000000000000e+02 4.790060594677925110e-02 6.580067425966262817e-02
2.890000000000000000e+02 4.788118973374366760e-02 6.572080403566360474e-02
2.900000000000000000e+02 4.783140495419502258e-02 6.583900004625320435e-02
2.910000000000000000e+02 4.776500165462493896e-02 6.566355377435684204e-02
2.920000000000000000e+02 4.773598164319992065e-02 6.546565145254135132e-02
2.930000000000000000e+02 4.770616814494132996e-02 6.570250540971755981e-02
2.940000000000000000e+02 4.763498902320861816e-02 6.555562466382980347e-02
2.950000000000000000e+02 4.763944819569587708e-02 6.556531786918640137e-02
2.960000000000000000e+02 4.758136719465255737e-02 6.546355038881301880e-02
2.970000000000000000e+02 4.757432639598846436e-02 6.548832356929779053e-02
2.980000000000000000e+02 4.746645316481590271e-02 6.526016443967819214e-02
2.990000000000000000e+02 4.749814793467521667e-02 6.543409824371337891e-02
3.000000000000000000e+02 4.739534854888916016e-02 6.529679894447326660e-02
3.010000000000000000e+02 4.730391502380371094e-02 6.528797000646591187e-02
3.020000000000000000e+02 4.731415957212448120e-02 6.527315825223922729e-02
3.030000000000000000e+02 4.723231121897697449e-02 6.513470411300659180e-02
3.040000000000000000e+02 4.720340296626091003e-02 6.528127193450927734e-02
3.050000000000000000e+02 4.720027372241020203e-02 6.516853719949722290e-02
3.060000000000000000e+02 4.712096229195594788e-02 6.504759937524795532e-02
3.070000000000000000e+02 4.706995561718940735e-02 6.507271528244018555e-02
3.080000000000000000e+02 4.703350737690925598e-02 6.523521244525909424e-02
3.090000000000000000e+02 4.700230807065963745e-02 6.489798426628112793e-02
3.100000000000000000e+02 4.697782173752784729e-02 6.492440402507781982e-02
3.110000000000000000e+02 4.691213741898536682e-02 6.509542465209960938e-02
3.120000000000000000e+02 4.689978063106536865e-02 6.496378779411315918e-02
3.130000000000000000e+02 4.688280448317527771e-02 6.494291126728057861e-02
3.140000000000000000e+02 4.688146710395812988e-02 6.498026102781295776e-02
3.150000000000000000e+02 4.682201519608497620e-02 6.488662958145141602e-02
3.160000000000000000e+02 4.677018150687217712e-02 6.479465216398239136e-02
3.170000000000000000e+02 4.667301103472709656e-02 6.489004194736480713e-02
3.180000000000000000e+02 4.667111113667488098e-02 6.484718620777130127e-02
3.190000000000000000e+02 4.660686105489730835e-02 6.473404914140701294e-02
3.200000000000000000e+02 4.656087607145309448e-02 6.458436697721481323e-02
3.210000000000000000e+02 4.653424769639968872e-02 6.466700881719589233e-02
3.220000000000000000e+02 4.647001251578330994e-02 6.462252140045166016e-02
3.230000000000000000e+02 4.646399989724159241e-02 6.450630724430084229e-02
3.240000000000000000e+02 4.639433696866035461e-02 6.452559679746627808e-02
3.250000000000000000e+02 4.641321301460266113e-02 6.450942158699035645e-02
3.260000000000000000e+02 4.635063186287879944e-02 6.443999707698822021e-02
3.270000000000000000e+02 4.629504308104515076e-02 6.449624150991439819e-02
3.280000000000000000e+02 4.626364260911941528e-02 6.451207399368286133e-02
3.290000000000000000e+02 4.628185182809829712e-02 6.435756385326385498e-02
3.300000000000000000e+02 4.625772684812545776e-02 6.432833522558212280e-02
3.310000000000000000e+02 4.617330431938171387e-02 6.440137326717376709e-02
3.320000000000000000e+02 4.612260311841964722e-02 6.440965086221694946e-02
3.330000000000000000e+02 4.603521525859832764e-02 6.430985778570175171e-02
3.340000000000000000e+02 4.605464637279510498e-02 6.430606544017791748e-02
3.350000000000000000e+02 4.600746929645538330e-02 6.435468047857284546e-02
3.360000000000000000e+02 4.601836949586868286e-02 6.412938237190246582e-02
3.370000000000000000e+02 4.593537002801895142e-02 6.416010111570358276e-02
3.380000000000000000e+02 4.588780924677848816e-02 6.412089616060256958e-02
3.390000000000000000e+02 4.585686698555946350e-02 6.416905671358108521e-02
3.400000000000000000e+02 4.583746194839477539e-02 6.411726027727127075e-02
3.410000000000000000e+02 4.580985382199287415e-02 6.400746852159500122e-02
3.420000000000000000e+02 4.581054300069808960e-02 6.405460089445114136e-02
3.430000000000000000e+02 4.570968449115753174e-02 6.396716088056564331e-02
3.440000000000000000e+02 4.568007215857505798e-02 6.406436115503311157e-02
3.450000000000000000e+02 4.566419497132301331e-02 6.393473595380783081e-02
3.460000000000000000e+02 4.562344402074813843e-02 6.391093879938125610e-02
3.470000000000000000e+02 4.558062180876731873e-02 6.392595916986465454e-02
3.480000000000000000e+02 4.554392769932746887e-02 6.379876285791397095e-02
3.490000000000000000e+02 4.555777832865715027e-02 6.391259282827377319e-02
3.500000000000000000e+02 4.545576497912406921e-02 6.387757509946823120e-02
3.510000000000000000e+02 4.548715054988861084e-02 6.389799714088439941e-02
3.520000000000000000e+02 4.538522288203239441e-02 6.372471153736114502e-02
3.530000000000000000e+02 4.537159204483032227e-02 6.369649618864059448e-02
3.540000000000000000e+02 4.539330676198005676e-02 6.363686919212341309e-02
3.550000000000000000e+02 4.530474543571472168e-02 6.362283974885940552e-02
3.560000000000000000e+02 4.531904309988021851e-02 6.371881812810897827e-02
3.570000000000000000e+02 4.526223242282867432e-02 6.360664963722229004e-02
3.580000000000000000e+02 4.521341621875762939e-02 6.363560259342193604e-02
3.590000000000000000e+02 4.515547677874565125e-02 6.360223144292831421e-02
3.600000000000000000e+02 4.513697326183319092e-02 6.351350992918014526e-02
3.610000000000000000e+02 4.513405635952949524e-02 6.352271139621734619e-02
3.620000000000000000e+02 4.505630582571029663e-02 6.351409107446670532e-02
3.630000000000000000e+02 4.502499476075172424e-02 6.339706480503082275e-02
3.640000000000000000e+02 4.505145549774169922e-02 6.340400129556655884e-02
3.650000000000000000e+02 4.502212628722190857e-02 6.340938061475753784e-02
3.660000000000000000e+02 4.498128220438957214e-02 6.340436637401580811e-02
3.670000000000000000e+02 4.491425678133964539e-02 6.338831037282943726e-02
3.680000000000000000e+02 4.486608877778053284e-02 6.346468627452850342e-02
3.690000000000000000e+02 4.488839954137802124e-02 6.333367526531219482e-02
3.700000000000000000e+02 4.480825737118721008e-02 6.322912126779556274e-02
3.710000000000000000e+02 4.483718052506446838e-02 6.330496072769165039e-02
3.720000000000000000e+02 4.478758946061134338e-02 6.332295387983322144e-02
3.730000000000000000e+02 4.471858963370323181e-02 6.332792341709136963e-02
3.740000000000000000e+02 4.471694305539131165e-02 6.318718940019607544e-02
3.750000000000000000e+02 4.461712390184402466e-02 6.315413117408752441e-02
3.760000000000000000e+02 4.463408142328262329e-02 6.314132362604141235e-02
3.770000000000000000e+02 4.455505684018135071e-02 6.325816363096237183e-02
3.780000000000000000e+02 4.452058672904968262e-02 6.300210952758789062e-02
3.790000000000000000e+02 4.459624737501144409e-02 6.315738707780838013e-02
3.800000000000000000e+02 4.448897764086723328e-02 6.309409439563751221e-02
3.810000000000000000e+02 4.447294026613235474e-02 6.313636153936386108e-02
3.820000000000000000e+02 4.447710141539573669e-02 6.314947456121444702e-02
3.830000000000000000e+02 4.442600533366203308e-02 6.307629495859146118e-02
3.840000000000000000e+02 4.437652230262756348e-02 6.293407082557678223e-02
3.850000000000000000e+02 4.431286826729774475e-02 6.275909394025802612e-02
3.860000000000000000e+02 4.434628784656524658e-02 6.277371942996978760e-02
3.870000000000000000e+02 4.428617283701896667e-02 6.299803406000137329e-02
3.880000000000000000e+02 4.423491284251213074e-02 6.283827871084213257e-02
3.890000000000000000e+02 4.427374899387359619e-02 6.287781894207000732e-02
3.900000000000000000e+02 4.420237988233566284e-02 6.283468753099441528e-02
3.910000000000000000e+02 4.418234899640083313e-02 6.280021369457244873e-02
3.920000000000000000e+02 4.414247348904609680e-02 6.278338283300399780e-02
3.930000000000000000e+02 4.416408389806747437e-02 6.271909177303314209e-02
3.940000000000000000e+02 4.414402693510055542e-02 6.255155801773071289e-02
3.950000000000000000e+02 4.407652467489242554e-02 6.275188922882080078e-02
3.960000000000000000e+02 4.404288902878761292e-02 6.273677200078964233e-02
3.970000000000000000e+02 4.400129988789558411e-02 6.270074844360351562e-02
3.980000000000000000e+02 4.401813074946403503e-02 6.261450797319412231e-02
3.990000000000000000e+02 4.398367181420326233e-02 6.256182491779327393e-02
4.000000000000000000e+02 4.397036880254745483e-02 6.256625056266784668e-02
4.010000000000000000e+02 4.387349262833595276e-02 6.268836557865142822e-02
4.020000000000000000e+02 4.383042827248573303e-02 6.264062970876693726e-02
4.030000000000000000e+02 4.387814551591873169e-02 6.246560439467430115e-02
4.040000000000000000e+02 4.378898069262504578e-02 6.252548843622207642e-02
4.050000000000000000e+02 4.373878613114356995e-02 6.260833144187927246e-02
4.060000000000000000e+02 4.378936812281608582e-02 6.251376122236251831e-02
4.070000000000000000e+02 4.368917271494865417e-02 6.249717995524406433e-02
4.080000000000000000e+02 4.370272904634475708e-02 6.255573779344558716e-02
4.090000000000000000e+02 4.366086050868034363e-02 6.248728930950164795e-02
4.100000000000000000e+02 4.360155016183853149e-02 6.250919401645660400e-02
4.110000000000000000e+02 4.361750185489654541e-02 6.237440928816795349e-02
4.120000000000000000e+02 4.361807927489280701e-02 6.236254051327705383e-02
4.130000000000000000e+02 4.357118532061576843e-02 6.231985613703727722e-02
4.140000000000000000e+02 4.352703690528869629e-02 6.228499487042427063e-02
4.150000000000000000e+02 4.348850622773170471e-02 6.228242814540863037e-02
4.160000000000000000e+02 4.347381368279457092e-02 6.226427108049392700e-02
4.170000000000000000e+02 4.342011362314224243e-02 6.220519915223121643e-02
4.180000000000000000e+02 4.341294988989830017e-02 6.234407797455787659e-02
4.190000000000000000e+02 4.338339716196060181e-02 6.222877651453018188e-02
4.200000000000000000e+02 4.338831827044487000e-02 6.228774413466453552e-02
4.210000000000000000e+02 4.333185777068138123e-02 6.214618682861328125e-02
4.220000000000000000e+02 4.330381006002426147e-02 6.211188435554504395e-02
4.230000000000000000e+02 4.330368340015411377e-02 6.210179999470710754e-02
4.240000000000000000e+02 4.327558726072311401e-02 6.211446970701217651e-02
4.250000000000000000e+02 4.324609413743019104e-02 6.210622563958168030e-02
4.260000000000000000e+02 4.322151094675064087e-02 6.196598708629608154e-02
4.270000000000000000e+02 4.315008595585823059e-02 6.189886853098869324e-02
4.280000000000000000e+02 4.320603236556053162e-02 6.209563463926315308e-02
4.290000000000000000e+02 4.311845824122428894e-02 6.201126798987388611e-02
4.300000000000000000e+02 4.311987012624740601e-02 6.197863444685935974e-02
4.310000000000000000e+02 4.311874136328697205e-02 6.193238124251365662e-02
4.320000000000000000e+02 4.307755082845687866e-02 6.198429688811302185e-02
4.330000000000000000e+02 4.306305199861526489e-02 6.208550930023193359e-02
4.340000000000000000e+02 4.303906857967376709e-02 6.195081770420074463e-02
4.350000000000000000e+02 4.304020106792449951e-02 6.194473430514335632e-02
4.360000000000000000e+02 4.292145371437072754e-02 6.197128817439079285e-02
