0.000000000000000000e+00 1.038555577397346497e-01 1.252902448177337646e-01
1.000000000000000000e+00 1.034122854471206665e-01 1.249481067061424255e-01
2.000000000000000000e+00 1.029776334762573242e-01 1.245952248573303223e-01
3.000000000000000000e+00 1.025497019290924072e-01 1.242633834481239319e-01
4.000000000000000000e+00 1.021180525422096252e-01 1.239137277007102966e-01
5.000000000000000000e+00 1.017028242349624634e-01 1.235832348465919495e-01
6.000000000000000000e+00 1.012926995754241943e-01 1.232690438628196716e-01
7.000000000000000000e+00 1.008809432387351990e-01 1.229336783289909363e-01
8.000000000000000000e+00 1.004715859889984131e-01 1.226281374692916870e-01
9.000000000000000000e+00 1.000623181462287903e-01 1.222912296652793884e-01
1.000000000000000000e+01 9.965363889932632446e-02 1.219863295555114746e-01
1.100000000000000000e+01 9.923754632472991943e-02 1.216507405042648315e-01
1.200000000000000000e+01 9.881889820098876953e-02 1.213098093867301941e-01
1.300000000000000000e+01 9.840315580368041992e-02 1.210152879357337952e-01
1.400000000000000000e+01 9.798222035169601440e-02 1.206498220562934875e-01
1.500000000000000000e+01 9.755081683397293091e-02 1.203323155641555786e-01
1.600000000000000000e+01 9.712142497301101685e-02 1.199682876467704773e-01
1.700000000000000000e+01 9.668333083391189575e-02 1.196197867393493652e-01
1.800000000000000000e+01 9.622133523225784302e-02 1.192763671278953552e-01
1.900000000000000000e+01 9.575969725847244263e-02 1.189009249210357666e-01
2.000000000000000000e+01 9.528420865535736084e-02 1.185305938124656677e-01
2.100000000000000000e+01 9.479266405105590820e-02 1.181336790323257446e-01
2.200000000000000000e+01 9.430953860282897949e-02 1.177637949585914612e-01
2.300000000000000000e+01 9.378968179225921631e-02 1.173596307635307312e-01
2.400000000000000000e+01 9.326101094484329224e-02 1.169413253664970398e-01
2.500000000000000000e+01 9.271612018346786499e-02 1.164975613355636597e-01
2.600000000000000000e+01 9.215787053108215332e-02 1.160849705338478088e-01
2.700000000000000000e+01 9.158632904291152954e-02 1.156451329588890076e-01
2.800000000000000000e+01 9.099070727825164795e-02 1.151702851057052612e-01
2.900000000000000000e+01 9.038402885198593140e-02 1.146949455142021179e-01
3.000000000000000000e+01 8.978434652090072632e-02 1.142025515437126160e-01
3.100000000000000000e+01 8.914525061845779419e-02 1.137364432215690613e-01
3.200000000000000000e+01 8.848675340414047241e-02 1.132050156593322754e-01
3.300000000000000000e+01 8.784534037113189697e-02 1.127307415008544922e-01
3.400000000000000000e+01 8.718594163656234741e-02 1.121798902750015259e-01
3.500000000000000000e+01 8.651845157146453857e-02 1.116643920540809631e-01
3.600000000000000000e+01 8.583639562129974365e-02 1.110550537705421448e-01
3.700000000000000000e+01 8.515291661024093628e-02 1.105328723788261414e-01
3.800000000000000000e+01 8.446205407381057739e-02 1.100404560565948486e-01
3.900000000000000000e+01 8.377821743488311768e-02 1.093990802764892578e-01
4.000000000000000000e+01 8.311252295970916748e-02 1.087975725531578064e-01
4.100000000000000000e+01 8.240917325019836426e-02 1.082799285650253296e-01
4.200000000000000000e+01 8.177061378955841064e-02 1.076886206865310669e-01
4.300000000000000000e+01 8.111773431301116943e-02 1.070214807987213135e-01
4.400000000000000000e+01 8.044752478599548340e-02 1.064622551202774048e-01
4.500000000000000000e+01 7.984325289726257324e-02 1.059378907084465027e-01
4.600000000000000000e+01 7.924034446477890015e-02 1.052157953381538391e-01
4.700000000000000000e+01 7.867510616779327393e-02 1.047248691320419312e-01
4.800000000000000000e+01 7.808098942041397095e-02 1.041559278964996338e-01
4.900000000000000000e+01 7.757916301488876343e-02 1.035924479365348816e-01
5.000000000000000000e+01 7.705188542604446411e-02 1.030334383249282837e-01
5.100000000000000000e+01 7.655248790979385376e-02 1.025122404098510742e-01
5.200000000000000000e+01 7.607521861791610718e-02 1.020595207810401917e-01
5.300000000000000000e+01 7.565917819738388062e-02 1.014198660850524902e-01
5.400000000000000000e+01 7.521262764930725098e-02 1.010808274149894714e-01
5.500000000000000000e+01 7.481775432825088501e-02 1.004726439714431763e-01
5.600000000000000000e+01 7.443938404321670532e-02 9.996039420366287231e-02
5.700000000000000000e+01 7.409331947565078735e-02 9.959242492914199829e-02
5.800000000000000000e+01 7.373567670583724976e-02 9.911093115806579590e-02
5.900000000000000000e+01 7.338173687458038330e-02 9.867703169584274292e-02
6.000000000000000000e+01 7.305599004030227661e-02 9.825462102890014648e-02
6.100000000000000000e+01 7.277300208806991577e-02 9.778746962547302246e-02
6.200000000000000000e+01 7.245714962482452393e-02 9.743323177099227905e-02
6.300000000000000000e+01 7.218092679977416992e-02 9.688057005405426025e-02
6.400000000000000000e+01 7.191077619791030884e-02 9.655676037073135376e-02
6.500000000000000000e+01 7.158487290143966675e-02 9.610641747713088989e-02
6.600000000000000000e+01 7.132571190595626831e-02 9.575958549976348877e-02
6.700000000000000000e+01 7.106656581163406372e-02 9.530581533908843994e-02
6.800000000000000000e+01 7.078360021114349365e-02 9.497176110744476318e-02
6.900000000000000000e+01 7.054265588521957397e-02 9.441465139389038086e-02
7.000000000000000000e+01 7.028705626726150513e-02 9.409887343645095825e-02
7.100000000000000000e+01 7.006906718015670776e-02 9.368745982646942139e-02
7.200000000000000000e+01 6.983010470867156982e-02 9.336081147193908691e-02
7.300000000000000000e+01 6.961006671190261841e-02 9.296894818544387817e-02
7.400000000000000000e+01 6.932450085878372192e-02 9.262171387672424316e-02
7.500000000000000000e+01 6.911991536617279053e-02 9.224407374858856201e-02
7.600000000000000000e+01 6.891977041959762573e-02 9.183061122894287109e-02
7.700000000000000000e+01 6.870874017477035522e-02 9.139335900545120239e-02
7.800000000000000000e+01 6.844629347324371338e-02 9.116554260253906250e-02
7.900000000000000000e+01 6.823346018791198730e-02 9.075521677732467651e-02
8.000000000000000000e+01 6.804093718528747559e-02 9.047314524650573730e-02
8.100000000000000000e+01 6.777387857437133789e-02 9.010254591703414917e-02
8.200000000000000000e+01 6.757294386625289917e-02 8.986346423625946045e-02
8.300000000000000000e+01 6.739409267902374268e-02 8.952461928129196167e-02
8.400000000000000000e+01 6.716706603765487671e-02 8.918493986129760742e-02
8.500000000000000000e+01 6.691835075616836548e-02 8.900947868824005127e-02
8.600000000000000000e+01 6.674686819314956665e-02 8.866632729768753052e-02
8.700000000000000000e+01 6.650058925151824951e-02 8.847116678953170776e-02
8.800000000000000000e+01 6.628865748643875122e-02 8.827280998229980469e-02
8.900000000000000000e+01 6.611235439777374268e-02 8.794161677360534668e-02
9.000000000000000000e+01 6.587181985378265381e-02 8.770159631967544556e-02
9.100000000000000000e+01 6.567628681659698486e-02 8.744028210639953613e-02
9.200000000000000000e+01 6.547775119543075562e-02 8.721523731946945190e-02
9.300000000000000000e+01 6.526452302932739258e-02 8.697049319744110107e-02
9.400000000000000000e+01 6.512551009654998779e-02 8.681734651327133179e-02
9.500000000000000000e+01 6.486413627862930298e-02 8.661463856697082520e-02
9.600000000000000000e+01 6.469991058111190796e-02 8.644336462020874023e-02
9.700000000000000000e+01 6.453211605548858643e-02 8.616720139980316162e-02
9.800000000000000000e+01 6.435135751962661743e-02 8.608026057481765747e-02
9.900000000000000000e+01 6.422609835863113403e-02 8.578038215637207031e-02
1.000000000000000000e+02 6.397648900747299194e-02 8.569566160440444946e-02
1.010000000000000000e+02 6.381490081548690796e-02 8.533268421888351440e-02
1.020000000000000000e+02 6.362337619066238403e-02 8.533889055252075195e-02
1.030000000000000000e+02 6.347746402025222778e-02 8.501349389553070068e-02
1.040000000000000000e+02 6.326948106288909912e-02 8.478202670812606812e-02
1.050000000000000000e+02 6.313547492027282715e-02 8.451641350984573364e-02
1.060000000000000000e+02 6.292890757322311401e-02 8.431192487478256226e-02
1.070000000000000000e+02 6.276825815439224243e-02 8.415993303060531616e-02
1.080000000000000000e+02 6.260314583778381348e-02 8.398305624723434448e-02
1.090000000000000000e+02 6.243918463587760925e-02 8.372982591390609741e-02
1.100000000000000000e+02 6.228928640484809875e-02 8.363875746726989746e-02
1.110000000000000000e+02 6.214523315429687500e-02 8.344106376171112061e-02
1.120000000000000000e+02 6.194376200437545776e-02 8.308437466621398926e-02
1.130000000000000000e+02 6.184745579957962036e-02 8.306252956390380859e-02
1.140000000000000000e+02 6.167845427989959717e-02 8.294095098972320557e-02
1.150000000000000000e+02 6.151486933231353760e-02 8.281652629375457764e-02
1.160000000000000000e+02 6.138516589999198914e-02 8.249871432781219482e-02
1.170000000000000000e+02 6.123966351151466370e-02 8.235900104045867920e-02
1.180000000000000000e+02 6.109405308961868286e-02 8.205679804086685181e-02
1.190000000000000000e+02 6.091880798339843750e-02 8.197516947984695435e-02
1.200000000000000000e+02 6.081756204366683960e-02 8.162155002355575562e-02
1.210000000000000000e+02 6.066696718335151672e-02 8.163154125213623047e-02
1.220000000000000000e+02 6.050918996334075928e-02 8.134742081165313721e-02
1.230000000000000000e+02 6.042782217264175415e-02 8.124640583992004395e-02
1.240000000000000000e+02 6.026110425591468811e-02 8.115482330322265625e-02
1.250000000000000000e+02 6.012422218918800354e-02 8.101046085357666016e-02
1.260000000000000000e+02 6.000423058867454529e-02 8.082547038793563843e-02
1.270000000000000000e+02 5.988702550530433655e-02 8.054610341787338257e-02
1.280000000000000000e+02 5.971634015440940857e-02 8.038251101970672607e-02
1.290000000000000000e+02 5.964009836316108704e-02 8.018613606691360474e-02
1.300000000000000000e+02 5.947162955999374390e-02 8.014564961194992065e-02
1.310000000000000000e+02 5.932323262095451355e-02 7.992956042289733887e-02
1.320000000000000000e+02 5.922254174947738647e-02 7.976032793521881104e-02
1.330000000000000000e+02 5.909206345677375793e-02 7.971110194921493530e-02
1.340000000000000000e+02 5.902723222970962524e-02 7.950507849454879761e-02
1.350000000000000000e+02 5.887259915471076965e-02 7.930918037891387939e-02
1.360000000000000000e+02 5.881464481353759766e-02 7.923986762762069702e-02
1.370000000000000000e+02 5.869278684258460999e-02 7.905472069978713989e-02
1.380000000000000000e+02 5.857010558247566223e-02 7.885715365409851074e-02
1.390000000000000000e+02 5.844068899750709534e-02 7.884762436151504517e-02
1.400000000000000000e+02 5.836670845746994019e-02 7.866857200860977173e-02
1.410000000000000000e+02 5.819953978061676025e-02 7.851241528987884521e-02
1.420000000000000000e+02 5.807920917868614197e-02 7.813572883605957031e-02
1.430000000000000000e+02 5.797272920608520508e-02 7.804773002862930298e-02
1.440000000000000000e+02 5.783947929739952087e-02 7.789622992277145386e-02
1.450000000000000000e+02 5.773770436644554138e-02 7.798819243907928467e-02
1.460000000000000000e+02 5.764351040124893188e-02 7.762420922517776489e-02
1.470000000000000000e+02 5.752123147249221802e-02 7.760502398014068604e-02
1.480000000000000000e+02 5.744649469852447510e-02 7.742233574390411377e-02
1.490000000000000000e+02 5.733900517225265503e-02 7.736955583095550537e-02
1.500000000000000000e+02 5.726356431841850281e-02 7.720223069190979004e-02
1.510000000000000000e+02 5.714239925146102905e-02 7.715678960084915161e-02
1.520000000000000000e+02 5.704249814152717590e-02 7.699388265609741211e-02
1.530000000000000000e+02 5.695362761616706848e-02 7.669533789157867432e-02
1.540000000000000000e+02 5.681407451629638672e-02 7.653799653053283691e-02
1.550000000000000000e+02 5.672283470630645752e-02 7.655589282512664795e-02
1.560000000000000000e+02 5.669306963682174683e-02 7.639218121767044067e-02
1.570000000000000000e+02 5.662781000137329102e-02 7.641462981700897217e-02
1.580000000000000000e+02 5.647154152393341064e-02 7.607081532478332520e-02
1.590000000000000000e+02 5.636005103588104248e-02 7.625532150268554688e-02
1.600000000000000000e+02 5.634824186563491821e-02 7.599533349275588989e-02
1.610000000000000000e+02 5.623209476470947266e-02 7.587470114231109619e-02
1.620000000000000000e+02 5.613635480403900146e-02 7.584451138973236084e-02
1.630000000000000000e+02 5.609203502535820007e-02 7.568462193012237549e-02
1.640000000000000000e+02 5.594119429588317871e-02 7.561580091714859009e-02
1.650000000000000000e+02 5.586547031998634338e-02 7.552374154329299927e-02
1.660000000000000000e+02 5.579407513141632080e-02 7.550971210002899170e-02
1.670000000000000000e+02 5.574646964669227600e-02 7.550369948148727417e-02
1.680000000000000000e+02 5.563205108046531677e-02 7.532795518636703491e-02
1.690000000000000000e+02 5.554458126425743103e-02 7.531232386827468872e-02
1.700000000000000000e+02 5.546198412775993347e-02 7.517186552286148071e-02
1.710000000000000000e+02 5.533966422080993652e-02 7.516542077064514160e-02
1.720000000000000000e+02 5.531938001513481140e-02 7.496890425682067871e-02
1.730000000000000000e+02 5.524509772658348083e-02 7.496389001607894897e-02
1.740000000000000000e+02 5.511809512972831726e-02 7.467950880527496338e-02
1.750000000000000000e+02 5.506257712841033936e-02 7.468681782484054565e-02
1.760000000000000000e+02 5.498121306300163269e-02 7.471990585327148438e-02
1.770000000000000000e+02 5.494086816906929016e-02 7.465851306915283203e-02
1.780000000000000000e+02 5.478128790855407715e-02 7.436881214380264282e-02
1.790000000000000000e+02 5.471794307231903076e-02 7.448027282953262329e-02
1.800000000000000000e+02 5.470847338438034058e-02 7.444144040346145630e-02
1.810000000000000000e+02 5.457629635930061340e-02 7.430528104305267334e-02
1.820000000000000000e+02 5.454598367214202881e-02 7.419902086257934570e-02
1.830000000000000000e+02 5.442300438880920410e-02 7.421679794788360596e-02
1.840000000000000000e+02 5.431501939892768860e-02 7.405471056699752808e-02
1.850000000000000000e+02 5.423006415367126465e-02 7.379654049873352051e-02
1.860000000000000000e+02 5.416386201977729797e-02 7.389020919799804688e-02
1.870000000000000000e+02 5.408763140439987183e-02 7.381340861320495605e-02
1.880000000000000000e+02 5.402072519063949585e-02 7.375195622444152832e-02
1.890000000000000000e+02 5.395955219864845276e-02 7.359513640403747559e-02
1.900000000000000000e+02 5.385371297597885132e-02 7.359184324741363525e-02
1.910000000000000000e+02 5.381812155246734619e-02 7.357998192310333252e-02
1.920000000000000000e+02 5.375178530812263489e-02 7.331714034080505371e-02
1.930000000000000000e+02 5.365615710616111755e-02 7.327781617641448975e-02
1.940000000000000000e+02 5.358227714896202087e-02 7.328023761510848999e-02
1.950000000000000000e+02 5.354513600468635559e-02 7.319895923137664795e-02
1.960000000000000000e+02 5.340868979692459106e-02 7.305776327848434448e-02
1.970000000000000000e+02 5.337420850992202759e-02 7.305746525526046753e-02
1.980000000000000000e+02 5.330224335193634033e-02 7.308654487133026123e-02
1.990000000000000000e+02 5.321842059493064880e-02 7.299831509590148926e-02
2.000000000000000000e+02 5.315926298499107361e-02 7.289794087409973145e-02
2.010000000000000000e+02 5.310339480638504028e-02 7.274978607892990112e-02
2.020000000000000000e+02 5.306943878531455994e-02 7.285171002149581909e-02
2.030000000000000000e+02 5.297688022255897522e-02 7.252917438745498657e-02
2.040000000000000000e+02 5.285320058465003967e-02 7.248746603727340698e-02
2.050000000000000000e+02 5.283922702074050903e-02 7.261990010738372803e-02
2.060000000000000000e+02 5.274039506912231445e-02 7.245905697345733643e-02
2.070000000000000000e+02 5.270066112279891968e-02 7.252680510282516479e-02
2.080000000000000000e+02 5.255433544516563416e-02 7.213369756937026978e-02
2.090000000000000000e+02 5.257059633731842041e-02 7.217963039875030518e-02
2.100000000000000000e+02 5.253410711884498596e-02 7.222989946603775024e-02
2.110000000000000000e+02 5.248269811272621155e-02 7.206791639328002930e-02
2.120000000000000000e+02 5.236469209194183350e-02 7.217163592576980591e-02
2.130000000000000000e+02 5.229477956891059875e-02 7.194243371486663818e-02
2.140000000000000000e+02 5.224189534783363342e-02 7.196898013353347778e-02
2.150000000000000000e+02 5.219052731990814209e-02 7.200594991445541382e-02
2.160000000000000000e+02 5.213720723986625671e-02 7.166184484958648682e-02
2.170000000000000000e+02 5.206171795725822449e-02 7.182114571332931519e-02
2.180000000000000000e+02 5.197167024016380310e-02 7.166252285242080688e-02
2.190000000000000000e+02 5.194864049553871155e-02 7.172998785972595215e-02
2.200000000000000000e+02 5.185659602284431458e-02 7.157411426305770874e-02
2.210000000000000000e+02 5.184188112616539001e-02 7.145022600889205933e-02
2.220000000000000000e+02 5.177036300301551819e-02 7.134097814559936523e-02
2.230000000000000000e+02 5.164664611220359802e-02 7.140103727579116821e-02
2.240000000000000000e+02 5.161750316619873047e-02 7.113382220268249512e-02
2.250000000000000000e+02 5.155799910426139832e-02 7.124281674623489380e-02
2.260000000000000000e+02 5.151774361729621887e-02 7.117510586977005005e-02
2.270000000000000000e+02 5.143542587757110596e-02 7.118064910173416138e-02
2.280000000000000000e+02 5.141638591885566711e-02 7.097709923982620239e-02
2.290000000000000000e+02 5.132203549146652222e-02 7.113955169916152954e-02
2.300000000000000000e+02 5.127053335309028625e-02 7.091148942708969116e-02
2.310000000000000000e+02 5.124109983444213867e-02 7.087472081184387207e-02
2.320000000000000000e+02 5.111951008439064026e-02 7.095819711685180664e-02
2.330000000000000000e+02 5.110793933272361755e-02 7.075861841440200806e-02
2.340000000000000000e+02 5.104684457182884216e-02 7.093911617994308472e-02
2.350000000000000000e+02 5.096152797341346741e-02 7.070812582969665527e-02
2.360000000000000000e+02 5.097427219152450562e-02 7.052149623632431030e-02
2.370000000000000000e+02 5.093357712030410767e-02 7.060243189334869385e-02
2.380000000000000000e+02 5.081814900040626526e-02 7.050450146198272705e-02
2.390000000000000000e+02 5.076093971729278564e-02 7.048431038856506348e-02
2.400000000000000000e+02 5.073556676506996155e-02 7.044767588376998901e-02
2.410000000000000000e+02 5.063222721219062805e-02 7.027216255664825439e-02
2.420000000000000000e+02 5.060051381587982178e-02 7.035537809133529663e-02
2.430000000000000000e+02 5.055817961692810059e-02 7.029882073402404785e-02
2.440000000000000000e+02 5.051238462328910828e-02 7.018075138330459595e-02
2.450000000000000000e+02 5.047449842095375061e-02 7.026781141757965088e-02
2.460000000000000000e+02 5.043245851993560791e-02 7.004020363092422485e-02
2.470000000000000000e+02 5.037017911672592163e-02 6.996924430131912231e-02
2.480000000000000000e+02 5.029951781034469604e-02 7.000831514596939087e-02
2.490000000000000000e+02 5.023364722728729248e-02 6.988721340894699097e-02
2.500000000000000000e+02 5.018010362982749939e-02 6.983746588230133057e-02
2.510000000000000000e+02 5.020668357610702515e-02 6.982163339853286743e-02
2.520000000000000000e+02 5.008203163743019104e-02 6.973742693662643433e-02
2.530000000000000000e+02 4.999608173966407776e-02 6.944520771503448486e-02
2.540000000000000000e+02 4.994122311472892761e-02 6.956744939088821411e-02
2.550000000000000000e+02 4.990147426724433899e-02 6.947709619998931885e-02
2.560000000000000000e+02 4.989296197891235352e-02 6.966352462768554688e-02
2.570000000000000000e+02 4.981053620576858521e-02 6.923047453165054321e-02
2.580000000000000000e+02 4.983706027269363403e-02 6.907074153423309326e-02
2.590000000000000000e+02 4.972283169627189636e-02 6.917197257280349731e-02
2.600000000000000000e+02 4.969829320907592773e-02 6.922192126512527466e-02
2.610000000000000000e+02 4.961976408958435059e-02 6.915941089391708374e-02
2.620000000000000000e+02 4.952000454068183899e-02 6.914001703262329102e-02
2.630000000000000000e+02 4.952351003885269165e-02 6.900999695062637329e-02
2.640000000000000000e+02 4.945820569992065430e-02 6.896077841520309448e-02
2.650000000000000000e+02 4.938562214374542236e-02 6.885747611522674561e-02
2.660000000000000000e+02 4.929764196276664734e-02 6.888175755739212036e-02
2.670000000000000000e+02 4.928728193044662476e-02 6.869183480739593506e-02
2.680000000000000000e+02 4.930219799280166626e-02 6.890454143285751343e-02
2.690000000000000000e+02 4.917471483349800110e-02 6.867974251508712769e-02
2.700000000000000000e+02 4.916198179125785828e-02 6.863009929656982422e-02
2.710000000000000000e+02 4.908416792750358582e-02 6.844601035118103027e-02
2.720000000000000000e+02 4.905424639582633972e-02 6.834227591753005981e-02
2.730000000000000000e+02 4.901355504989624023e-02 6.839479506015777588e-02
2.740000000000000000e+02 4.892341420054435730e-02 6.848522275686264038e-02
2.750000000000000000e+02 4.891541600227355957e-02 6.818053126335144043e-02
2.760000000000000000e+02 4.887241125106811523e-02 6.840755790472030640e-02
2.770000000000000000e+02 4.881342127919197083e-02 6.802160292863845825e-02
2.780000000000000000e+02 4.873751848936080933e-02 6.816886365413665771e-02
2.790000000000000000e+02 4.868870973587036133e-02 6.809931993484497070e-02
2.800000000000000000e+02 4.868648573756217957e-02 6.802179664373397827e-02
2.810000000000000000e+02 4.862757027149200439e-02 6.802465766668319702e-02
2.820000000000000000e+02 4.855754598975181580e-02 6.787807494401931763e-02
2.830000000000000000e+02 4.848514124751091003e-02 6.793481856584548950e-02
2.840000000000000000e+02 4.846816882491111755e-02 6.791296601295471191e-02
2.850000000000000000e+02 4.837078601121902466e-02 6.782089918851852417e-02
2.860000000000000000e+02 4.837160557508468628e-02 6.780037283897399902e-02
2.870000000000000000e+02 4.829899221658706665e-02 6.764017790555953979e-02
2.880000000000000000e+02 4.828570783138275146e-02 6.761600077152252197e-02
2.890000000000000000e+02 4.826649650931358337e-02 6.771977990865707397e-02
2.900000000000000000e+02 4.816874861717224121e-02 6.762609630823135376e-02
2.910000000000000000e+02 4.814311116933822632e-02 6.745228916406631470e-02
2.920000000000000000e+02 4.810456931591033936e-02 6.749036163091659546e-02
2.930000000000000000e+02 4.807838052511215210e-02 6.728321313858032227e-02
2.940000000000000000e+02 4.806695878505706787e-02 6.734322756528854370e-02
2.950000000000000000e+02 4.797068238258361816e-02 6.728417426347732544e-02
2.960000000000000000e+02 4.784480854868888855e-02 6.726522743701934814e-02
2.970000000000000000e+02 4.787084460258483887e-02 6.717137992382049561e-02
2.980000000000000000e+02 4.785441234707832336e-02 6.719587743282318115e-02
2.990000000000000000e+02 4.782337695360183716e-02 6.692851334810256958e-02
3.000000000000000000e+02 4.770962893962860107e-02 6.698121130466461182e-02
3.010000000000000000e+02 4.773255810141563416e-02 6.703551113605499268e-02
3.020000000000000000e+02 4.759911075234413147e-02 6.688238680362701416e-02
3.030000000000000000e+02 4.758800566196441650e-02 6.683577597141265869e-02
3.040000000000000000e+02 4.756233468651771545e-02 6.685855239629745483e-02
3.050000000000000000e+02 4.755895584821701050e-02 6.663952022790908813e-02
3.060000000000000000e+02 4.742950946092605591e-02 6.684481352567672729e-02
3.070000000000000000e+02 4.743997752666473389e-02 6.676276028156280518e-02
3.080000000000000000e+02 4.736617952585220337e-02 6.653810292482376099e-02
3.090000000000000000e+02 4.735682904720306396e-02 6.643313914537429810e-02
3.100000000000000000e+02 4.729374498128890991e-02 6.664569675922393799e-02
3.110000000000000000e+02 4.733501374721527100e-02 6.641689687967300415e-02
3.120000000000000000e+02 4.721333459019660950e-02 6.642335653305053711e-02
3.130000000000000000e+02 4.718274995684623718e-02 6.638950109481811523e-02
3.140000000000000000e+02 4.715194553136825562e-02 6.641198694705963135e-02
3.150000000000000000e+02 4.709318652749061584e-02 6.616067886352539062e-02
3.160000000000000000e+02 4.708385095000267029e-02 6.612348556518554688e-02
3.170000000000000000e+02 4.693708196282386780e-02 6.624647974967956543e-02
3.180000000000000000e+02 4.698847606778144836e-02 6.606595218181610107e-02
3.190000000000000000e+02 4.698751866817474365e-02 6.619960814714431763e-02
3.200000000000000000e+02 4.687878862023353577e-02 6.609041988849639893e-02
3.210000000000000000e+02 4.690592363476753235e-02 6.593014299869537354e-02
3.220000000000000000e+02 4.680309444665908813e-02 6.602556258440017700e-02
3.230000000000000000e+02 4.677133634686470032e-02 6.570232659578323364e-02
3.240000000000000000e+02 4.679492115974426270e-02 6.582534313201904297e-02
3.250000000000000000e+02 4.665860906243324280e-02 6.573833525180816650e-02
3.260000000000000000e+02 4.665566980838775635e-02 6.574604660272598267e-02
3.270000000000000000e+02 4.659042879939079285e-02 6.574521213769912720e-02
3.280000000000000000e+02 4.655840992927551270e-02 6.569153815507888794e-02
3.290000000000000000e+02 4.652620106935501099e-02 6.566977500915527344e-02
3.300000000000000000e+02 4.647991061210632324e-02 6.555724143981933594e-02
3.310000000000000000e+02 4.645809158682823181e-02 6.559229642152786255e-02
3.320000000000000000e+02 4.636481031775474548e-02 6.547203660011291504e-02
3.330000000000000000e+02 4.639300704002380371e-02 6.536076217889785767e-02
3.340000000000000000e+02 4.629455506801605225e-02 6.533855944871902466e-02
3.350000000000000000e+02 4.630187153816223145e-02 6.527340412139892578e-02
3.360000000000000000e+02 4.628663137555122375e-02 6.528765708208084106e-02
3.370000000000000000e+02 4.623642191290855408e-02 6.535457074642181396e-02
3.380000000000000000e+02 4.616348817944526672e-02 6.518761068582534790e-02
3.390000000000000000e+02 4.615209624171257019e-02 6.523124873638153076e-02
3.400000000000000000e+02 4.611542820930480957e-02 6.509130448102951050e-02
3.410000000000000000e+02 4.607325792312622070e-02 6.497798860073089600e-02
3.420000000000000000e+02 4.604861140251159668e-02 6.517145782709121704e-02
3.430000000000000000e+02 4.593295976519584656e-02 6.507569551467895508e-02
3.440000000000000000e+02 4.599653556942939758e-02 6.499698758125305176e-02
3.450000000000000000e+02 4.594421759247779846e-02 6.503060460090637207e-02
3.460000000000000000e+02 4.587354138493537903e-02 6.485356390476226807e-02
3.470000000000000000e+02 4.586702957749366760e-02 6.488283723592758179e-02
3.480000000000000000e+02 4.575231671333312988e-02 6.489479541778564453e-02
3.490000000000000000e+02 4.577640816569328308e-02 6.488391011953353882e-02
3.500000000000000000e+02 4.576914012432098389e-02 6.471878290176391602e-02
3.510000000000000000e+02 4.568786919116973877e-02 6.484755873680114746e-02
3.520000000000000000e+02 4.566631093621253967e-02 6.466636061668395996e-02
3.530000000000000000e+02 4.564708843827247620e-02 6.461751461029052734e-02
3.540000000000000000e+02 4.557690769433975220e-02 6.462033838033676147e-02
3.550000000000000000e+02 4.549506679177284241e-02 6.457572430372238159e-02
3.560000000000000000e+02 4.555988684296607971e-02 6.456848978996276855e-02
3.570000000000000000e+02 4.547962173819541931e-02 6.449795514345169067e-02
3.580000000000000000e+02 4.539949446916580200e-02 6.450504064559936523e-02
3.590000000000000000e+02 4.540535062551498413e-02 6.440477073192596436e-02
3.600000000000000000e+02 4.542811959981918335e-02 6.430937349796295166e-02
3.610000000000000000e+02 4.538722708821296692e-02 6.440062075853347778e-02
3.620000000000000000e+02 4.527767375111579895e-02 6.428975611925125122e-02
3.630000000000000000e+02 4.526720941066741943e-02 6.425499171018600464e-02
3.640000000000000000e+02 4.520117118954658508e-02 6.411820650100708008e-02
3.650000000000000000e+02 4.520629718899726868e-02 6.415504217147827148e-02
3.660000000000000000e+02 4.518282786011695862e-02 6.411550194025039673e-02
3.670000000000000000e+02 4.510430991649627686e-02 6.422545760869979858e-02
3.680000000000000000e+02 4.506645724177360535e-02 6.388472020626068115e-02
3.690000000000000000e+02 4.505123198032379150e-02 6.407102197408676147e-02
3.700000000000000000e+02 4.500117525458335876e-02 6.389930099248886108e-02
3.710000000000000000e+02 4.497182369232177734e-02 6.389793008565902710e-02
3.720000000000000000e+02 4.493216052651405334e-02 6.399483978748321533e-02
3.730000000000000000e+02 4.491377994418144226e-02 6.375019997358322144e-02
3.740000000000000000e+02 4.492484778165817261e-02 6.373739242553710938e-02
3.750000000000000000e+02 4.486479982733726501e-02 6.377162784337997437e-02
3.760000000000000000e+02 4.488164186477661133e-02 6.378364562988281250e-02
3.770000000000000000e+02 4.476807639002799988e-02 6.377359479665756226e-02
3.780000000000000000e+02 4.474633187055587769e-02 6.374757736921310425e-02
3.790000000000000000e+02 4.471145942807197571e-02 6.356900930404663086e-02
3.800000000000000000e+02 4.468069225549697876e-02 6.365712732076644897e-02
3.810000000000000000e+02 4.464373365044593811e-02 6.352077424526214600e-02
3.820000000000000000e+02 4.463288933038711548e-02 6.353887915611267090e-02
3.830000000000000000e+02 4.451467841863632202e-02 6.362464278936386108e-02
3.840000000000000000e+02 4.459586367011070251e-02 6.356290727853775024e-02
3.850000000000000000e+02 4.452464357018470764e-02 6.354277580976486206e-02
3.860000000000000000e+02 4.441954195499420166e-02 6.338277459144592285e-02
3.870000000000000000e+02 4.448322579264640808e-02 6.326892226934432983e-02
3.880000000000000000e+02 4.444115236401557922e-02 6.328114122152328491e-02
3.890000000000000000e+02 4.439500346779823303e-02 6.321545690298080444e-02
3.900000000000000000e+02 4.434389621019363403e-02 6.333316862583160400e-02
3.910000000000000000e+02 4.428829252719879150e-02 6.331504881381988525e-02
3.920000000000000000e+02 4.432950541377067566e-02 6.330481171607971191e-02
3.930000000000000000e+02 4.422755539417266846e-02 6.316275149583816528e-02
3.940000000000000000e+02 4.425984993577003479e-02 6.313566118478775024e-02
3.950000000000000000e+02 4.422272741794586182e-02 6.303282082080841064e-02
3.960000000000000000e+02 4.419600963592529297e-02 6.311095505952835083e-02
3.970000000000000000e+02 4.414904117584228516e-02 6.316690146923065186e-02
3.980000000000000000e+02 4.415983706712722778e-02 6.303909420967102051e-02
3.990000000000000000e+02 4.408805817365646362e-02 6.292335689067840576e-02
4.000000000000000000e+02 4.405136033892631531e-02 6.284707039594650269e-02
4.010000000000000000e+02 4.404759034514427185e-02 6.277623772621154785e-02
4.020000000000000000e+02 4.396364092826843262e-02 6.282336264848709106e-02
4.030000000000000000e+02 4.393177479505538940e-02 6.284344196319580078e-02
4.040000000000000000e+02 4.391021654009819031e-02 6.266970932483673096e-02
4.050000000000000000e+02 4.390837252140045166e-02 6.284260004758834839e-02
4.060000000000000000e+02 4.384863376617431641e-02 6.274645775556564331e-02
4.070000000000000000e+02 4.387148469686508179e-02 6.281647086143493652e-02
4.080000000000000000e+02 4.382399469614028931e-02 6.271695345640182495e-02
4.090000000000000000e+02 4.383866488933563232e-02 6.276225298643112183e-02
4.100000000000000000e+02 4.377213120460510254e-02 6.274858117103576660e-02
4.110000000000000000e+02 4.372384399175643921e-02 6.273616850376129150e-02
4.120000000000000000e+02 4.373541101813316345e-02 6.252172589302062988e-02
4.130000000000000000e+02 4.370597004890441895e-02 6.251878291368484497e-02
4.140000000000000000e+02 4.365346208214759827e-02 6.249138340353965759e-02
4.150000000000000000e+02 4.364039748907089233e-02 6.248171254992485046e-02
4.160000000000000000e+02 4.360644891858100891e-02 6.254966557025909424e-02
4.170000000000000000e+02 4.354629293084144592e-02 6.238618120551109314e-02
4.180000000000000000e+02 4.360612109303474426e-02 6.248605623841285706e-02
4.190000000000000000e+02 4.357276484370231628e-02 6.235860288143157959e-02
4.200000000000000000e+02 4.347306862473487854e-02 6.236472353339195251e-02
4.210000000000000000e+02 4.346438497304916382e-02 6.219815090298652649e-02
4.220000000000000000e+02 4.345303773880004883e-02 6.236787512898445129e-02
4.230000000000000000e+02 4.341480880975723267e-02 6.239999458193778992e-02
4.240000000000000000e+02 4.340492188930511475e-02 6.226619705557823181e-02
4.250000000000000000e+02 4.332387074828147888e-02 6.220841780304908752e-02
4.260000000000000000e+02 4.340594261884689331e-02 6.221691146492958069e-02
4.270000000000000000e+02 4.332109913229942322e-02 6.215647608041763306e-02
4.280000000000000000e+02 4.334045574069023132e-02 6.210361793637275696e-02
4.290000000000000000e+02 4.328751936554908752e-02 6.221177428960800171e-02
4.300000000000000000e+02 4.326315224170684814e-02 6.202380731701850891e-02
4.310000000000000000e+02 4.321612417697906494e-02 6.202019751071929932e-02
4.320000000000000000e+02 4.326363652944564819e-02 6.205798685550689697e-02
4.330000000000000000e+02 4.325831681489944458e-02 6.194429844617843628e-02
4.340000000000000000e+02 4.315140098333358765e-02 6.210044026374816895e-02
4.350000000000000000e+02 4.315461963415145874e-02 6.201726943254470825e-02
4.360000000000000000e+02 4.312166571617126465e-02 6.192879751324653625e-02
4.370000000000000000e+02 4.312182217836380005e-02 6.204770132899284363e-02
4.380000000000000000e+02 4.310113936662673950e-02 6.205597892403602600e-02
4.390000000000000000e+02 4.306939244270324707e-02 6.179847195744514465e-02
4.400000000000000000e+02 4.305760189890861511e-02 6.197151914238929749e-02
4.410000000000000000e+02 4.303721711039543152e-02 6.199201941490173340e-02
4.420000000000000000e+02 4.297849163413047791e-02 6.188658252358436584e-02
4.430000000000000000e+02 4.299671575427055359e-02 6.192283332347869873e-02
4.440000000000000000e+02 4.298676550388336182e-02 6.183724477887153625e-02
4.450000000000000000e+02 4.294693470001220703e-02 6.174948811531066895e-02
4.460000000000000000e+02 4.298840835690498352e-02 6.168935075402259827e-02
4.470000000000000000e+02 4.290697351098060608e-02 6.177013367414474487e-02
4.480000000000000000e+02 4.284933209419250488e-02 6.170671433210372925e-02
4.490000000000000000e+02 4.284898936748504639e-02 6.178017705678939819e-02
4.500000000000000000e+02 4.283499717712402344e-02 6.163690611720085144e-02
4.510000000000000000e+02 4.282681271433830261e-02 6.170647591352462769e-02
4.520000000000000000e+02 4.281992465257644653e-02 6.155247986316680908e-02
4.530000000000000000e+02 4.279541224241256714e-02 6.159091740846633911e-02
4.540000000000000000e+02 4.275092482566833496e-02 6.164982542395591736e-02
4.550000000000000000e+02 4.275051131844520569e-02 6.158846244215965271e-02
4.560000000000000000e+02 4.276746138930320740e-02 6.154014915227890015e-02
4.570000000000000000e+02 4.276468977332115173e-02 6.134167313575744629e-02
4.580000000000000000e+02 4.273743554949760437e-02 6.154274567961692810e-02
4.590000000000000000e+02 4.268425330519676208e-02 6.146391481161117554e-02
4.600000000000000000e+02 4.266805574297904968e-02 6.143215671181678772e-02
4.610000000000000000e+02 4.260363057255744934e-02 6.143244728446006775e-02
4.620000000000000000e+02 4.263138398528099060e-02 6.128969788551330566e-02
4.630000000000000000e+02 4.257245361804962158e-02 6.117999553680419922e-02
4.640000000000000000e+02 4.257245361804962158e-02 6.137029081583023071e-02
4.650000000000000000e+02 4.254874959588050842e-02 6.121298670768737793e-02
4.660000000000000000e+02 4.253340512514114380e-02 6.113366410136222839e-02
4.670000000000000000e+02 4.251704737544059753e-02 6.136273592710494995e-02
4.680000000000000000e+02 4.249417781829833984e-02 6.122214347124099731e-02
4.690000000000000000e+02 4.251041263341903687e-02 6.122807413339614868e-02
4.700000000000000000e+02 4.245461151003837585e-02 6.125851348042488098e-02
4.710000000000000000e+02 4.246586933732032776e-02 6.122100353240966797e-02
4.720000000000000000e+02 4.244719818234443665e-02 6.116947904229164124e-02
4.730000000000000000e+02 4.241743311285972595e-02 6.113161891698837280e-02
4.740000000000000000e+02 4.242682084441184998e-02 6.117093563079833984e-02
4.750000000000000000e+02 4.237455502152442932e-02 6.110542640089988708e-02
4.760000000000000000e+02 4.240974783897399902e-02 6.104821339249610901e-02
4.770000000000000000e+02 4.237144440412521362e-02 6.109175086021423340e-02
4.780000000000000000e+02 4.237229004502296448e-02 6.100500375032424927e-02
4.790000000000000000e+02 4.233654215931892395e-02 6.095109134912490845e-02
4.800000000000000000e+02 4.232459515333175659e-02 6.105714291334152222e-02
4.810000000000000000e+02 4.228088259696960449e-02 6.096516922116279602e-02
4.820000000000000000e+02 4.227672517299652100e-02 6.085345149040222168e-02
4.830000000000000000e+02 4.231689125299453735e-02 6.090577319264411926e-02
4.840000000000000000e+02 4.224619269371032715e-02 6.090848892927169800e-02
4.850000000000000000e+02 4.229889810085296631e-02 6.080900505185127258e-02
4.860000000000000000e+02 4.219863191246986389e-02 6.084534898400306702e-02
4.870000000000000000e+02 4.219776391983032227e-02 6.084469705820083618e-02
4.880000000000000000e+02 4.218721389770507812e-02 6.080528721213340759e-02
4.890000000000000000e+02 4.216248169541358948e-02 6.076647713780403137e-02
4.900000000000000000e+02 4.216251894831657410e-02 6.076076254248619080e-02
4.910000000000000000e+02 4.210569709539413452e-02 6.087678670883178711e-02
4.920000000000000000e+02 4.215080291032791138e-02 6.078465282917022705e-02
4.930000000000000000e+02 4.212339967489242554e-02 6.068432331085205078e-02
4.940000000000000000e+02 4.215533286333084106e-02 6.066014617681503296e-02
4.950000000000000000e+02 4.209969192743301392e-02 6.067264825105667114e-02
4.960000000000000000e+02 4.202461987733840942e-02 6.057080626487731934e-02
4.970000000000000000e+02 4.204126819968223572e-02 6.055386364459991455e-02
4.980000000000000000e+02 4.201660677790641785e-02 6.076836213469505310e-02
4.990000000000000000e+02 4.203233867883682251e-02 6.060176342725753784e-02
5.000000000000000000e+02 4.196850955486297607e-02 6.062252819538116455e-02
5.010000000000000000e+02 4.203759133815765381e-02 6.052780896425247192e-02
5.020000000000000000e+02 4.197606071829795837e-02 6.055659800767898560e-02
5.030000000000000000e+02 4.195217043161392212e-02 6.044869124889373779e-02
5.040000000000000000e+02 4.195261001586914062e-02 6.035132706165313721e-02
5.050000000000000000e+02 4.196976870298385620e-02 6.039783358573913574e-02
5.060000000000000000e+02 4.187337681651115417e-02 6.040890887379646301e-02
5.070000000000000000e+02 4.190050065517425537e-02 6.067836284637451172e-02
5.080000000000000000e+02 4.192241653800010681e-02 6.027995049953460693e-02
5.090000000000000000e+02 4.190476611256599426e-02 6.047669798135757446e-02
5.100000000000000000e+02 4.190099611878395081e-02 6.034645810723304749e-02
5.110000000000000000e+02 4.182986170053482056e-02 6.026884913444519043e-02
5.120000000000000000e+02 4.183321818709373474e-02 6.040995195508003235e-02
5.130000000000000000e+02 4.181293025612831116e-02 6.020838767290115356e-02
5.140000000000000000e+02 4.184984043240547180e-02 6.025379151105880737e-02
5.150000000000000000e+02 4.183170199394226074e-02 6.020408868789672852e-02
5.160000000000000000e+02 4.179145768284797668e-02 6.018941849470138550e-02
5.170000000000000000e+02 4.177191480994224548e-02 6.028532236814498901e-02
5.180000000000000000e+02 4.178522154688835144e-02 6.027567014098167419e-02
5.190000000000000000e+02 4.175721481442451477e-02 6.020224466919898987e-02
5.200000000000000000e+02 4.176556691527366638e-02 6.023112684488296509e-02
5.210000000000000000e+02 4.170925170183181763e-02 6.020437180995941162e-02
5.220000000000000000e+02 4.170753434300422668e-02 6.016140431165695190e-02
5.230000000000000000e+02 4.167036339640617371e-02 6.020009890198707581e-02
5.240000000000000000e+02 4.162697494029998779e-02 6.019594147801399231e-02
5.250000000000000000e+02 4.165975004434585571e-02 6.012121215462684631e-02
5.260000000000000000e+02 4.166097193956375122e-02 6.013734266161918640e-02
5.270000000000000000e+02 4.163099825382232666e-02 6.014322116971015930e-02
5.280000000000000000e+02 4.160232096910476685e-02 6.010840460658073425e-02
5.290000000000000000e+02 4.163635894656181335e-02 6.002829968929290771e-02
5.300000000000000000e+02 4.161115735769271851e-02 6.009353324770927429e-02
5.310000000000000000e+02 4.157549142837524414e-02 6.010586395859718323e-02
5.320000000000000000e+02 4.159429296851158142e-02 5.992816016077995300e-02
5.330000000000000000e+02 4.155685752630233765e-02 5.996185913681983948e-02
5.340000000000000000e+02 4.159601405262947083e-02 5.992617830634117126e-02
5.350000000000000000e+02 4.149850085377693176e-02 6.001591309905052185e-02
5.360000000000000000e+02 4.154254496097564697e-02 5.998869612812995911e-02
5.370000000000000000e+02 4.150820150971412659e-02 5.996913090348243713e-02
5.380000000000000000e+02 4.152841120958328247e-02 5.998823791742324829e-02
5.390000000000000000e+02 4.148345068097114563e-02 5.998238921165466309e-02
5.400000000000000000e+02 4.145414009690284729e-02 5.991127714514732361e-02
5.410000000000000000e+02 4.151542112231254578e-02 5.976639688014984131e-02
5.420000000000000000e+02 4.142444580793380737e-02 5.974628031253814697e-02
5.430000000000000000e+02 4.144294932484626770e-02 5.975174903869628906e-02
5.440000000000000000e+02 4.141827300190925598e-02 5.967092886567115784e-02
5.450000000000000000e+02 4.146271944046020508e-02 5.976136773824691772e-02
5.460000000000000000e+02 4.139616712927818298e-02 5.985254421830177307e-02
5.470000000000000000e+02 4.145961627364158630e-02 5.977711826562881470e-02
5.480000000000000000e+02 4.140863567590713501e-02 5.973310396075248718e-02
5.490000000000000000e+02 4.137330129742622375e-02 5.959624052047729492e-02
5.500000000000000000e+02 4.135601967573165894e-02 5.968542024493217468e-02
5.510000000000000000e+02 4.131942242383956909e-02 5.975249409675598145e-02
5.520000000000000000e+02 4.135368391871452332e-02 5.968923121690750122e-02
5.530000000000000000e+02 4.133127629756927490e-02 5.964024737477302551e-02
5.540000000000000000e+02 4.129326716065406799e-02 5.969288945198059082e-02
5.550000000000000000e+02 4.131627082824707031e-02 5.963684245944023132e-02
5.560000000000000000e+02 4.129209741950035095e-02 5.960212275385856628e-02
5.570000000000000000e+02 4.128117486834526062e-02 5.957451462745666504e-02
5.580000000000000000e+02 4.127282276749610901e-02 5.960747227072715759e-02
5.590000000000000000e+02 4.127809405326843262e-02 5.954753234982490540e-02
5.600000000000000000e+02 4.122820869088172913e-02 5.945537611842155457e-02
5.610000000000000000e+02 4.121974855661392212e-02 5.944052711129188538e-02
5.620000000000000000e+02 4.122981801629066467e-02 5.951257050037384033e-02
5.630000000000000000e+02 4.124608263373374939e-02 5.954487994313240051e-02
5.640000000000000000e+02 4.122127592563629150e-02 5.944228172302246094e-02
5.650000000000000000e+02 4.118607565760612488e-02 5.944479256868362427e-02
5.660000000000000000e+02 4.115832597017288208e-02 5.941235274076461792e-02
5.670000000000000000e+02 4.118932783603668213e-02 5.939534306526184082e-02
5.680000000000000000e+02 4.115938395261764526e-02 5.945511534810066223e-02
5.690000000000000000e+02 4.116190597414970398e-02 5.924883112311363220e-02
5.700000000000000000e+02 4.112934321165084839e-02 5.925395339727401733e-02
5.710000000000000000e+02 4.112449660897254944e-02 5.940237268805503845e-02
5.720000000000000000e+02 4.111099243164062500e-02 5.938414484262466431e-02
5.730000000000000000e+02 4.110018536448478699e-02 5.942210927605628967e-02
5.740000000000000000e+02 4.110653325915336609e-02 5.929205939173698425e-02
5.750000000000000000e+02 4.107891395688056946e-02 5.935944244265556335e-02
5.760000000000000000e+02 4.104460775852203369e-02 5.914352089166641235e-02
5.770000000000000000e+02 4.110767692327499390e-02 5.928701907396316528e-02
5.780000000000000000e+02 4.106174409389495850e-02 5.925369262695312500e-02
5.790000000000000000e+02 4.109184071421623230e-02 5.926234275102615356e-02
5.800000000000000000e+02 4.105300828814506531e-02 5.926658585667610168e-02
5.810000000000000000e+02 4.106890782713890076e-02 5.918968841433525085e-02
5.820000000000000000e+02 4.103564843535423279e-02 5.919151008129119873e-02
5.830000000000000000e+02 4.097288101911544800e-02 5.922071635723114014e-02
5.840000000000000000e+02 4.098473116755485535e-02 5.918154865503311157e-02
5.850000000000000000e+02 4.097576066851615906e-02 5.903949588537216187e-02
5.860000000000000000e+02 4.102238640189170837e-02 5.906933173537254333e-02
5.870000000000000000e+02 4.099804908037185669e-02 5.905407294631004333e-02
5.880000000000000000e+02 4.096108302474021912e-02 5.920339748263359070e-02
5.890000000000000000e+02 4.097883030772209167e-02 5.922445282340049744e-02
5.900000000000000000e+02 4.094055294990539551e-02 5.912351608276367188e-02
5.910000000000000000e+02 4.091931879520416260e-02 5.918404459953308105e-02
5.920000000000000000e+02 4.093663766980171204e-02 5.913430824875831604e-02
5.930000000000000000e+02 4.093909263610839844e-02 5.898049846291542053e-02
5.940000000000000000e+02 4.091336205601692200e-02 5.893074348568916321e-02
5.950000000000000000e+02 4.093169420957565308e-02 5.898306518793106079e-02
5.960000000000000000e+02 4.087384045124053955e-02 5.887300148606300354e-02
5.970000000000000000e+02 4.088270664215087891e-02 5.904576554894447327e-02
5.980000000000000000e+02 4.087325185537338257e-02 5.907990038394927979e-02
5.990000000000000000e+02 4.086361080408096313e-02 5.888737365603446960e-02
6.000000000000000000e+02 4.088184982538223267e-02 5.895309150218963623e-02
6.010000000000000000e+02 4.085860028862953186e-02 5.882759392261505127e-02
6.020000000000000000e+02 4.084150865674018860e-02 5.877281725406646729e-02
6.030000000000000000e+02 4.083538055419921875e-02 5.889166519045829773e-02
6.040000000000000000e+02 4.080357402563095093e-02 5.891626328229904175e-02
6.050000000000000000e+02 4.079573974013328552e-02 5.888012796640396118e-02
6.060000000000000000e+02 4.077130183577537537e-02 5.884432420134544373e-02
6.070000000000000000e+02 4.076881706714630127e-02 5.887359753251075745e-02
6.080000000000000000e+02 4.079550132155418396e-02 5.880089476704597473e-02
6.090000000000000000e+02 4.081639647483825684e-02 5.873233079910278320e-02
6.100000000000000000e+02 4.075008258223533630e-02 5.876396968960762024e-02
6.110000000000000000e+02 4.076541215181350708e-02 5.880934000015258789e-02
6.120000000000000000e+02 4.078712314367294312e-02 5.867806822061538696e-02
6.130000000000000000e+02 4.070641845464706421e-02 5.879037827253341675e-02
6.140000000000000000e+02 4.071644693613052368e-02 5.875053256750106812e-02
6.150000000000000000e+02 4.066851362586021423e-02 5.858757719397544861e-02
6.160000000000000000e+02 4.074120149016380310e-02 5.857200548052787781e-02
6.170000000000000000e+02 4.070813953876495361e-02 5.872925370931625366e-02
6.180000000000000000e+02 4.067305102944374084e-02 5.866217985749244690e-02
6.190000000000000000e+02 4.068887606263160706e-02 5.874289199709892273e-02
6.200000000000000000e+02 4.066857323050498962e-02 5.870340019464492798e-02
6.210000000000000000e+02 4.064228013157844543e-02 5.855182930827140808e-02
6.220000000000000000e+02 4.061986133456230164e-02 5.858967080712318420e-02
6.230000000000000000e+02 4.068126529455184937e-02 5.861149355769157410e-02
6.240000000000000000e+02 4.063969478011131287e-02 5.857470631599426270e-02
6.250000000000000000e+02 4.064699634909629822e-02 5.853138118982315063e-02
6.260000000000000000e+02 4.061929881572723389e-02 5.863559246063232422e-02
6.270000000000000000e+02 4.061479866504669189e-02 5.864145979285240173e-02
6.280000000000000000e+02 4.058932140469551086e-02 5.853238329291343689e-02
6.290000000000000000e+02 4.056409373879432678e-02 5.831561610102653503e-02
6.300000000000000000e+02 4.057123884558677673e-02 5.851581692695617676e-02
6.310000000000000000e+02 4.056508466601371765e-02 5.853104218840599060e-02
6.320000000000000000e+02 4.049957916140556335e-02 5.857938155531883240e-02
6.330000000000000000e+02 4.055086523294448853e-02 5.854365974664688110e-02
6.340000000000000000e+02 4.050768166780471802e-02 5.850743129849433899e-02
6.350000000000000000e+02 4.054065421223640442e-02 5.840693041682243347e-02
6.360000000000000000e+02 4.050908237695693970e-02 5.840394273400306702e-02
6.370000000000000000e+02 4.050286114215850830e-02 5.837649106979370117e-02
6.380000000000000000e+02 4.052452743053436279e-02 5.835146456956863403e-02
