0.000000000000000000e+00 1.096535325050354004e-01 1.294170916080474854e-01
1.000000000000000000e+00 1.092601865530014038e-01 1.292388439178466797e-01
2.000000000000000000e+00 1.088792011141777039e-01 1.290306895971298218e-01
3.000000000000000000e+00 1.084972694516181946e-01 1.288039535284042358e-01
4.000000000000000000e+00 1.081153750419616699e-01 1.285836994647979736e-01
5.000000000000000000e+00 1.077419444918632507e-01 1.283993721008300781e-01
6.000000000000000000e+00 1.073871627449989319e-01 1.282238513231277466e-01
7.000000000000000000e+00 1.070056557655334473e-01 1.280089914798736572e-01
8.000000000000000000e+00 1.066472753882408142e-01 1.277781575918197632e-01
9.000000000000000000e+00 1.062731072306632996e-01 1.275688707828521729e-01
1.000000000000000000e+01 1.059139370918273926e-01 1.273898780345916748e-01
1.100000000000000000e+01 1.055259108543395996e-01 1.271413713693618774e-01
1.200000000000000000e+01 1.051960960030555725e-01 1.269804835319519043e-01
1.300000000000000000e+01 1.048208624124526978e-01 1.267900168895721436e-01
1.400000000000000000e+01 1.044730842113494873e-01 1.266035139560699463e-01
1.500000000000000000e+01 1.040970832109451294e-01 1.263336092233657837e-01
1.600000000000000000e+01 1.037853732705116272e-01 1.261569261550903320e-01
1.700000000000000000e+01 1.034284457564353943e-01 1.259561330080032349e-01
1.800000000000000000e+01 1.031105518341064453e-01 1.257299929857254028e-01
1.900000000000000000e+01 1.027495861053466797e-01 1.255648583173751831e-01
2.000000000000000000e+01 1.024108454585075378e-01 1.253268122673034668e-01
2.100000000000000000e+01 1.020817980170249939e-01 1.251149922609329224e-01
2.200000000000000000e+01 1.017159447073936462e-01 1.248838528990745544e-01
2.300000000000000000e+01 1.013945713639259338e-01 1.246831044554710388e-01
2.400000000000000000e+01 1.010438129305839539e-01 1.245069876313209534e-01
2.500000000000000000e+01 1.007124036550521851e-01 1.243086829781532288e-01
2.600000000000000000e+01 1.003751233220100403e-01 1.240610852837562561e-01
2.700000000000000000e+01 1.000557616353034973e-01 1.238501742482185364e-01
2.800000000000000000e+01 9.972874820232391357e-02 1.236603781580924988e-01
2.900000000000000000e+01 9.940279275178909302e-02 1.234345585107803345e-01
3.000000000000000000e+01 9.907712787389755249e-02 1.231785342097282410e-01
3.100000000000000000e+01 9.875180572271347046e-02 1.229807883501052856e-01
3.200000000000000000e+01 9.844253957271575928e-02 1.227663531899452209e-01
3.300000000000000000e+01 9.810465574264526367e-02 1.226024106144905090e-01
3.400000000000000000e+01 9.778940677642822266e-02 1.223513260483741760e-01
3.500000000000000000e+01 9.747409075498580933e-02 1.220853477716445923e-01
3.600000000000000000e+01 9.715230017900466919e-02 1.218963190913200378e-01
3.700000000000000000e+01 9.682619571685791016e-02 1.216891780495643616e-01
3.800000000000000000e+01 9.652280062437057495e-02 1.214591860771179199e-01
3.900000000000000000e+01 9.620715677738189697e-02 1.212345957756042480e-01
4.000000000000000000e+01 9.588225930929183960e-02 1.209975779056549072e-01
4.100000000000000000e+01 9.557394683361053467e-02 1.208008304238319397e-01
4.200000000000000000e+01 9.526696801185607910e-02 1.205576211214065552e-01
4.300000000000000000e+01 9.496851265430450439e-02 1.203124225139617920e-01
4.400000000000000000e+01 9.466037899255752563e-02 1.200996786355972290e-01
4.500000000000000000e+01 9.432437270879745483e-02 1.198656708002090454e-01
4.600000000000000000e+01 9.400635212659835815e-02 1.195866242051124573e-01
4.700000000000000000e+01 9.371573477983474731e-02 1.194040253758430481e-01
4.800000000000000000e+01 9.340991824865341187e-02 1.191158369183540344e-01
4.900000000000000000e+01 9.310095012187957764e-02 1.189435943961143494e-01
5.000000000000000000e+01 9.280185401439666748e-02 1.186472102999687195e-01
5.100000000000000000e+01 9.250795096158981323e-02 1.184441745281219482e-01
5.200000000000000000e+01 9.217607229948043823e-02 1.181895360350608826e-01
5.300000000000000000e+01 9.187518060207366943e-02 1.179108023643493652e-01
5.400000000000000000e+01 9.158995002508163452e-02 1.176672056317329407e-01
5.500000000000000000e+01 9.129367023706436157e-02 1.174748316407203674e-01
5.600000000000000000e+01 9.098239243030548096e-02 1.172389015555381775e-01
5.700000000000000000e+01 9.067353606224060059e-02 1.169592067599296570e-01
5.800000000000000000e+01 9.039291739463806152e-02 1.167319640517234802e-01
5.900000000000000000e+01 9.010349959135055542e-02 1.164230331778526306e-01
6.000000000000000000e+01 8.980645239353179932e-02 1.162204444408416748e-01
6.100000000000000000e+01 8.948319405317306519e-02 1.159431040287017822e-01
6.200000000000000000e+01 8.917652070522308350e-02 1.156729534268379211e-01
6.300000000000000000e+01 8.890125155448913574e-02 1.154215410351753235e-01
6.400000000000000000e+01 8.862029016017913818e-02 1.151272207498550415e-01
6.500000000000000000e+01 8.832471817731857300e-02 1.148984208703041077e-01
6.600000000000000000e+01 8.803169429302215576e-02 1.146471947431564331e-01
6.700000000000000000e+01 8.773724734783172607e-02 1.144230663776397705e-01
6.800000000000000000e+01 8.743561059236526489e-02 1.141060441732406616e-01
6.900000000000000000e+01 8.719319105148315430e-02 1.138595491647720337e-01
7.000000000000000000e+01 8.691258728504180908e-02 1.136074289679527283e-01
7.100000000000000000e+01 8.659739047288894653e-02 1.133487224578857422e-01
7.200000000000000000e+01 8.632615953683853149e-02 1.130405589938163757e-01
7.300000000000000000e+01 8.606241643428802490e-02 1.128498390316963196e-01
7.400000000000000000e+01 8.578880131244659424e-02 1.125473231077194214e-01
7.500000000000000000e+01 8.548944443464279175e-02 1.123035028576850891e-01
7.600000000000000000e+01 8.524250239133834839e-02 1.120488420128822327e-01
7.700000000000000000e+01 8.493251353502273560e-02 1.117056980729103088e-01
7.800000000000000000e+01 8.469335734844207764e-02 1.114584803581237793e-01
7.900000000000000000e+01 8.441822230815887451e-02 1.111676767468452454e-01
8.000000000000000000e+01 8.413936197757720947e-02 1.109135970473289490e-01
8.100000000000000000e+01 8.391333371400833130e-02 1.106496378779411316e-01
8.200000000000000000e+01 8.363293111324310303e-02 1.104082465171813965e-01
8.300000000000000000e+01 8.336272835731506348e-02 1.101015284657478333e-01
8.400000000000000000e+01 8.310701698064804077e-02 1.098661646246910095e-01
8.500000000000000000e+01 8.284198492765426636e-02 1.095972433686256409e-01
8.600000000000000000e+01 8.260286599397659302e-02 1.093112230300903320e-01
8.700000000000000000e+01 8.234399557113647461e-02 1.090695559978485107e-01
8.800000000000000000e+01 8.206497132778167725e-02 1.087820380926132202e-01
8.900000000000000000e+01 8.186282217502593994e-02 1.084989309310913086e-01
9.000000000000000000e+01 8.158081769943237305e-02 1.082526892423629761e-01
9.100000000000000000e+01 8.134566247463226318e-02 1.079622358083724976e-01
9.200000000000000000e+01 8.112728595733642578e-02 1.076558157801628113e-01
9.300000000000000000e+01 8.086122572422027588e-02 1.074585840106010437e-01
9.400000000000000000e+01 8.061887323856353760e-02 1.071354523301124573e-01
9.500000000000000000e+01 8.038207888603210449e-02 1.068825349211692810e-01
9.600000000000000000e+01 8.016031980514526367e-02 1.065990552306175232e-01
9.700000000000000000e+01 7.992492616176605225e-02 1.063992455601692200e-01
9.800000000000000000e+01 7.970085740089416504e-02 1.059639975428581238e-01
9.900000000000000000e+01 7.947655022144317627e-02 1.058905124664306641e-01
1.000000000000000000e+02 7.928209006786346436e-02 1.056048721075057983e-01
1.010000000000000000e+02 7.902877032756805420e-02 1.053041964769363403e-01
1.020000000000000000e+02 7.880926877260208130e-02 1.050138995051383972e-01
1.030000000000000000e+02 7.861167937517166138e-02 1.047680303454399109e-01
1.040000000000000000e+02 7.839325070381164551e-02 1.045298948884010315e-01
1.050000000000000000e+02 7.819379121065139771e-02 1.042769700288772583e-01
1.060000000000000000e+02 7.795687019824981689e-02 1.039860993623733521e-01
1.070000000000000000e+02 7.777095586061477661e-02 1.037620157003402710e-01
1.080000000000000000e+02 7.755598425865173340e-02 1.034938246011734009e-01
1.090000000000000000e+02 7.738717645406723022e-02 1.032396331429481506e-01
1.100000000000000000e+02 7.717333734035491943e-02 1.029844656586647034e-01
1.110000000000000000e+02 7.700521498918533325e-02 1.026604250073432922e-01
1.120000000000000000e+02 7.679681479930877686e-02 1.024454534053802490e-01
1.130000000000000000e+02 7.662542164325714111e-02 1.022395417094230652e-01
1.140000000000000000e+02 7.643288373947143555e-02 1.020193248987197876e-01
1.150000000000000000e+02 7.624798268079757690e-02 1.017784774303436279e-01
1.160000000000000000e+02 7.606362551450729370e-02 1.014551073312759399e-01
1.170000000000000000e+02 7.589478045701980591e-02 1.012840196490287781e-01
1.180000000000000000e+02 7.570571452379226685e-02 1.010092869400978088e-01
1.190000000000000000e+02 7.552926242351531982e-02 1.008229628205299377e-01
1.200000000000000000e+02 7.539713382720947266e-02 1.005612909793853760e-01
1.210000000000000000e+02 7.522437721490859985e-02 1.003919839859008789e-01
1.220000000000000000e+02 7.506484538316726685e-02 1.001415550708770752e-01
1.230000000000000000e+02 7.491697371006011963e-02 9.999112784862518311e-02
1.240000000000000000e+02 7.473004609346389771e-02 9.966316819190979004e-02
1.250000000000000000e+02 7.455659657716751099e-02 9.943886846303939819e-02
1.260000000000000000e+02 7.442261278629302979e-02 9.922347962856292725e-02
1.270000000000000000e+02 7.426103949546813965e-02 9.900251030921936035e-02
1.280000000000000000e+02 7.411333918571472168e-02 9.871722012758255005e-02
1.290000000000000000e+02 7.396863400936126709e-02 9.858724474906921387e-02
1.300000000000000000e+02 7.381333410739898682e-02 9.834178537130355835e-02
1.310000000000000000e+02 7.365433126688003540e-02 9.815582633018493652e-02
1.320000000000000000e+02 7.350151240825653076e-02 9.791748225688934326e-02
1.330000000000000000e+02 7.335317134857177734e-02 9.768599271774291992e-02
1.340000000000000000e+02 7.322489470243453979e-02 9.761739522218704224e-02
1.350000000000000000e+02 7.306222617626190186e-02 9.741247445344924927e-02
1.360000000000000000e+02 7.296086847782135010e-02 9.712080657482147217e-02
1.370000000000000000e+02 7.280403375625610352e-02 9.688913822174072266e-02
1.380000000000000000e+02 7.266215980052947998e-02 9.679941087961196899e-02
1.390000000000000000e+02 7.254999876022338867e-02 9.659224003553390503e-02
1.400000000000000000e+02 7.242877036333084106e-02 9.638237953186035156e-02
1.410000000000000000e+02 7.227577269077301025e-02 9.612870216369628906e-02
1.420000000000000000e+02 7.216296344995498657e-02 9.592793136835098267e-02
1.430000000000000000e+02 7.202716916799545288e-02 9.579553455114364624e-02
1.440000000000000000e+02 7.188751548528671265e-02 9.563818573951721191e-02
1.450000000000000000e+02 7.174504548311233521e-02 9.538035839796066284e-02
1.460000000000000000e+02 7.159459590911865234e-02 9.530167281627655029e-02
1.470000000000000000e+02 7.152100652456283569e-02 9.504785388708114624e-02
1.480000000000000000e+02 7.142534852027893066e-02 9.482651948928833008e-02
1.490000000000000000e+02 7.127798348665237427e-02 9.477124363183975220e-02
1.500000000000000000e+02 7.116729021072387695e-02 9.447152167558670044e-02
1.510000000000000000e+02 7.105025649070739746e-02 9.442920982837677002e-02
1.520000000000000000e+02 7.093676179647445679e-02 9.426575899124145508e-02
1.530000000000000000e+02 7.082032412290573120e-02 9.403161704540252686e-02
1.540000000000000000e+02 7.070705294609069824e-02 9.397304803133010864e-02
1.550000000000000000e+02 7.055856287479400635e-02 9.365396946668624878e-02
1.560000000000000000e+02 7.049389183521270752e-02 9.358300268650054932e-02
1.570000000000000000e+02 7.034222781658172607e-02 9.343978017568588257e-02
1.580000000000000000e+02 7.024246454238891602e-02 9.335741400718688965e-02
1.590000000000000000e+02 7.013507187366485596e-02 9.318200498819351196e-02
1.600000000000000000e+02 7.006266713142395020e-02 9.286423772573471069e-02
1.610000000000000000e+02 6.993804872035980225e-02 9.281639754772186279e-02
1.620000000000000000e+02 6.981939077377319336e-02 9.267500787973403931e-02
1.630000000000000000e+02 6.971954554319381714e-02 9.246009588241577148e-02
1.640000000000000000e+02 6.964516639709472656e-02 9.237525612115859985e-02
1.650000000000000000e+02 6.952396035194396973e-02 9.216611832380294800e-02
1.660000000000000000e+02 6.942821294069290161e-02 9.206292033195495605e-02
1.670000000000000000e+02 6.933866441249847412e-02 9.193373471498489380e-02
1.680000000000000000e+02 6.922626495361328125e-02 9.176815301179885864e-02
1.690000000000000000e+02 6.911703944206237793e-02 9.164783358573913574e-02
1.700000000000000000e+02 6.904631108045578003e-02 9.150414168834686279e-02
1.710000000000000000e+02 6.890195608139038086e-02 9.132535010576248169e-02
1.720000000000000000e+02 6.886047869920730591e-02 9.124825894832611084e-02
1.730000000000000000e+02 6.874624639749526978e-02 9.111695736646652222e-02
1.740000000000000000e+02 6.865104287862777710e-02 9.085746109485626221e-02
1.750000000000000000e+02 6.854727119207382202e-02 9.079503268003463745e-02
1.760000000000000000e+02 6.847551465034484863e-02 9.076305478811264038e-02
1.770000000000000000e+02 6.837186217308044434e-02 9.058439731597900391e-02
1.780000000000000000e+02 6.830647587776184082e-02 9.047944098711013794e-02
1.790000000000000000e+02 6.822533905506134033e-02 9.036561101675033569e-02
1.800000000000000000e+02 6.813263893127441406e-02 9.021233022212982178e-02
1.810000000000000000e+02 6.801785528659820557e-02 9.012856334447860718e-02
1.820000000000000000e+02 6.792587041854858398e-02 8.991190046072006226e-02
1.830000000000000000e+02 6.781621277332305908e-02 8.985523134469985962e-02
1.840000000000000000e+02 6.771720200777053833e-02 8.970287442207336426e-02
1.850000000000000000e+02 6.768912822008132935e-02 8.960326761007308960e-02
1.860000000000000000e+02 6.756760925054550171e-02 8.955379575490951538e-02
1.870000000000000000e+02 6.749806553125381470e-02 8.945400267839431763e-02
1.880000000000000000e+02 6.743849068880081177e-02 8.931458741426467896e-02
1.890000000000000000e+02 6.737589091062545776e-02 8.927059918642044067e-02
1.900000000000000000e+02 6.731002032756805420e-02 8.914376795291900635e-02
1.910000000000000000e+02 6.717170774936676025e-02 8.883550763130187988e-02
1.920000000000000000e+02 6.710616499185562134e-02 8.891180902719497681e-02
1.930000000000000000e+02 6.702773272991180420e-02 8.877895772457122803e-02
1.940000000000000000e+02 6.692554801702499390e-02 8.865342289209365845e-02
1.950000000000000000e+02 6.687390059232711792e-02 8.858150243759155273e-02
1.960000000000000000e+02 6.678293645381927490e-02 8.850717544555664062e-02
1.970000000000000000e+02 6.669258326292037964e-02 8.838148415088653564e-02
1.980000000000000000e+02 6.665743887424468994e-02 8.822196722030639648e-02
1.990000000000000000e+02 6.658637523651123047e-02 8.815699815750122070e-02
2.000000000000000000e+02 6.647249311208724976e-02 8.808502554893493652e-02
2.010000000000000000e+02 6.643458455801010132e-02 8.799242973327636719e-02
2.020000000000000000e+02 6.631905585527420044e-02 8.792011439800262451e-02
2.030000000000000000e+02 6.626132875680923462e-02 8.781857043504714966e-02
2.040000000000000000e+02 6.617358326911926270e-02 8.772169798612594604e-02
2.050000000000000000e+02 6.611060351133346558e-02 8.767517656087875366e-02
2.060000000000000000e+02 6.600487977266311646e-02 8.743045479059219360e-02
2.070000000000000000e+02 6.595994532108306885e-02 8.759546279907226562e-02
2.080000000000000000e+02 6.588967144489288330e-02 8.741666376590728760e-02
2.090000000000000000e+02 6.583068519830703735e-02 8.740900456905364990e-02
2.100000000000000000e+02 6.579528748989105225e-02 8.716566860675811768e-02
2.110000000000000000e+02 6.569190323352813721e-02 8.708725869655609131e-02
2.120000000000000000e+02 6.560928374528884888e-02 8.697786927223205566e-02
2.130000000000000000e+02 6.552198529243469238e-02 8.701371401548385620e-02
2.140000000000000000e+02 6.549707055091857910e-02 8.685810863971710205e-02
2.150000000000000000e+02 6.541946530342102051e-02 8.678731322288513184e-02
2.160000000000000000e+02 6.532090902328491211e-02 8.670914173126220703e-02
2.170000000000000000e+02 6.527653336524963379e-02 8.668588101863861084e-02
2.180000000000000000e+02 6.522018462419509888e-02 8.650918304920196533e-02
2.190000000000000000e+02 6.512132287025451660e-02 8.647548407316207886e-02
2.200000000000000000e+02 6.508082151412963867e-02 8.640076220035552979e-02
2.210000000000000000e+02 6.501029431819915771e-02 8.631373941898345947e-02
2.220000000000000000e+02 6.494669616222381592e-02 8.624951541423797607e-02
2.230000000000000000e+02 6.488265842199325562e-02 8.624538034200668335e-02
2.240000000000000000e+02 6.479915976524353027e-02 8.602526038885116577e-02
2.250000000000000000e+02 6.477147340774536133e-02 8.603281527757644653e-02
2.260000000000000000e+02 6.467203050851821899e-02 8.605333417654037476e-02
2.270000000000000000e+02 6.462594866752624512e-02 8.589459955692291260e-02
2.280000000000000000e+02 6.457003951072692871e-02 8.571673184633255005e-02
2.290000000000000000e+02 6.450407207012176514e-02 8.580814301967620850e-02
2.300000000000000000e+02 6.445983052253723145e-02 8.571981638669967651e-02
2.310000000000000000e+02 6.439951062202453613e-02 8.569959551095962524e-02
2.320000000000000000e+02 6.434243172407150269e-02 8.557016402482986450e-02
2.330000000000000000e+02 6.423772126436233521e-02 8.539937436580657959e-02
2.340000000000000000e+02 6.422154605388641357e-02 8.538372814655303955e-02
2.350000000000000000e+02 6.416194140911102295e-02 8.525262027978897095e-02
2.360000000000000000e+02 6.412948668003082275e-02 8.522137999534606934e-02
2.370000000000000000e+02 6.402181088924407959e-02 8.520672470331192017e-02
2.380000000000000000e+02 6.398446112871170044e-02 8.506734669208526611e-02
2.390000000000000000e+02 6.394290924072265625e-02 8.500505238771438599e-02
2.400000000000000000e+02 6.387785077095031738e-02 8.500298857688903809e-02
2.410000000000000000e+02 6.382390111684799194e-02 8.500172942876815796e-02
2.420000000000000000e+02 6.376983970403671265e-02 8.497720211744308472e-02
2.430000000000000000e+02 6.369414925575256348e-02 8.490481227636337280e-02
2.440000000000000000e+02 6.365884095430374146e-02 8.485103398561477661e-02
2.450000000000000000e+02 6.364753097295761108e-02 8.476732671260833740e-02
2.460000000000000000e+02 6.354536116123199463e-02 8.460783213376998901e-02
2.470000000000000000e+02 6.350991129875183105e-02 8.461517095565795898e-02
2.480000000000000000e+02 6.343296170234680176e-02 8.453834056854248047e-02
2.490000000000000000e+02 6.340402364730834961e-02 8.451134711503982544e-02
2.500000000000000000e+02 6.330848485231399536e-02 8.449811488389968872e-02
2.510000000000000000e+02 6.329661607742309570e-02 8.436890691518783569e-02
2.520000000000000000e+02 6.325051933526992798e-02 8.444121479988098145e-02
2.530000000000000000e+02 6.321442872285842896e-02 8.430205285549163818e-02
2.540000000000000000e+02 6.311193853616714478e-02 8.414657413959503174e-02
2.550000000000000000e+02 6.308859586715698242e-02 8.415322005748748779e-02
2.560000000000000000e+02 6.307139247655868530e-02 8.406337350606918335e-02
2.570000000000000000e+02 6.300504505634307861e-02 8.405336737632751465e-02
2.580000000000000000e+02 6.294760853052139282e-02 8.402128517627716064e-02
2.590000000000000000e+02 6.290678679943084717e-02 8.389318734407424927e-02
2.600000000000000000e+02 6.286945939064025879e-02 8.387283980846405029e-02
2.610000000000000000e+02 6.279322504997253418e-02 8.387247473001480103e-02
2.620000000000000000e+02 6.275573372840881348e-02 8.380416780710220337e-02
2.630000000000000000e+02 6.271907687187194824e-02 8.372666686773300171e-02
2.640000000000000000e+02 6.267569959163665771e-02 8.374520391225814819e-02
2.650000000000000000e+02 6.265214085578918457e-02 8.373231440782546997e-02
2.660000000000000000e+02 6.262409687042236328e-02 8.365966379642486572e-02
2.670000000000000000e+02 6.250458955764770508e-02 8.350468426942825317e-02
2.680000000000000000e+02 6.251107901334762573e-02 8.355856686830520630e-02
2.690000000000000000e+02 6.246669963002204895e-02 8.354476094245910645e-02
2.700000000000000000e+02 6.239088624715805054e-02 8.355308324098587036e-02
2.710000000000000000e+02 6.233995407819747925e-02 8.335363864898681641e-02
2.720000000000000000e+02 6.232410296797752380e-02 8.334044367074966431e-02
2.730000000000000000e+02 6.224174052476882935e-02 8.336089551448822021e-02
2.740000000000000000e+02 6.219843775033950806e-02 8.316505700349807739e-02
2.750000000000000000e+02 6.223081424832344055e-02 8.315804600715637207e-02
2.760000000000000000e+02 6.214693561196327209e-02 8.324062079191207886e-02
2.770000000000000000e+02 6.204644590616226196e-02 8.313131332397460938e-02
2.780000000000000000e+02 6.209347769618034363e-02 8.306788653135299683e-02
2.790000000000000000e+02 6.203053519129753113e-02 8.307326585054397583e-02
2.800000000000000000e+02 6.195148825645446777e-02 8.303101360797882080e-02
2.810000000000000000e+02 6.192031130194664001e-02 8.291637897491455078e-02
2.820000000000000000e+02 6.191277503967285156e-02 8.281261473894119263e-02
2.830000000000000000e+02 6.185856834053993225e-02 8.284119516611099243e-02
2.840000000000000000e+02 6.179666519165039062e-02 8.289781957864761353e-02
2.850000000000000000e+02 6.182073801755905151e-02 8.266681432723999023e-02
2.860000000000000000e+02 6.179410964250564575e-02 8.272044360637664795e-02
2.870000000000000000e+02 6.171931698918342590e-02 8.280953019857406616e-02
2.880000000000000000e+02 6.170150265097618103e-02 8.257450163364410400e-02
2.890000000000000000e+02 6.159389391541481018e-02 8.254535496234893799e-02
2.900000000000000000e+02 6.161319091916084290e-02 8.264197409152984619e-02
2.910000000000000000e+02 6.155494600534439087e-02 8.256959170103073120e-02
2.920000000000000000e+02 6.154156848788261414e-02 8.262229710817337036e-02
2.930000000000000000e+02 6.148336082696914673e-02 8.250048011541366577e-02
2.940000000000000000e+02 6.147502362728118896e-02 8.250137418508529663e-02
2.950000000000000000e+02 6.141650304198265076e-02 8.236254751682281494e-02
2.960000000000000000e+02 6.137945130467414856e-02 8.223632723093032837e-02
2.970000000000000000e+02 6.136347725987434387e-02 8.235541731119155884e-02
2.980000000000000000e+02 6.130421906709671021e-02 8.227065950632095337e-02
2.990000000000000000e+02 6.135004386305809021e-02 8.222820609807968140e-02
3.000000000000000000e+02 6.127921491861343384e-02 8.234101533889770508e-02
3.010000000000000000e+02 6.125420704483985901e-02 8.221048861742019653e-02
3.020000000000000000e+02 6.117914989590644836e-02 8.220232278108596802e-02
3.030000000000000000e+02 6.115736067295074463e-02 8.209091424942016602e-02
3.040000000000000000e+02 6.111889332532882690e-02 8.196855336427688599e-02
3.050000000000000000e+02 6.106544286012649536e-02 8.208504319190979004e-02
3.060000000000000000e+02 6.107925251126289368e-02 8.199611306190490723e-02
3.070000000000000000e+02 6.102528050541877747e-02 8.195625245571136475e-02
3.080000000000000000e+02 6.102095916867256165e-02 8.189567178487777710e-02
3.090000000000000000e+02 6.093930825591087341e-02 8.186094462871551514e-02
3.100000000000000000e+02 6.093186140060424805e-02 8.185306191444396973e-02
3.110000000000000000e+02 6.088102981448173523e-02 8.182501047849655151e-02
3.120000000000000000e+02 6.086083501577377319e-02 8.179702609777450562e-02
3.130000000000000000e+02 6.081967800855636597e-02 8.175791054964065552e-02
3.140000000000000000e+02 6.076351553201675415e-02 8.181977272033691406e-02
3.150000000000000000e+02 6.079859659075737000e-02 8.166252821683883667e-02
3.160000000000000000e+02 6.076448038220405579e-02 8.165856450796127319e-02
3.170000000000000000e+02 6.068783625960350037e-02 8.165872842073440552e-02
3.180000000000000000e+02 6.067108735442161560e-02 8.152931183576583862e-02
3.190000000000000000e+02 6.064884364604949951e-02 8.179071545600891113e-02
3.200000000000000000e+02 6.061130762100219727e-02 8.160440623760223389e-02
3.210000000000000000e+02 6.060227751731872559e-02 8.164489269256591797e-02
3.220000000000000000e+02 6.056253239512443542e-02 8.146288990974426270e-02
3.230000000000000000e+02 6.054558232426643372e-02 8.152428269386291504e-02
3.240000000000000000e+02 6.050304695963859558e-02 8.153643459081649780e-02
3.250000000000000000e+02 6.045898795127868652e-02 8.143842220306396484e-02
3.260000000000000000e+02 6.046653166413307190e-02 8.134406805038452148e-02
3.270000000000000000e+02 6.039248034358024597e-02 8.150478452444076538e-02
3.280000000000000000e+02 6.038530170917510986e-02 8.141164481639862061e-02
3.290000000000000000e+02 6.035239994525909424e-02 8.130083233118057251e-02
3.300000000000000000e+02 6.031757593154907227e-02 8.156494051218032837e-02
3.310000000000000000e+02 6.030402332544326782e-02 8.109812438488006592e-02
3.320000000000000000e+02 6.025499850511550903e-02 8.108007162809371948e-02
3.330000000000000000e+02 6.025578826665878296e-02 8.119037002325057983e-02
3.340000000000000000e+02 6.019739806652069092e-02 8.122692257165908813e-02
3.350000000000000000e+02 6.023536249995231628e-02 8.103926479816436768e-02
3.360000000000000000e+02 6.016040593385696411e-02 8.111679553985595703e-02
3.370000000000000000e+02 6.013231351971626282e-02 8.106482028961181641e-02
3.380000000000000000e+02 6.009869650006294250e-02 8.107972145080566406e-02
3.390000000000000000e+02 6.008123233914375305e-02 8.114432543516159058e-02
3.400000000000000000e+02 6.005636602640151978e-02 8.097509294748306274e-02
3.410000000000000000e+02 6.008544564247131348e-02 8.116067945957183838e-02
3.420000000000000000e+02 6.001200154423713684e-02 8.101098239421844482e-02
3.430000000000000000e+02 5.995817482471466064e-02 8.090849220752716064e-02
3.440000000000000000e+02 5.996715649962425232e-02 8.082429319620132446e-02
3.450000000000000000e+02 5.990614369511604309e-02 8.083398640155792236e-02
3.460000000000000000e+02 5.989796668291091919e-02 8.091279864311218262e-02
3.470000000000000000e+02 5.991648137569427490e-02 8.090610057115554810e-02
3.480000000000000000e+02 5.987478792667388916e-02 8.090613037347793579e-02
3.490000000000000000e+02 5.985683575272560120e-02 8.088090270757675171e-02
3.500000000000000000e+02 5.982717499136924744e-02 8.083610236644744873e-02
3.510000000000000000e+02 5.981247499585151672e-02 8.079072088003158569e-02
3.520000000000000000e+02 5.973993614315986633e-02 8.084682375192642212e-02
3.530000000000000000e+02 5.978629365563392639e-02 8.073093742132186890e-02
3.540000000000000000e+02 5.971821397542953491e-02 8.075160533189773560e-02
3.550000000000000000e+02 5.962795391678810120e-02 8.065097033977508545e-02
3.560000000000000000e+02 5.965305492281913757e-02 8.060264587402343750e-02
3.570000000000000000e+02 5.968067422509193420e-02 8.054388314485549927e-02
3.580000000000000000e+02 5.959971994161605835e-02 8.069857209920883179e-02
3.590000000000000000e+02 5.954517424106597900e-02 8.060878515243530273e-02
3.600000000000000000e+02 5.954249575734138489e-02 8.056012541055679321e-02
3.610000000000000000e+02 5.952569097280502319e-02 8.046572655439376831e-02
3.620000000000000000e+02 5.949908867478370667e-02 8.067245781421661377e-02
3.630000000000000000e+02 5.950716510415077209e-02 8.050635457038879395e-02
3.640000000000000000e+02 5.948297679424285889e-02 8.054464310407638550e-02
3.650000000000000000e+02 5.948588624596595764e-02 8.054586499929428101e-02
3.660000000000000000e+02 5.948818102478981018e-02 8.049298077821731567e-02
3.670000000000000000e+02 5.943169072270393372e-02 8.043233305215835571e-02
3.680000000000000000e+02 5.937461927533149719e-02 8.038993179798126221e-02
3.690000000000000000e+02 5.937540903687477112e-02 8.038564026355743408e-02
3.700000000000000000e+02 5.933853611350059509e-02 8.039810508489608765e-02
3.710000000000000000e+02 5.929781123995780945e-02 8.028832077980041504e-02
3.720000000000000000e+02 5.929646641016006470e-02 8.026517927646636963e-02
3.730000000000000000e+02 5.931663140654563904e-02 8.032906055450439453e-02
3.740000000000000000e+02 5.926948413252830505e-02 8.041764050722122192e-02
3.750000000000000000e+02 5.920618027448654175e-02 8.023568987846374512e-02
3.760000000000000000e+02 5.919190868735313416e-02 8.039551973342895508e-02
3.770000000000000000e+02 5.921310558915138245e-02 8.033074438571929932e-02
3.780000000000000000e+02 5.913265421986579895e-02 8.027365803718566895e-02
3.790000000000000000e+02 5.912758037447929382e-02 8.017452806234359741e-02
3.800000000000000000e+02 5.910887569189071655e-02 8.012797683477401733e-02
3.810000000000000000e+02 5.910227820277214050e-02 8.014074712991714478e-02
3.820000000000000000e+02 5.909444391727447510e-02 8.019125461578369141e-02
3.830000000000000000e+02 5.905416980385780334e-02 8.001729100942611694e-02
3.840000000000000000e+02 5.900063738226890564e-02 8.016861975193023682e-02
3.850000000000000000e+02 5.905586853623390198e-02 8.005581051111221313e-02
3.860000000000000000e+02 5.903575941920280457e-02 8.004346489906311035e-02
3.870000000000000000e+02 5.897993221879005432e-02 8.010973781347274780e-02
3.880000000000000000e+02 5.899722129106521606e-02 8.006248623132705688e-02
3.890000000000000000e+02 5.889924988150596619e-02 8.000006526708602905e-02
3.900000000000000000e+02 5.895686894655227661e-02 8.003787696361541748e-02
3.910000000000000000e+02 5.889400839805603027e-02 7.998862862586975098e-02
3.920000000000000000e+02 5.884377285838127136e-02 7.995218038558959961e-02
3.930000000000000000e+02 5.885735899209976196e-02 7.994065433740615845e-02
3.940000000000000000e+02 5.884439125657081604e-02 7.997275888919830322e-02
3.950000000000000000e+02 5.881170928478240967e-02 7.981712371110916138e-02
3.960000000000000000e+02 5.878978967666625977e-02 7.997784763574600220e-02
3.970000000000000000e+02 5.880159139633178711e-02 8.001573383808135986e-02
3.980000000000000000e+02 5.868296325206756592e-02 7.985395938158035278e-02
3.990000000000000000e+02 5.868300795555114746e-02 7.988785207271575928e-02
4.000000000000000000e+02 5.875950679183006287e-02 7.976762950420379639e-02
4.010000000000000000e+02 5.869780480861663818e-02 7.968459278345108032e-02
4.020000000000000000e+02 5.865127593278884888e-02 7.985486835241317749e-02
4.030000000000000000e+02 5.862718820571899414e-02 7.988341897726058960e-02
4.040000000000000000e+02 5.866083875298500061e-02 7.973282784223556519e-02
4.050000000000000000e+02 5.862239748239517212e-02 7.977247983217239380e-02
4.060000000000000000e+02 5.855363607406616211e-02 7.986735552549362183e-02
4.070000000000000000e+02 5.857300013303756714e-02 7.968083769083023071e-02
4.080000000000000000e+02 5.852557718753814697e-02 7.975242286920547485e-02
4.090000000000000000e+02 5.856048315763473511e-02 7.960807532072067261e-02
4.100000000000000000e+02 5.848176032304763794e-02 7.977158576250076294e-02
4.110000000000000000e+02 5.849971249699592590e-02 7.961371541023254395e-02
4.120000000000000000e+02 5.844888836145401001e-02 7.946499437093734741e-02
4.130000000000000000e+02 5.845605581998825073e-02 7.952860742807388306e-02
4.140000000000000000e+02 5.849514901638031006e-02 7.959647476673126221e-02
4.150000000000000000e+02 5.844343081116676331e-02 7.956100255250930786e-02
4.160000000000000000e+02 5.839079618453979492e-02 7.951247692108154297e-02
4.170000000000000000e+02 5.838242173194885254e-02 7.952544838190078735e-02
4.180000000000000000e+02 5.840208381414413452e-02 7.954880595207214355e-02
4.190000000000000000e+02 5.835155397653579712e-02 7.950071245431900024e-02
4.200000000000000000e+02 5.832528322935104370e-02 7.943778485059738159e-02
4.210000000000000000e+02 5.827242881059646606e-02 7.958363741636276245e-02
4.220000000000000000e+02 5.827505514025688171e-02 7.959003746509552002e-02
4.230000000000000000e+02 5.828824639320373535e-02 7.939416170120239258e-02
4.240000000000000000e+02 5.831773206591606140e-02 7.950958609580993652e-02
4.250000000000000000e+02 5.827428773045539856e-02 7.936440408229827881e-02
4.260000000000000000e+02 5.820883810520172119e-02 7.941804081201553345e-02
4.270000000000000000e+02 5.822834372520446777e-02 7.940232753753662109e-02
4.280000000000000000e+02 5.821725353598594666e-02 7.939239591360092163e-02
4.290000000000000000e+02 5.820615589618682861e-02 7.937636226415634155e-02
4.300000000000000000e+02 5.812462419271469116e-02 7.929152995347976685e-02
4.310000000000000000e+02 5.811794847249984741e-02 7.928892225027084351e-02
4.320000000000000000e+02 5.810509622097015381e-02 7.919479161500930786e-02
4.330000000000000000e+02 5.810604616999626160e-02 7.914409786462783813e-02
4.340000000000000000e+02 5.809467658400535583e-02 7.921469211578369141e-02
4.350000000000000000e+02 5.805142968893051147e-02 7.931836694478988647e-02
4.360000000000000000e+02 5.802072584629058838e-02 7.929719984531402588e-02
4.370000000000000000e+02 5.800785869359970093e-02 7.924997806549072266e-02
4.380000000000000000e+02 5.798951908946037292e-02 7.932427525520324707e-02
4.390000000000000000e+02 5.802682042121887207e-02 7.925672084093093872e-02
4.400000000000000000e+02 5.799181386828422546e-02 7.911027222871780396e-02
4.410000000000000000e+02 5.791973695158958435e-02 7.912921905517578125e-02
4.420000000000000000e+02 5.796157196164131165e-02 7.915334403514862061e-02
4.430000000000000000e+02 5.793863534927368164e-02 7.908920198678970337e-02
4.440000000000000000e+02 5.792061239480972290e-02 7.928892225027084351e-02
4.450000000000000000e+02 5.790562555193901062e-02 7.911921292543411255e-02
4.460000000000000000e+02 5.790928006172180176e-02 7.912971079349517822e-02
4.470000000000000000e+02 5.783707275986671448e-02 7.914996147155761719e-02
4.480000000000000000e+02 5.785099789500236511e-02 7.904968410730361938e-02
4.490000000000000000e+02 5.783992260694503784e-02 7.905124872922897339e-02
4.500000000000000000e+02 5.783949047327041626e-02 7.918388396501541138e-02
4.510000000000000000e+02 5.775725841522216797e-02 7.897181808948516846e-02
4.520000000000000000e+02 5.776533856987953186e-02 7.901461422443389893e-02
4.530000000000000000e+02 5.777255445718765259e-02 7.903419435024261475e-02
4.540000000000000000e+02 5.774261057376861572e-02 7.889960706233978271e-02
4.550000000000000000e+02 5.772917717695236206e-02 7.899551838636398315e-02
4.560000000000000000e+02 5.773509666323661804e-02 7.893522828817367554e-02
4.570000000000000000e+02 5.769483000040054321e-02 7.884396612644195557e-02
4.580000000000000000e+02 5.764530226588249207e-02 7.898204028606414795e-02
4.590000000000000000e+02 5.762550607323646545e-02 7.896305620670318604e-02
4.600000000000000000e+02 5.765045434236526489e-02 7.883145660161972046e-02
4.610000000000000000e+02 5.760814994573593140e-02 7.881283015012741089e-02
4.620000000000000000e+02 5.762279033660888672e-02 7.885511964559555054e-02
4.630000000000000000e+02 5.759132280945777893e-02 7.883847504854202271e-02
4.640000000000000000e+02 5.755956470966339111e-02 7.882860302925109863e-02
4.650000000000000000e+02 5.759664252400398254e-02 7.881527394056320190e-02
4.660000000000000000e+02 5.752201378345489502e-02 7.889032363891601562e-02
4.670000000000000000e+02 5.753247812390327454e-02 7.879707217216491699e-02
4.680000000000000000e+02 5.749969184398651123e-02 7.883144915103912354e-02
4.690000000000000000e+02 5.748590081930160522e-02 7.896812260150909424e-02
4.700000000000000000e+02 5.742917582392692566e-02 7.878975570201873779e-02
4.710000000000000000e+02 5.744363367557525635e-02 7.883202284574508667e-02
4.720000000000000000e+02 5.741669237613677979e-02 7.879331707954406738e-02
4.730000000000000000e+02 5.739172920584678650e-02 7.873850315809249878e-02
4.740000000000000000e+02 5.742591992020606995e-02 7.881731539964675903e-02
4.750000000000000000e+02 5.743910372257232666e-02 7.861146330833435059e-02
4.760000000000000000e+02 5.740582942962646484e-02 7.867650687694549561e-02
4.770000000000000000e+02 5.737757682800292969e-02 7.859297096729278564e-02
4.780000000000000000e+02 5.736410617828369141e-02 7.863230258226394653e-02
4.790000000000000000e+02 5.731084197759628296e-02 7.874104380607604980e-02
4.800000000000000000e+02 5.733790621161460876e-02 7.865453511476516724e-02
4.810000000000000000e+02 5.728172883391380310e-02 7.865379750728607178e-02
4.820000000000000000e+02 5.729111284017562866e-02 7.860657572746276855e-02
4.830000000000000000e+02 5.725101754069328308e-02 7.870530337095260620e-02
4.840000000000000000e+02 5.723191425204277039e-02 7.863727957010269165e-02
4.850000000000000000e+02 5.726873874664306641e-02 7.861092686653137207e-02
4.860000000000000000e+02 5.723178014159202576e-02 7.861660420894622803e-02
4.870000000000000000e+02 5.722814798355102539e-02 7.851472496986389160e-02
4.880000000000000000e+02 5.719433352351188660e-02 7.854498177766799927e-02
4.890000000000000000e+02 5.720547586679458618e-02 7.858310639858245850e-02
4.900000000000000000e+02 5.715491995215415955e-02 7.857070118188858032e-02
4.910000000000000000e+02 5.718283355236053467e-02 7.843570411205291748e-02
4.920000000000000000e+02 5.714813619852066040e-02 7.846401631832122803e-02
4.930000000000000000e+02 5.711634457111358643e-02 7.853269577026367188e-02
4.940000000000000000e+02 5.712462216615676880e-02 7.845389842987060547e-02
4.950000000000000000e+02 5.711540952324867249e-02 7.848659157752990723e-02
4.960000000000000000e+02 5.705491080880165100e-02 7.845866680145263672e-02
4.970000000000000000e+02 5.708887428045272827e-02 7.844616472721099854e-02
4.980000000000000000e+02 5.706419423222541809e-02 7.846927642822265625e-02
4.990000000000000000e+02 5.707220360636711121e-02 7.829091697931289673e-02
5.000000000000000000e+02 5.701407790184020996e-02 7.845113426446914673e-02
5.010000000000000000e+02 5.702270939946174622e-02 7.844361662864685059e-02
5.020000000000000000e+02 5.700280889868736267e-02 7.835365086793899536e-02
5.030000000000000000e+02 5.695259943604469299e-02 7.836234569549560547e-02
5.040000000000000000e+02 5.700941756367683411e-02 7.828614860773086548e-02
5.050000000000000000e+02 5.699700489640235901e-02 7.838602364063262939e-02
5.060000000000000000e+02 5.695801973342895508e-02 7.841941714286804199e-02
5.070000000000000000e+02 5.695869773626327515e-02 7.844972610473632812e-02
5.080000000000000000e+02 5.690808594226837158e-02 7.837831974029541016e-02
5.090000000000000000e+02 5.689152330160140991e-02 7.827586680650711060e-02
5.100000000000000000e+02 5.686984956264495850e-02 7.832247018814086914e-02
5.110000000000000000e+02 5.689272657036781311e-02 7.844271510839462280e-02
5.120000000000000000e+02 5.683563649654388428e-02 7.824127376079559326e-02
5.130000000000000000e+02 5.684167891740798950e-02 7.815933972597122192e-02
5.140000000000000000e+02 5.683319643139839172e-02 7.833909988403320312e-02
5.150000000000000000e+02 5.677862837910652161e-02 7.821062952280044556e-02
5.160000000000000000e+02 5.677091702818870544e-02 7.814785093069076538e-02
5.170000000000000000e+02 5.675093457102775574e-02 7.824777066707611084e-02
5.180000000000000000e+02 5.682323127985000610e-02 7.835464924573898315e-02
5.190000000000000000e+02 5.677214264869689941e-02 7.824181765317916870e-02
5.200000000000000000e+02 5.670939013361930847e-02 7.820032536983489990e-02
5.210000000000000000e+02 5.676560103893280029e-02 7.807776331901550293e-02
5.220000000000000000e+02 5.677206814289093018e-02 7.804951071739196777e-02
5.230000000000000000e+02 5.667214095592498779e-02 7.811321318149566650e-02
5.240000000000000000e+02 5.665801838040351868e-02 7.811822742223739624e-02
5.250000000000000000e+02 5.669436231255531311e-02 7.809235900640487671e-02
5.260000000000000000e+02 5.662825703620910645e-02 7.812138646841049194e-02
5.270000000000000000e+02 5.666483566164970398e-02 7.827013731002807617e-02
5.280000000000000000e+02 5.662055313587188721e-02 7.805636525154113770e-02
5.290000000000000000e+02 5.663415044546127319e-02 7.804866135120391846e-02
5.300000000000000000e+02 5.662134289741516113e-02 7.822158187627792358e-02
5.310000000000000000e+02 5.656478926539421082e-02 7.797726243734359741e-02
5.320000000000000000e+02 5.654662474989891052e-02 7.809485495090484619e-02
5.330000000000000000e+02 5.659323930740356445e-02 7.803785055875778198e-02
5.340000000000000000e+02 5.655281618237495422e-02 7.806752622127532959e-02
5.350000000000000000e+02 5.655683949589729309e-02 7.806733250617980957e-02
5.360000000000000000e+02 5.654684454202651978e-02 7.808430492877960205e-02
5.370000000000000000e+02 5.647787824273109436e-02 7.811789214611053467e-02
5.380000000000000000e+02 5.655838921666145325e-02 7.797026634216308594e-02
5.390000000000000000e+02 5.649960041046142578e-02 7.789244502782821655e-02
5.400000000000000000e+02 5.647270381450653076e-02 7.788819819688796997e-02
5.410000000000000000e+02 5.644502118229866028e-02 7.789828628301620483e-02
5.420000000000000000e+02 5.642166361212730408e-02 7.794316858053207397e-02
5.430000000000000000e+02 5.638615414500236511e-02 7.793311029672622681e-02
5.440000000000000000e+02 5.642276629805564880e-02 7.776039838790893555e-02
5.450000000000000000e+02 5.639027431607246399e-02 7.784043997526168823e-02
5.460000000000000000e+02 5.637918785214424133e-02 7.787855714559555054e-02
5.470000000000000000e+02 5.635195970535278320e-02 7.792155444622039795e-02
5.480000000000000000e+02 5.638564378023147583e-02 7.789739966392517090e-02
5.490000000000000000e+02 5.641781911253929138e-02 7.791952788829803467e-02
5.500000000000000000e+02 5.636068806052207947e-02 7.793295383453369141e-02
5.510000000000000000e+02 5.634030327200889587e-02 7.775276154279708862e-02
5.520000000000000000e+02 5.630207806825637817e-02 7.786732167005538940e-02
5.530000000000000000e+02 5.625100806355476379e-02 7.789284735918045044e-02
5.540000000000000000e+02 5.630929395556449890e-02 7.783184200525283813e-02
5.550000000000000000e+02 5.627592280507087708e-02 7.783662527799606323e-02
5.560000000000000000e+02 5.627583712339401245e-02 7.774683833122253418e-02
5.570000000000000000e+02 5.630569532513618469e-02 7.771036028861999512e-02
5.580000000000000000e+02 5.622561648488044739e-02 7.772360742092132568e-02
5.590000000000000000e+02 5.629502981901168823e-02 7.773625105619430542e-02
5.600000000000000000e+02 5.614726617932319641e-02 7.762429118156433105e-02
5.610000000000000000e+02 5.617168173193931580e-02 7.780119031667709351e-02
5.620000000000000000e+02 5.626319348812103271e-02 7.780159264802932739e-02
5.630000000000000000e+02 5.620970204472541809e-02 7.768572866916656494e-02
5.640000000000000000e+02 5.614231526851654053e-02 7.764283567667007446e-02
5.650000000000000000e+02 5.616072565317153931e-02 7.772191613912582397e-02
5.660000000000000000e+02 5.615820363163948059e-02 7.769420742988586426e-02
5.670000000000000000e+02 5.613673478364944458e-02 7.773437350988388062e-02
5.680000000000000000e+02 5.614051967859268188e-02 7.778955250978469849e-02
5.690000000000000000e+02 5.606271326541900635e-02 7.759205251932144165e-02
5.700000000000000000e+02 5.608434975147247314e-02 7.770911604166030884e-02
5.710000000000000000e+02 5.604592338204383850e-02 7.768343389034271240e-02
5.720000000000000000e+02 5.606146156787872314e-02 7.769028097391128540e-02
5.730000000000000000e+02 5.608573555946350098e-02 7.775450497865676880e-02
5.740000000000000000e+02 5.605023726820945740e-02 7.765237987041473389e-02
5.750000000000000000e+02 5.606925114989280701e-02 7.765039801597595215e-02
5.760000000000000000e+02 5.602363869547843933e-02 7.758985459804534912e-02
5.770000000000000000e+02 5.599769949913024902e-02 7.761586457490921021e-02
5.780000000000000000e+02 5.595660582184791565e-02 7.764513045549392700e-02
5.790000000000000000e+02 5.595714226365089417e-02 7.764290273189544678e-02
5.800000000000000000e+02 5.598378926515579224e-02 7.754745334386825562e-02
5.810000000000000000e+02 5.599242448806762695e-02 7.755148410797119141e-02
5.820000000000000000e+02 5.591139942407608032e-02 7.753507792949676514e-02
5.830000000000000000e+02 5.584974214434623718e-02 7.759124785661697388e-02
5.840000000000000000e+02 5.590117722749710083e-02 7.750780135393142700e-02
5.850000000000000000e+02 5.586744844913482666e-02 7.762907445430755615e-02
5.860000000000000000e+02 5.581513419747352600e-02 7.761516422033309937e-02
5.870000000000000000e+02 5.592952668666839600e-02 7.743802666664123535e-02
5.880000000000000000e+02 5.587060377001762390e-02 7.750003039836883545e-02
5.890000000000000000e+02 5.585145205259323120e-02 7.742241770029067993e-02
5.900000000000000000e+02 5.578613281250000000e-02 7.757301628589630127e-02
5.910000000000000000e+02 5.581478774547576904e-02 7.746894657611846924e-02
5.920000000000000000e+02 5.583061650395393372e-02 7.745466381311416626e-02
5.930000000000000000e+02 5.577686429023742676e-02 7.750915735960006714e-02
5.940000000000000000e+02 5.577993765473365784e-02 7.742299139499664307e-02
5.950000000000000000e+02 5.578746274113655090e-02 7.743209600448608398e-02
5.960000000000000000e+02 5.577952042222023010e-02 7.736756652593612671e-02
5.970000000000000000e+02 5.576720833778381348e-02 7.748827338218688965e-02
5.980000000000000000e+02 5.577669665217399597e-02 7.737831026315689087e-02
5.990000000000000000e+02 5.567761138081550598e-02 7.739383727312088013e-02
6.000000000000000000e+02 5.572015047073364258e-02 7.742703706026077271e-02
6.010000000000000000e+02 5.568316206336021423e-02 7.740858942270278931e-02
6.020000000000000000e+02 5.565397441387176514e-02 7.750014215707778931e-02
6.030000000000000000e+02 5.568574741482734680e-02 7.729783654212951660e-02
6.040000000000000000e+02 5.563433840870857239e-02 7.736233621835708618e-02
6.050000000000000000e+02 5.565226450562477112e-02 7.738177478313446045e-02
6.060000000000000000e+02 5.566813424229621887e-02 7.748848944902420044e-02
6.070000000000000000e+02 5.565255135297775269e-02 7.723446190357208252e-02
6.080000000000000000e+02 5.562232434749603271e-02 7.740339636802673340e-02
6.090000000000000000e+02 5.557711049914360046e-02 7.732066512107849121e-02
6.100000000000000000e+02 5.555812269449234009e-02 7.728667557239532471e-02
6.110000000000000000e+02 5.558882281184196472e-02 7.731892168521881104e-02
6.120000000000000000e+02 5.555046349763870239e-02 7.728642970323562622e-02
6.130000000000000000e+02 5.563415959477424622e-02 7.746788114309310913e-02
6.140000000000000000e+02 5.553043633699417114e-02 7.729670405387878418e-02
6.150000000000000000e+02 5.555596947669982910e-02 7.730188220739364624e-02
6.160000000000000000e+02 5.550806969404220581e-02 7.713636010885238647e-02
6.170000000000000000e+02 5.546972900629043579e-02 7.723336666822433472e-02
6.180000000000000000e+02 5.550760775804519653e-02 7.715121656656265259e-02
6.190000000000000000e+02 5.552634224295616150e-02 7.722764462232589722e-02
6.200000000000000000e+02 5.544961243867874146e-02 7.738827168941497803e-02
6.210000000000000000e+02 5.542620271444320679e-02 7.725828886032104492e-02
6.220000000000000000e+02 5.541009083390235901e-02 7.712950557470321655e-02
6.230000000000000000e+02 5.546483770012855530e-02 7.722260057926177979e-02
6.240000000000000000e+02 5.543818697333335876e-02 7.727419584989547729e-02
6.250000000000000000e+02 5.539406090974807739e-02 7.717782258987426758e-02
6.260000000000000000e+02 5.540054291486740112e-02 7.723206281661987305e-02
6.270000000000000000e+02 5.541735514998435974e-02 7.722204923629760742e-02
6.280000000000000000e+02 5.533311516046524048e-02 7.712154835462570190e-02
6.290000000000000000e+02 5.538346990942955017e-02 7.731357216835021973e-02
6.300000000000000000e+02 5.535962432622909546e-02 7.709762454032897949e-02
6.310000000000000000e+02 5.535583570599555969e-02 7.711966335773468018e-02
6.320000000000000000e+02 5.537918955087661743e-02 7.710707932710647583e-02
6.330000000000000000e+02 5.530007928609848022e-02 7.723128795623779297e-02
6.340000000000000000e+02 5.530866608023643494e-02 7.713299244642257690e-02
6.350000000000000000e+02 5.525336042046546936e-02 7.711353898048400879e-02
6.360000000000000000e+02 5.528848245739936829e-02 7.698543369770050049e-02
6.370000000000000000e+02 5.522676184773445129e-02 7.713615149259567261e-02
6.380000000000000000e+02 5.522668734192848206e-02 7.710666209459304810e-02
6.390000000000000000e+02 5.521767213940620422e-02 7.709392905235290527e-02
6.400000000000000000e+02 5.526256933808326721e-02 7.707235217094421387e-02
6.410000000000000000e+02 5.517746880650520325e-02 7.713145017623901367e-02
6.420000000000000000e+02 5.523307621479034424e-02 7.699029147624969482e-02
6.430000000000000000e+02 5.516042932868003845e-02 7.713920623064041138e-02
6.440000000000000000e+02 5.513227358460426331e-02 7.701114565134048462e-02
6.450000000000000000e+02 5.520649999380111694e-02 7.701866328716278076e-02
