0.000000000000000000e+00 1.047828122973442078e-01 1.249099671840667725e-01
1.000000000000000000e+00 1.043139547109603882e-01 1.244857758283615112e-01
2.000000000000000000e+00 1.038510054349899292e-01 1.240948587656021118e-01
3.000000000000000000e+00 1.033899262547492981e-01 1.237153634428977966e-01
4.000000000000000000e+00 1.029401719570159912e-01 1.233232691884040833e-01
5.000000000000000000e+00 1.025024577975273132e-01 1.229392439126968384e-01
6.000000000000000000e+00 1.020599752664566040e-01 1.225762516260147095e-01
7.000000000000000000e+00 1.016266345977783203e-01 1.222106963396072388e-01
8.000000000000000000e+00 1.011851131916046143e-01 1.218198463320732117e-01
9.000000000000000000e+00 1.007592007517814636e-01 1.214493811130523682e-01
1.000000000000000000e+01 1.003279089927673340e-01 1.210716143250465393e-01
1.100000000000000000e+01 9.989172965288162231e-02 1.206663176417350769e-01
1.200000000000000000e+01 9.946118295192718506e-02 1.202924698591232300e-01
1.300000000000000000e+01 9.902213513851165771e-02 1.199058294296264648e-01
1.400000000000000000e+01 9.859006106853485107e-02 1.195163950324058533e-01
1.500000000000000000e+01 9.814201295375823975e-02 1.191090121865272522e-01
1.600000000000000000e+01 9.769479930400848389e-02 1.187012568116188049e-01
1.700000000000000000e+01 9.723529219627380371e-02 1.183198392391204834e-01
1.800000000000000000e+01 9.677931666374206543e-02 1.178626939654350281e-01
1.900000000000000000e+01 9.630677103996276855e-02 1.174098625779151917e-01
2.000000000000000000e+01 9.583649784326553345e-02 1.169987022876739502e-01
2.100000000000000000e+01 9.535865485668182373e-02 1.165374740958213806e-01
2.200000000000000000e+01 9.487421065568923950e-02 1.160948351025581360e-01
2.300000000000000000e+01 9.436623752117156982e-02 1.155910715460777283e-01
2.400000000000000000e+01 9.385813027620315552e-02 1.151599660515785217e-01
2.500000000000000000e+01 9.335722774267196655e-02 1.146751642227172852e-01
2.600000000000000000e+01 9.283157438039779663e-02 1.141748055815696716e-01
2.700000000000000000e+01 9.230989962816238403e-02 1.137023046612739563e-01
2.800000000000000000e+01 9.177295863628387451e-02 1.132237389683723450e-01
2.900000000000000000e+01 9.123938530683517456e-02 1.126768514513969421e-01
3.000000000000000000e+01 9.068457782268524170e-02 1.121651306748390198e-01
3.100000000000000000e+01 9.013882279396057129e-02 1.115919873118400574e-01
3.200000000000000000e+01 8.957292884588241577e-02 1.110815182328224182e-01
3.300000000000000000e+01 8.900439739227294922e-02 1.106234714388847351e-01
3.400000000000000000e+01 8.842011541128158569e-02 1.100418418645858765e-01
3.500000000000000000e+01 8.784954249858856201e-02 1.094683334231376648e-01
3.600000000000000000e+01 8.728858828544616699e-02 1.089001968502998352e-01
3.700000000000000000e+01 8.667840808629989624e-02 1.083585396409034729e-01
3.800000000000000000e+01 8.611657470464706421e-02 1.077606454491615295e-01
3.900000000000000000e+01 8.550520241260528564e-02 1.071673929691314697e-01
4.000000000000000000e+01 8.494727313518524170e-02 1.066584214568138123e-01
4.100000000000000000e+01 8.435256034135818481e-02 1.061701998114585876e-01
4.200000000000000000e+01 8.379513770341873169e-02 1.054973080754280090e-01
4.300000000000000000e+01 8.322890847921371460e-02 1.048723682761192322e-01
4.400000000000000000e+01 8.266402781009674072e-02 1.044078916311264038e-01
4.500000000000000000e+01 8.211380243301391602e-02 1.037918552756309509e-01
4.600000000000000000e+01 8.158832043409347534e-02 1.032739728689193726e-01
4.700000000000000000e+01 8.107559382915496826e-02 1.026877984404563904e-01
4.800000000000000000e+01 8.057142794132232666e-02 1.022294610738754272e-01
4.900000000000000000e+01 8.007209748029708862e-02 1.017993465065956116e-01
5.000000000000000000e+01 7.961113750934600830e-02 1.012368202209472656e-01
5.100000000000000000e+01 7.916787266731262207e-02 1.007968112826347351e-01
5.200000000000000000e+01 7.874560356140136719e-02 1.003436297178268433e-01
5.300000000000000000e+01 7.833912223577499390e-02 9.984473139047622681e-02
5.400000000000000000e+01 7.792548835277557373e-02 9.951105713844299316e-02
5.500000000000000000e+01 7.755084335803985596e-02 9.907194226980209351e-02
5.600000000000000000e+01 7.716532796621322632e-02 9.873800724744796753e-02
5.700000000000000000e+01 7.683359086513519287e-02 9.830613434314727783e-02
5.800000000000000000e+01 7.651382684707641602e-02 9.795757383108139038e-02
5.900000000000000000e+01 7.618458569049835205e-02 9.767399728298187256e-02
6.000000000000000000e+01 7.584080845117568970e-02 9.723218530416488647e-02
6.100000000000000000e+01 7.555320858955383301e-02 9.694175422191619873e-02
6.200000000000000000e+01 7.527057081460952759e-02 9.667632728815078735e-02
6.300000000000000000e+01 7.497235387563705444e-02 9.631136059761047363e-02
6.400000000000000000e+01 7.467643916606903076e-02 9.603803604841232300e-02
6.500000000000000000e+01 7.442145794630050659e-02 9.566947072744369507e-02
6.600000000000000000e+01 7.416159659624099731e-02 9.544561803340911865e-02
6.700000000000000000e+01 7.387667149305343628e-02 9.507285803556442261e-02
6.800000000000000000e+01 7.358342409133911133e-02 9.475478529930114746e-02
6.900000000000000000e+01 7.331537455320358276e-02 9.442725777626037598e-02
7.000000000000000000e+01 7.305941730737686157e-02 9.419814497232437134e-02
7.100000000000000000e+01 7.279231399297714233e-02 9.394807368516921997e-02
7.200000000000000000e+01 7.252839207649230957e-02 9.362685680389404297e-02
7.300000000000000000e+01 7.225101441144943237e-02 9.322126209735870361e-02
7.400000000000000000e+01 7.194931060075759888e-02 9.291578829288482666e-02
7.500000000000000000e+01 7.172373682260513306e-02 9.276124089956283569e-02
7.600000000000000000e+01 7.143601775169372559e-02 9.242004901170730591e-02
7.700000000000000000e+01 7.119099795818328857e-02 9.206197410821914673e-02
7.800000000000000000e+01 7.093325257301330566e-02 9.186297655105590820e-02
7.900000000000000000e+01 7.065489143133163452e-02 9.153554588556289673e-02
8.000000000000000000e+01 7.033283263444900513e-02 9.125678241252899170e-02
8.100000000000000000e+01 7.010322064161300659e-02 9.094778448343276978e-02
8.200000000000000000e+01 6.985832750797271729e-02 9.065780788660049438e-02
8.300000000000000000e+01 6.961031258106231689e-02 9.046087414026260376e-02
8.400000000000000000e+01 6.937197595834732056e-02 9.026212990283966064e-02
8.500000000000000000e+01 6.912227720022201538e-02 8.993673324584960938e-02
8.600000000000000000e+01 6.883371621370315552e-02 8.972029387950897217e-02
8.700000000000000000e+01 6.859008967876434326e-02 8.943971246480941772e-02
8.800000000000000000e+01 6.833716481924057007e-02 8.928919583559036255e-02
8.900000000000000000e+01 6.812326610088348389e-02 8.896806091070175171e-02
9.000000000000000000e+01 6.786626577377319336e-02 8.859740942716598511e-02
9.100000000000000000e+01 6.767348200082778931e-02 8.839842677116394043e-02
9.200000000000000000e+01 6.740188598632812500e-02 8.833031356334686279e-02
9.300000000000000000e+01 6.722725927829742432e-02 8.812013268470764160e-02
9.400000000000000000e+01 6.699337810277938843e-02 8.788650482892990112e-02
9.500000000000000000e+01 6.681001186370849609e-02 8.752048015594482422e-02
9.600000000000000000e+01 6.655920296907424927e-02 8.752407878637313843e-02
9.700000000000000000e+01 6.637188047170639038e-02 8.724320679903030396e-02
9.800000000000000000e+01 6.614378839731216431e-02 8.699837327003479004e-02
9.900000000000000000e+01 6.596034020185470581e-02 8.687061071395874023e-02
1.000000000000000000e+02 6.577516347169876099e-02 8.658691495656967163e-02
1.010000000000000000e+02 6.559060513973236084e-02 8.655511587858200073e-02
1.020000000000000000e+02 6.538219004869461060e-02 8.637930452823638916e-02
1.030000000000000000e+02 6.518677622079849243e-02 8.603215217590332031e-02
1.040000000000000000e+02 6.502106040716171265e-02 8.609793335199356079e-02
1.050000000000000000e+02 6.484895199537277222e-02 8.577377349138259888e-02
1.060000000000000000e+02 6.468761712312698364e-02 8.559995889663696289e-02
1.070000000000000000e+02 6.450843065977096558e-02 8.547579497098922729e-02
1.080000000000000000e+02 6.429147720336914062e-02 8.524207025766372681e-02
1.090000000000000000e+02 6.418211758136749268e-02 8.510746061801910400e-02
1.100000000000000000e+02 6.397636234760284424e-02 8.488843590021133423e-02
1.110000000000000000e+02 6.380487233400344849e-02 8.467181026935577393e-02
1.120000000000000000e+02 6.362450867891311646e-02 8.458947390317916870e-02
1.130000000000000000e+02 6.348684430122375488e-02 8.427218347787857056e-02
1.140000000000000000e+02 6.334299594163894653e-02 8.430864661931991577e-02
1.150000000000000000e+02 6.316620111465454102e-02 8.418153971433639526e-02
1.160000000000000000e+02 6.306571513414382935e-02 8.397088199853897095e-02
1.170000000000000000e+02 6.284350156784057617e-02 8.385766297578811646e-02
1.180000000000000000e+02 6.268054246902465820e-02 8.378725498914718628e-02
1.190000000000000000e+02 6.256005167961120605e-02 8.356907963752746582e-02
1.200000000000000000e+02 6.244337186217308044e-02 8.340444415807723999e-02
1.210000000000000000e+02 6.229780986905097961e-02 8.331715315580368042e-02
1.220000000000000000e+02 6.213215738534927368e-02 8.316847681999206543e-02
1.230000000000000000e+02 6.197416782379150391e-02 8.302628248929977417e-02
1.240000000000000000e+02 6.184275820851325989e-02 8.296526223421096802e-02
1.250000000000000000e+02 6.168008968234062195e-02 8.267129957675933838e-02
1.260000000000000000e+02 6.154590100049972534e-02 8.256101608276367188e-02
1.270000000000000000e+02 6.142005324363708496e-02 8.235695958137512207e-02
1.280000000000000000e+02 6.135070323944091797e-02 8.214743435382843018e-02
1.290000000000000000e+02 6.117761135101318359e-02 8.211746066808700562e-02
1.300000000000000000e+02 6.105347350239753723e-02 8.193239569664001465e-02
1.310000000000000000e+02 6.091100350022315979e-02 8.182623237371444702e-02
1.320000000000000000e+02 6.078416481614112854e-02 8.183100074529647827e-02
1.330000000000000000e+02 6.068060174584388733e-02 8.159472793340682983e-02
1.340000000000000000e+02 6.058092415332794189e-02 8.144848048686981201e-02
1.350000000000000000e+02 6.045022979378700256e-02 8.130543678998947144e-02
1.360000000000000000e+02 6.031977385282516479e-02 8.120595663785934448e-02
1.370000000000000000e+02 6.023013964295387268e-02 8.129136264324188232e-02
1.380000000000000000e+02 6.018466129899024963e-02 8.106610178947448730e-02
1.390000000000000000e+02 5.998369678854942322e-02 8.092364668846130371e-02
1.400000000000000000e+02 5.990415439009666443e-02 8.080492168664932251e-02
1.410000000000000000e+02 5.982135236263275146e-02 8.055884391069412231e-02
1.420000000000000000e+02 5.973191559314727783e-02 8.062906563282012939e-02
1.430000000000000000e+02 5.957468599081039429e-02 8.058071881532669067e-02
1.440000000000000000e+02 5.954674258828163147e-02 8.018092811107635498e-02
1.450000000000000000e+02 5.937092751264572144e-02 8.009274303913116455e-02
1.460000000000000000e+02 5.935916304588317871e-02 8.005879819393157959e-02
1.470000000000000000e+02 5.924140661954879761e-02 7.995705306529998779e-02
1.480000000000000000e+02 5.913970246911048889e-02 7.984159886837005615e-02
1.490000000000000000e+02 5.899928137660026550e-02 7.972694188356399536e-02
1.500000000000000000e+02 5.889207497239112854e-02 7.951473444700241089e-02
1.510000000000000000e+02 5.883968248963356018e-02 7.961334288120269775e-02
1.520000000000000000e+02 5.875859037041664124e-02 7.943394780158996582e-02
1.530000000000000000e+02 5.870743468403816223e-02 7.924928516149520874e-02
1.540000000000000000e+02 5.860513821244239807e-02 7.916842401027679443e-02
1.550000000000000000e+02 5.844473093748092651e-02 7.914151996374130249e-02
1.560000000000000000e+02 5.833007395267486572e-02 7.906254380941390991e-02
1.570000000000000000e+02 5.826672911643981934e-02 7.892535626888275146e-02
1.580000000000000000e+02 5.822663754224777222e-02 7.881844788789749146e-02
1.590000000000000000e+02 5.811030045151710510e-02 7.869848608970642090e-02
1.600000000000000000e+02 5.800464376807212830e-02 7.865495979785919189e-02
1.610000000000000000e+02 5.793696269392967224e-02 7.853481173515319824e-02
1.620000000000000000e+02 5.787962675094604492e-02 7.839360088109970093e-02
1.630000000000000000e+02 5.772741883993148804e-02 7.832839339971542358e-02
1.640000000000000000e+02 5.769477039575576782e-02 7.827459275722503662e-02
1.650000000000000000e+02 5.760644376277923584e-02 7.817551493644714355e-02
1.660000000000000000e+02 5.753622949123382568e-02 7.800485193729400635e-02
1.670000000000000000e+02 5.743752792477607727e-02 7.797419279813766479e-02
1.680000000000000000e+02 5.734555795788764954e-02 7.798867672681808472e-02
1.690000000000000000e+02 5.732006579637527466e-02 7.783117145299911499e-02
1.700000000000000000e+02 5.715230479836463928e-02 7.783885300159454346e-02
1.710000000000000000e+02 5.704459547996520996e-02 7.752253115177154541e-02
1.720000000000000000e+02 5.698766186833381653e-02 7.739911228418350220e-02
1.730000000000000000e+02 5.687292292714118958e-02 7.742038369178771973e-02
1.740000000000000000e+02 5.684493482112884521e-02 7.733565568923950195e-02
1.750000000000000000e+02 5.681104212999343872e-02 7.729895412921905518e-02
1.760000000000000000e+02 5.665481463074684143e-02 7.714153081178665161e-02
1.770000000000000000e+02 5.660272762179374695e-02 7.699255645275115967e-02
1.780000000000000000e+02 5.657354369759559631e-02 7.683482021093368530e-02
1.790000000000000000e+02 5.643419548869132996e-02 7.682757824659347534e-02
1.800000000000000000e+02 5.634457990527153015e-02 7.693051546812057495e-02
1.810000000000000000e+02 5.628287419676780701e-02 7.677593827247619629e-02
1.820000000000000000e+02 5.620399117469787598e-02 7.668052613735198975e-02
1.830000000000000000e+02 5.610430240631103516e-02 7.643884420394897461e-02
1.840000000000000000e+02 5.605261772871017456e-02 7.650313526391983032e-02
1.850000000000000000e+02 5.592285841703414917e-02 7.638306170701980591e-02
1.860000000000000000e+02 5.590619519352912903e-02 7.637992501258850098e-02
1.870000000000000000e+02 5.577103048563003540e-02 7.629519701004028320e-02
1.880000000000000000e+02 5.574245005846023560e-02 7.615185528993606567e-02
1.890000000000000000e+02 5.564812570810317993e-02 7.607809454202651978e-02
1.900000000000000000e+02 5.562788993120193481e-02 7.587603479623794556e-02
1.910000000000000000e+02 5.553673952817916870e-02 7.581682503223419189e-02
1.920000000000000000e+02 5.542245134711265564e-02 7.585752010345458984e-02
1.930000000000000000e+02 5.531386658549308777e-02 7.573681324720382690e-02
1.940000000000000000e+02 5.526766926050186157e-02 7.572917640209197998e-02
1.950000000000000000e+02 5.516796186566352844e-02 7.564894855022430420e-02
1.960000000000000000e+02 5.513969063758850098e-02 7.553834468126296997e-02
1.970000000000000000e+02 5.503381788730621338e-02 7.542317360639572144e-02
1.980000000000000000e+02 5.500324070453643799e-02 7.538984715938568115e-02
1.990000000000000000e+02 5.488566681742668152e-02 7.534950226545333862e-02
2.000000000000000000e+02 5.482564121484756470e-02 7.511651515960693359e-02
2.010000000000000000e+02 5.470224469900131226e-02 7.522604614496231079e-02
2.020000000000000000e+02 5.467494204640388489e-02 7.518854737281799316e-02
2.030000000000000000e+02 5.465502291917800903e-02 7.511074841022491455e-02
2.040000000000000000e+02 5.448622629046440125e-02 7.490967214107513428e-02
2.050000000000000000e+02 5.445564910769462585e-02 7.485816627740859985e-02
2.060000000000000000e+02 5.439574643969535828e-02 7.475616782903671265e-02
2.070000000000000000e+02 5.426985770463943481e-02 7.463388890027999878e-02
2.080000000000000000e+02 5.426776409149169922e-02 7.452598959207534790e-02
2.090000000000000000e+02 5.415804311633110046e-02 7.466341555118560791e-02
2.100000000000000000e+02 5.415042489767074585e-02 7.440779358148574829e-02
2.110000000000000000e+02 5.396097898483276367e-02 7.426888495683670044e-02
2.120000000000000000e+02 5.398035794496536255e-02 7.434401661157608032e-02
2.130000000000000000e+02 5.382447317242622375e-02 7.442110031843185425e-02
2.140000000000000000e+02 5.382869765162467957e-02 7.434836775064468384e-02
2.150000000000000000e+02 5.369445681571960449e-02 7.415917515754699707e-02
2.160000000000000000e+02 5.367624014616012573e-02 7.408662140369415283e-02
2.170000000000000000e+02 5.359432846307754517e-02 7.418288290500640869e-02
2.180000000000000000e+02 5.352515727281570435e-02 7.397975772619247437e-02
2.190000000000000000e+02 5.345967039465904236e-02 7.392244786024093628e-02
2.200000000000000000e+02 5.336057394742965698e-02 7.383685559034347534e-02
2.210000000000000000e+02 5.331462621688842773e-02 7.390620559453964233e-02
2.220000000000000000e+02 5.329141765832901001e-02 7.380590587854385376e-02
2.230000000000000000e+02 5.316197872161865234e-02 7.369613647460937500e-02
2.240000000000000000e+02 5.318625643849372864e-02 7.342568039894104004e-02
2.250000000000000000e+02 5.309884995222091675e-02 7.366494834423065186e-02
2.260000000000000000e+02 5.300818756222724915e-02 7.347584515810012817e-02
2.270000000000000000e+02 5.290775001049041748e-02 7.349184900522232056e-02
2.280000000000000000e+02 5.288877710700035095e-02 7.320389896631240845e-02
2.290000000000000000e+02 5.281880497932434082e-02 7.324545085430145264e-02
2.300000000000000000e+02 5.277866497635841370e-02 7.329931855201721191e-02
2.310000000000000000e+02 5.274882912635803223e-02 7.320687919855117798e-02
2.320000000000000000e+02 5.266420170664787292e-02 7.289286702871322632e-02
2.330000000000000000e+02 5.252387374639511108e-02 7.292365282773971558e-02
2.340000000000000000e+02 5.241695046424865723e-02 7.306119799613952637e-02
2.350000000000000000e+02 5.243004858493804932e-02 7.296873629093170166e-02
2.360000000000000000e+02 5.236394330859184265e-02 7.291851937770843506e-02
2.370000000000000000e+02 5.234944447875022888e-02 7.280971109867095947e-02
2.380000000000000000e+02 5.224874988198280334e-02 7.269822061061859131e-02
2.390000000000000000e+02 5.222526565194129944e-02 7.268599420785903931e-02
2.400000000000000000e+02 5.218765512108802795e-02 7.272341102361679077e-02
2.410000000000000000e+02 5.203785374760627747e-02 7.255546003580093384e-02
2.420000000000000000e+02 5.203821882605552673e-02 7.250386476516723633e-02
2.430000000000000000e+02 5.189976096153259277e-02 7.245485484600067139e-02
2.440000000000000000e+02 5.195365846157073975e-02 7.233663648366928101e-02
2.450000000000000000e+02 5.185351520776748657e-02 7.229039072990417480e-02
2.460000000000000000e+02 5.175082385540008545e-02 7.230331003665924072e-02
2.470000000000000000e+02 5.172588676214218140e-02 7.229844480752944946e-02
2.480000000000000000e+02 5.161684751510620117e-02 7.226997613906860352e-02
2.490000000000000000e+02 5.164214223623275757e-02 7.218690961599349976e-02
2.500000000000000000e+02 5.154759436845779419e-02 7.203960418701171875e-02
2.510000000000000000e+02 5.146927386522293091e-02 7.192714512348175049e-02
2.520000000000000000e+02 5.143772065639495850e-02 7.189475744962692261e-02
2.530000000000000000e+02 5.136420205235481262e-02 7.183741033077239990e-02
2.540000000000000000e+02 5.132580548524856567e-02 7.171329855918884277e-02
2.550000000000000000e+02 5.124096572399139404e-02 7.188729196786880493e-02
2.560000000000000000e+02 5.118954554200172424e-02 7.172336429357528687e-02
2.570000000000000000e+02 5.115086585283279419e-02 7.148595154285430908e-02
2.580000000000000000e+02 5.112254992127418518e-02 7.166647166013717651e-02
2.590000000000000000e+02 5.109173804521560669e-02 7.143288850784301758e-02
2.600000000000000000e+02 5.091732740402221680e-02 7.142619788646697998e-02
2.610000000000000000e+02 5.095015838742256165e-02 7.146091014146804810e-02
2.620000000000000000e+02 5.084460973739624023e-02 7.138281315565109253e-02
2.630000000000000000e+02 5.081571638584136963e-02 7.131200283765792847e-02
2.640000000000000000e+02 5.068343132734298706e-02 7.118926942348480225e-02
2.650000000000000000e+02 5.069100856781005859e-02 7.115344703197479248e-02
2.660000000000000000e+02 5.063871666789054871e-02 7.112695276737213135e-02
2.670000000000000000e+02 5.050823092460632324e-02 7.099586725234985352e-02
2.680000000000000000e+02 5.051683261990547180e-02 7.100342959165573120e-02
2.690000000000000000e+02 5.042977631092071533e-02 7.092998176813125610e-02
2.700000000000000000e+02 5.039539188146591187e-02 7.075846940279006958e-02
2.710000000000000000e+02 5.036773905158042908e-02 7.085488736629486084e-02
2.720000000000000000e+02 5.028561875224113464e-02 7.076369225978851318e-02
2.730000000000000000e+02 5.028618872165679932e-02 7.041236013174057007e-02
2.740000000000000000e+02 5.014774203300476074e-02 7.066581398248672485e-02
2.750000000000000000e+02 5.012254789471626282e-02 7.047950476408004761e-02
2.760000000000000000e+02 5.008180812001228333e-02 7.053369283676147461e-02
2.770000000000000000e+02 5.000891909003257751e-02 7.041028141975402832e-02
2.780000000000000000e+02 4.996753484010696411e-02 7.034882903099060059e-02
2.790000000000000000e+02 4.990939423441886902e-02 7.042729109525680542e-02
2.800000000000000000e+02 4.991934075951576233e-02 7.038496434688568115e-02
2.810000000000000000e+02 4.978992044925689697e-02 7.016997784376144409e-02
2.820000000000000000e+02 4.975508525967597961e-02 7.027471810579299927e-02
2.830000000000000000e+02 4.976188018918037415e-02 7.005273550748825073e-02
2.840000000000000000e+02 4.963647201657295227e-02 7.002641260623931885e-02
2.850000000000000000e+02 4.962516576051712036e-02 6.999810785055160522e-02
2.860000000000000000e+02 4.952282458543777466e-02 6.982477009296417236e-02
2.870000000000000000e+02 4.951154068112373352e-02 6.985028088092803955e-02
2.880000000000000000e+02 4.940088838338851929e-02 6.987963616847991943e-02
2.890000000000000000e+02 4.937623068690299988e-02 6.981817632913589478e-02
2.900000000000000000e+02 4.932675510644912720e-02 6.988499313592910767e-02
2.910000000000000000e+02 4.929904639720916748e-02 6.975020468235015869e-02
2.920000000000000000e+02 4.920591413974761963e-02 6.960579752922058105e-02
2.930000000000000000e+02 4.913540184497833252e-02 6.957899034023284912e-02
2.940000000000000000e+02 4.909658432006835938e-02 6.947435438632965088e-02
2.950000000000000000e+02 4.911443218588829041e-02 6.965945661067962646e-02
2.960000000000000000e+02 4.898825660347938538e-02 6.952696293592453003e-02
2.970000000000000000e+02 4.897846654057502747e-02 6.926971673965454102e-02
2.980000000000000000e+02 4.888145998120307922e-02 6.933359801769256592e-02
2.990000000000000000e+02 4.884588345885276794e-02 6.926357746124267578e-02
3.000000000000000000e+02 4.874903336167335510e-02 6.914105266332626343e-02
3.010000000000000000e+02 4.874839633703231812e-02 6.909678131341934204e-02
3.020000000000000000e+02 4.868398606777191162e-02 6.907197833061218262e-02
3.030000000000000000e+02 4.866373166441917419e-02 6.905335932970046997e-02
3.040000000000000000e+02 4.853885248303413391e-02 6.901810318231582642e-02
3.050000000000000000e+02 4.848692566156387329e-02 6.894571334123611450e-02
3.060000000000000000e+02 4.849940165877342224e-02 6.874810159206390381e-02
3.070000000000000000e+02 4.839523881673812866e-02 6.889177113771438599e-02
3.080000000000000000e+02 4.843936488032341003e-02 6.878134608268737793e-02
3.090000000000000000e+02 4.825912788510322571e-02 6.883049011230468750e-02
3.100000000000000000e+02 4.827063530683517456e-02 6.866673380136489868e-02
3.110000000000000000e+02 4.825654998421669006e-02 6.869159638881683350e-02
3.120000000000000000e+02 4.823357611894607544e-02 6.855028867721557617e-02
3.130000000000000000e+02 4.814866557717323303e-02 6.846896559000015259e-02
3.140000000000000000e+02 4.806454107165336609e-02 6.862331926822662354e-02
3.150000000000000000e+02 4.804204404354095459e-02 6.841057538986206055e-02
3.160000000000000000e+02 4.802003130316734314e-02 6.835182756185531616e-02
3.170000000000000000e+02 4.801659658551216125e-02 6.838126480579376221e-02
3.180000000000000000e+02 4.789830371737480164e-02 6.825161725282669067e-02
3.190000000000000000e+02 4.787393659353256226e-02 6.832487136125564575e-02
3.200000000000000000e+02 4.780846834182739258e-02 6.811784952878952026e-02
3.210000000000000000e+02 4.777043685317039490e-02 6.797061115503311157e-02
3.220000000000000000e+02 4.773787036538124084e-02 6.809230893850326538e-02
3.230000000000000000e+02 4.766177758574485779e-02 6.797455996274948120e-02
3.240000000000000000e+02 4.757618159055709839e-02 6.809742748737335205e-02
3.250000000000000000e+02 4.757326468825340271e-02 6.790380924940109253e-02
3.260000000000000000e+02 4.753438010811805725e-02 6.791422516107559204e-02
3.270000000000000000e+02 4.747023805975914001e-02 6.782635301351547241e-02
3.280000000000000000e+02 4.745281860232353210e-02 6.771765649318695068e-02
3.290000000000000000e+02 4.743506759405136108e-02 6.759890168905258179e-02
3.300000000000000000e+02 4.735025763511657715e-02 6.781382113695144653e-02
3.310000000000000000e+02 4.733368009328842163e-02 6.751882284879684448e-02
3.320000000000000000e+02 4.727819934487342834e-02 6.736985594034194946e-02
3.330000000000000000e+02 4.721081256866455078e-02 6.740018725395202637e-02
3.340000000000000000e+02 4.716833680868148804e-02 6.748268008232116699e-02
3.350000000000000000e+02 4.713587462902069092e-02 6.752313673496246338e-02
3.360000000000000000e+02 4.708497971296310425e-02 6.742291897535324097e-02
3.370000000000000000e+02 4.707952588796615601e-02 6.727456301450729370e-02
3.380000000000000000e+02 4.699098691344261169e-02 6.732065230607986450e-02
3.390000000000000000e+02 4.698264226317405701e-02 6.717969477176666260e-02
3.400000000000000000e+02 4.695646837353706360e-02 6.720061600208282471e-02
3.410000000000000000e+02 4.689119756221771240e-02 6.708430498838424683e-02
3.420000000000000000e+02 4.683198779821395874e-02 6.710072606801986694e-02
3.430000000000000000e+02 4.680059477686882019e-02 6.707511097192764282e-02
3.440000000000000000e+02 4.676578938961029053e-02 6.700351089239120483e-02
3.450000000000000000e+02 4.670790582895278931e-02 6.708597391843795776e-02
3.460000000000000000e+02 4.668623208999633789e-02 6.682658195495605469e-02
3.470000000000000000e+02 4.662986472249031067e-02 6.680089980363845825e-02
3.480000000000000000e+02 4.657997190952301025e-02 6.666764616966247559e-02
3.490000000000000000e+02 4.654593393206596375e-02 6.659274548292160034e-02
3.500000000000000000e+02 4.647273197770118713e-02 6.665446609258651733e-02
3.510000000000000000e+02 4.644893854856491089e-02 6.658735126256942749e-02
3.520000000000000000e+02 4.645737260580062866e-02 6.662770360708236694e-02
3.530000000000000000e+02 4.642451182007789612e-02 6.653152406215667725e-02
3.540000000000000000e+02 4.635335505008697510e-02 6.648872047662734985e-02
3.550000000000000000e+02 4.637041687965393066e-02 6.656302511692047119e-02
3.560000000000000000e+02 4.630103334784507751e-02 6.636261194944381714e-02
3.570000000000000000e+02 4.627549648284912109e-02 6.643457710742950439e-02
3.580000000000000000e+02 4.619490355253219604e-02 6.616172939538955688e-02
3.590000000000000000e+02 4.612983763217926025e-02 6.629917770624160767e-02
3.600000000000000000e+02 4.617870226502418518e-02 6.624909490346908569e-02
3.610000000000000000e+02 4.605082422494888306e-02 6.624589115381240845e-02
3.620000000000000000e+02 4.600896313786506653e-02 6.616438925266265869e-02
3.630000000000000000e+02 4.600472748279571533e-02 6.600900739431381226e-02
3.640000000000000000e+02 4.596596211194992065e-02 6.599058210849761963e-02
3.650000000000000000e+02 4.590737819671630859e-02 6.580910831689834595e-02
3.660000000000000000e+02 4.587217420339584351e-02 6.603680551052093506e-02
3.670000000000000000e+02 4.585585743188858032e-02 6.592648476362228394e-02
3.680000000000000000e+02 4.583909735083580017e-02 6.592376530170440674e-02
3.690000000000000000e+02 4.572783038020133972e-02 6.561645865440368652e-02
3.700000000000000000e+02 4.572216421365737915e-02 6.568783521652221680e-02
3.710000000000000000e+02 4.572739452123641968e-02 6.550770252943038940e-02
3.720000000000000000e+02 4.565452039241790771e-02 6.566667556762695312e-02
3.730000000000000000e+02 4.563368111848831177e-02 6.563059985637664795e-02
3.740000000000000000e+02 4.560523852705955505e-02 6.556708365678787231e-02
3.750000000000000000e+02 4.560708627104759216e-02 6.550724059343338013e-02
3.760000000000000000e+02 4.549527913331985474e-02 6.547003239393234253e-02
3.770000000000000000e+02 4.545967653393745422e-02 6.538499146699905396e-02
3.780000000000000000e+02 4.548116400837898254e-02 6.535254418849945068e-02
3.790000000000000000e+02 4.538684710860252380e-02 6.541502475738525391e-02
3.800000000000000000e+02 4.531522095203399658e-02 6.526210904121398926e-02
3.810000000000000000e+02 4.530659690499305725e-02 6.527385860681533813e-02
3.820000000000000000e+02 4.528019577264785767e-02 6.519039720296859741e-02
3.830000000000000000e+02 4.530155658721923828e-02 6.516508013010025024e-02
3.840000000000000000e+02 4.524071887135505676e-02 6.506585329771041870e-02
3.850000000000000000e+02 4.520489275455474854e-02 6.508643925189971924e-02
3.860000000000000000e+02 4.514264687895774841e-02 6.498181819915771484e-02
3.870000000000000000e+02 4.511450603604316711e-02 6.510592997074127197e-02
3.880000000000000000e+02 4.504768922924995422e-02 6.506671756505966187e-02
3.890000000000000000e+02 4.508552327752113342e-02 6.503662467002868652e-02
3.900000000000000000e+02 4.501453042030334473e-02 6.508444249629974365e-02
3.910000000000000000e+02 4.497528076171875000e-02 6.470488756895065308e-02
3.920000000000000000e+02 4.501009359955787659e-02 6.474655121564865112e-02
3.930000000000000000e+02 4.491791874170303345e-02 6.486964970827102661e-02
3.940000000000000000e+02 4.484377056360244751e-02 6.483311951160430908e-02
3.950000000000000000e+02 4.485681653022766113e-02 6.464451551437377930e-02
3.960000000000000000e+02 4.483120515942573547e-02 6.473795324563980103e-02
3.970000000000000000e+02 4.480686411261558533e-02 6.466230005025863647e-02
3.980000000000000000e+02 4.477708414196968079e-02 6.443503499031066895e-02
3.990000000000000000e+02 4.471994936466217041e-02 6.448009610176086426e-02
4.000000000000000000e+02 4.473228007555007935e-02 6.450887769460678101e-02
4.010000000000000000e+02 4.466753080487251282e-02 6.447662413120269775e-02
4.020000000000000000e+02 4.463331773877143860e-02 6.454685330390930176e-02
4.030000000000000000e+02 4.457891359925270081e-02 6.431678682565689087e-02
4.040000000000000000e+02 4.454266652464866638e-02 6.445515900850296021e-02
4.050000000000000000e+02 4.453441128134727478e-02 6.414151936769485474e-02
4.060000000000000000e+02 4.447837918996810913e-02 6.432528048753738403e-02
4.070000000000000000e+02 4.440916329622268677e-02 6.416012346744537354e-02
4.080000000000000000e+02 4.438788443803787231e-02 6.427042931318283081e-02
4.090000000000000000e+02 4.439621418714523315e-02 6.409199535846710205e-02
4.100000000000000000e+02 4.433533921837806702e-02 6.402250379323959351e-02
4.110000000000000000e+02 4.433128610253334045e-02 6.408203393220901489e-02
4.120000000000000000e+02 4.430035874247550964e-02 6.399197876453399658e-02
4.130000000000000000e+02 4.424341022968292236e-02 6.404273957014083862e-02
4.140000000000000000e+02 4.425335675477981567e-02 6.405105441808700562e-02
4.150000000000000000e+02 4.411114379763603210e-02 6.413707137107849121e-02
4.160000000000000000e+02 4.413587972521781921e-02 6.382366269826889038e-02
4.170000000000000000e+02 4.413539171218872070e-02 6.392752379179000854e-02
4.180000000000000000e+02 4.406383633613586426e-02 6.380371749401092529e-02
4.190000000000000000e+02 4.410216212272644043e-02 6.376059353351593018e-02
4.200000000000000000e+02 4.405291751027107239e-02 6.374755501747131348e-02
4.210000000000000000e+02 4.403417184948921204e-02 6.373370438814163208e-02
4.220000000000000000e+02 4.395965114235877991e-02 6.371255218982696533e-02
4.230000000000000000e+02 4.392211884260177612e-02 6.363094598054885864e-02
4.240000000000000000e+02 4.390839114785194397e-02 6.352666765451431274e-02
4.250000000000000000e+02 4.385448247194290161e-02 6.346975266933441162e-02
4.260000000000000000e+02 4.385012760758399963e-02 6.334406882524490356e-02
4.270000000000000000e+02 4.381076991558074951e-02 6.351165473461151123e-02
4.280000000000000000e+02 4.380625486373901367e-02 6.356246769428253174e-02
4.290000000000000000e+02 4.370523616671562195e-02 6.341639161109924316e-02
4.300000000000000000e+02 4.372479021549224854e-02 6.349074840545654297e-02
4.310000000000000000e+02 4.373205080628395081e-02 6.325664371252059937e-02
4.320000000000000000e+02 4.369087889790534973e-02 6.344217061996459961e-02
4.330000000000000000e+02 4.365675523877143860e-02 6.340825557708740234e-02
4.340000000000000000e+02 4.359834268689155579e-02 6.325951963663101196e-02
4.350000000000000000e+02 4.355476051568984985e-02 6.328310817480087280e-02
4.360000000000000000e+02 4.356986656785011292e-02 6.330811232328414917e-02
4.370000000000000000e+02 4.357369616627693176e-02 6.321398913860321045e-02
4.380000000000000000e+02 4.353657737374305725e-02 6.329296529293060303e-02
4.390000000000000000e+02 4.353626072406768799e-02 6.313351541757583618e-02
4.400000000000000000e+02 4.340428486466407776e-02 6.315441429615020752e-02
4.410000000000000000e+02 4.343596100807189941e-02 6.304734945297241211e-02
4.420000000000000000e+02 4.341759905219078064e-02 6.304911524057388306e-02
4.430000000000000000e+02 4.341100156307220459e-02 6.318771839141845703e-02
4.440000000000000000e+02 4.337407648563385010e-02 6.304663419723510742e-02
4.450000000000000000e+02 4.336880147457122803e-02 6.301794201135635376e-02
4.460000000000000000e+02 4.327665269374847412e-02 6.300343573093414307e-02
4.470000000000000000e+02 4.326507076621055603e-02 6.299114972352981567e-02
4.480000000000000000e+02 4.323757812380790710e-02 6.292645633220672607e-02
4.490000000000000000e+02 4.320838674902915955e-02 6.274510174989700317e-02
4.500000000000000000e+02 4.325381666421890259e-02 6.286685913801193237e-02
4.510000000000000000e+02 4.318260028958320618e-02 6.265814602375030518e-02
4.520000000000000000e+02 4.313097894191741943e-02 6.261585652828216553e-02
4.530000000000000000e+02 4.310568422079086304e-02 6.270313262939453125e-02
4.540000000000000000e+02 4.314872995018959045e-02 6.282557547092437744e-02
4.550000000000000000e+02 4.304983094334602356e-02 6.269810348749160767e-02
4.560000000000000000e+02 4.304522648453712463e-02 6.280749291181564331e-02
4.570000000000000000e+02 4.304796457290649414e-02 6.262407451868057251e-02
4.580000000000000000e+02 4.296664893627166748e-02 6.262692064046859741e-02
4.590000000000000000e+02 4.294314235448837280e-02 6.255338340997695923e-02
4.600000000000000000e+02 4.294613003730773926e-02 6.252285838127136230e-02
4.610000000000000000e+02 4.293175041675567627e-02 6.260003149509429932e-02
4.620000000000000000e+02 4.291436448693275452e-02 6.247521564364433289e-02
4.630000000000000000e+02 4.290632531046867371e-02 6.252027302980422974e-02
4.640000000000000000e+02 4.287366196513175964e-02 6.245719641447067261e-02
4.650000000000000000e+02 4.285284504294395447e-02 6.231902912259101868e-02
4.660000000000000000e+02 4.286740720272064209e-02 6.249991431832313538e-02
4.670000000000000000e+02 4.275324195623397827e-02 6.231354922056198120e-02
4.680000000000000000e+02 4.271135479211807251e-02 6.230214983224868774e-02
4.690000000000000000e+02 4.271468520164489746e-02 6.232262402772903442e-02
4.700000000000000000e+02 4.269707575440406799e-02 6.238768994808197021e-02
4.710000000000000000e+02 4.269678145647048950e-02 6.213682517409324646e-02
4.720000000000000000e+02 4.266212135553359985e-02 6.224258244037628174e-02
4.730000000000000000e+02 4.264119267463684082e-02 6.223940476775169373e-02
4.740000000000000000e+02 4.267197474837303162e-02 6.214922666549682617e-02
4.750000000000000000e+02 4.260510206222534180e-02 6.214303895831108093e-02
4.760000000000000000e+02 4.262113198637962341e-02 6.208994239568710327e-02
4.770000000000000000e+02 4.255039989948272705e-02 6.205209717154502869e-02
4.780000000000000000e+02 4.258928820490837097e-02 6.195816025137901306e-02
4.790000000000000000e+02 4.256036877632141113e-02 6.200739368796348572e-02
4.800000000000000000e+02 4.247140139341354370e-02 6.198756024241447449e-02
4.810000000000000000e+02 4.247389733791351318e-02 6.199314445257186890e-02
4.820000000000000000e+02 4.248271510004997253e-02 6.193449348211288452e-02
4.830000000000000000e+02 4.246562719345092773e-02 6.188796833157539368e-02
4.840000000000000000e+02 4.242775589227676392e-02 6.185210123658180237e-02
4.850000000000000000e+02 4.240470752120018005e-02 6.189310178160667419e-02
4.860000000000000000e+02 4.235082492232322693e-02 6.186652556061744690e-02
4.870000000000000000e+02 4.233282804489135742e-02 6.185698881745338440e-02
4.880000000000000000e+02 4.237207025289535522e-02 6.188270077109336853e-02
4.890000000000000000e+02 4.231698065996170044e-02 6.178360804915428162e-02
4.900000000000000000e+02 4.232184961438179016e-02 6.183873116970062256e-02
4.910000000000000000e+02 4.229332879185676575e-02 6.172344088554382324e-02
4.920000000000000000e+02 4.225202277302742004e-02 6.184629350900650024e-02
4.930000000000000000e+02 4.222247004508972168e-02 6.177468970417976379e-02
4.940000000000000000e+02 4.222077131271362305e-02 6.173853203654289246e-02
4.950000000000000000e+02 4.217134416103363037e-02 6.162536889314651489e-02
4.960000000000000000e+02 4.221492260694503784e-02 6.166861578822135925e-02
4.970000000000000000e+02 4.212676361203193665e-02 6.151260063052177429e-02
4.980000000000000000e+02 4.210382699966430664e-02 6.168568134307861328e-02
4.990000000000000000e+02 4.212081804871559143e-02 6.154213845729827881e-02
5.000000000000000000e+02 4.206704720854759216e-02 6.173726171255111694e-02
5.010000000000000000e+02 4.203873127698898315e-02 6.165524944663047791e-02
5.020000000000000000e+02 4.211229085922241211e-02 6.161576509475708008e-02
5.030000000000000000e+02 4.202209413051605225e-02 6.154444813728332520e-02
5.040000000000000000e+02 4.204114153981208801e-02 6.144282221794128418e-02
5.050000000000000000e+02 4.195418953895568848e-02 6.156101077795028687e-02
5.060000000000000000e+02 4.196199402213096619e-02 6.150185316801071167e-02
5.070000000000000000e+02 4.191990941762924194e-02 6.131384521722793579e-02
5.080000000000000000e+02 4.194658249616622925e-02 6.134111434221267700e-02
5.090000000000000000e+02 4.195329919457435608e-02 6.124775484204292297e-02
5.100000000000000000e+02 4.188896715641021729e-02 6.129537150263786316e-02
5.110000000000000000e+02 4.190437495708465576e-02 6.131150200963020325e-02
5.120000000000000000e+02 4.187678918242454529e-02 6.127897277474403381e-02
5.130000000000000000e+02 4.191334173083305359e-02 6.130722910165786743e-02
5.140000000000000000e+02 4.181914031505584717e-02 6.132791191339492798e-02
5.150000000000000000e+02 4.181943088769912720e-02 6.132010743021965027e-02
5.160000000000000000e+02 4.177071526646614075e-02 6.125577539205551147e-02
5.170000000000000000e+02 4.175349697470664978e-02 6.122871115803718567e-02
5.180000000000000000e+02 4.171722009778022766e-02 6.114456057548522949e-02
5.190000000000000000e+02 4.175836220383644104e-02 6.108751893043518066e-02
5.200000000000000000e+02 4.171181470155715942e-02 6.107119843363761902e-02
5.210000000000000000e+02 4.166406020522117615e-02 6.112507358193397522e-02
5.220000000000000000e+02 4.162186756730079651e-02 6.111796945333480835e-02
5.230000000000000000e+02 4.166992008686065674e-02 6.097121164202690125e-02
5.240000000000000000e+02 4.168418049812316895e-02 6.100160256028175354e-02
5.250000000000000000e+02 4.161496087908744812e-02 6.101887300610542297e-02
5.260000000000000000e+02 4.163094609975814819e-02 6.117423251271247864e-02
5.270000000000000000e+02 4.161151498556137085e-02 6.100508198142051697e-02
5.280000000000000000e+02 4.156208410859107971e-02 6.091284006834030151e-02
5.290000000000000000e+02 4.155522212386131287e-02 6.093787774443626404e-02
5.300000000000000000e+02 4.158238694071769714e-02 6.089870631694793701e-02
5.310000000000000000e+02 4.160975292325019836e-02 6.093301251530647278e-02
5.320000000000000000e+02 4.154554009437561035e-02 6.085215508937835693e-02
5.330000000000000000e+02 4.148840904235839844e-02 6.095556914806365967e-02
5.340000000000000000e+02 4.151891544461250305e-02 6.093366444110870361e-02
5.350000000000000000e+02 4.145485162734985352e-02 6.090470775961875916e-02
5.360000000000000000e+02 4.145907983183860779e-02 6.073085591197013855e-02
5.370000000000000000e+02 4.145033657550811768e-02 6.082216277718544006e-02
5.380000000000000000e+02 4.141196236014366150e-02 6.077138334512710571e-02
5.390000000000000000e+02 4.141018167138099670e-02 6.083909794688224792e-02
5.400000000000000000e+02 4.141014069318771362e-02 6.083296984434127808e-02
5.410000000000000000e+02 4.138867929577827454e-02 6.067038699984550476e-02
5.420000000000000000e+02 4.132425412535667419e-02 6.060704588890075684e-02
5.430000000000000000e+02 4.134982824325561523e-02 6.060633435845375061e-02
5.440000000000000000e+02 4.138444364070892334e-02 6.075296923518180847e-02
5.450000000000000000e+02 4.134099557995796204e-02 6.058671325445175171e-02
5.460000000000000000e+02 4.128292948007583618e-02 6.071702018380165100e-02
5.470000000000000000e+02 4.129057750105857849e-02 6.057542935013771057e-02
5.480000000000000000e+02 4.126343876123428345e-02 6.061859056353569031e-02
5.490000000000000000e+02 4.118332639336585999e-02 6.052244454622268677e-02
5.500000000000000000e+02 4.128422588109970093e-02 6.065548211336135864e-02
5.510000000000000000e+02 4.124570265412330627e-02 6.047364324331283569e-02
5.520000000000000000e+02 4.118224233388900757e-02 6.054304167628288269e-02
5.530000000000000000e+02 4.114278778433799744e-02 6.050110980868339539e-02
5.540000000000000000e+02 4.120321944355964661e-02 6.044286862015724182e-02
5.550000000000000000e+02 4.120636358857154846e-02 6.051696464419364929e-02
5.560000000000000000e+02 4.113641753792762756e-02 6.053384020924568176e-02
5.570000000000000000e+02 4.109009355306625366e-02 6.038584187626838684e-02
5.580000000000000000e+02 4.110366106033325195e-02 6.034578010439872742e-02
5.590000000000000000e+02 4.111095890402793884e-02 6.026266887784004211e-02
5.600000000000000000e+02 4.113506153225898743e-02 6.039004027843475342e-02
5.610000000000000000e+02 4.111731797456741333e-02 6.027452647686004639e-02
5.620000000000000000e+02 4.103531688451766968e-02 6.016577407717704773e-02
5.630000000000000000e+02 4.105390608310699463e-02 6.022151559591293335e-02
5.640000000000000000e+02 4.105329513549804688e-02 6.027953326702117920e-02
5.650000000000000000e+02 4.104905202984809875e-02 6.018202379345893860e-02
5.660000000000000000e+02 4.103056341409683228e-02 6.022318452596664429e-02
5.670000000000000000e+02 4.098256304860115051e-02 6.020339578390121460e-02
5.680000000000000000e+02 4.100414738059043884e-02 6.021964550018310547e-02
5.690000000000000000e+02 4.099584743380546570e-02 6.012842059135437012e-02
5.700000000000000000e+02 4.095467552542686462e-02 6.021394208073616028e-02
5.710000000000000000e+02 4.099258780479431152e-02 6.005061045289039612e-02
5.720000000000000000e+02 4.093466699123382568e-02 6.009300798177719116e-02
5.730000000000000000e+02 4.095664247870445251e-02 6.014538183808326721e-02
5.740000000000000000e+02 4.090304672718048096e-02 6.008601188659667969e-02
5.750000000000000000e+02 4.092076793313026428e-02 6.013660132884979248e-02
5.760000000000000000e+02 4.087441787123680115e-02 6.006591394543647766e-02
5.770000000000000000e+02 4.080594703555107117e-02 6.015051528811454773e-02
5.780000000000000000e+02 4.084531217813491821e-02 5.989100039005279541e-02
5.790000000000000000e+02 4.085253551602363586e-02 5.996777862310409546e-02
5.800000000000000000e+02 4.088964685797691345e-02 5.987173691391944885e-02
5.810000000000000000e+02 4.081389307975769043e-02 5.999630689620971680e-02
5.820000000000000000e+02 4.080735146999359131e-02 5.996048077940940857e-02
5.830000000000000000e+02 4.079141467809677124e-02 5.981015041470527649e-02
5.840000000000000000e+02 4.079153388738632202e-02 5.973032116889953613e-02
5.850000000000000000e+02 4.077219590544700623e-02 5.988100171089172363e-02
5.860000000000000000e+02 4.074117168784141541e-02 5.977825447916984558e-02
5.870000000000000000e+02 4.074306786060333252e-02 5.977621302008628845e-02
5.880000000000000000e+02 4.076018184423446655e-02 5.985737591981887817e-02
5.890000000000000000e+02 4.075817018747329712e-02 5.983233451843261719e-02
5.900000000000000000e+02 4.074885323643684387e-02 5.979364365339279175e-02
5.910000000000000000e+02 4.070547223091125488e-02 5.970402434468269348e-02
5.920000000000000000e+02 4.071512445807456970e-02 5.963834002614021301e-02
5.930000000000000000e+02 4.064435884356498718e-02 5.972208827733993530e-02
5.940000000000000000e+02 4.064159095287322998e-02 5.970011278986930847e-02
5.950000000000000000e+02 4.067884013056755066e-02 5.980648100376129150e-02
5.960000000000000000e+02 4.067232459783554077e-02 5.957225710153579712e-02
5.970000000000000000e+02 4.061862826347351074e-02 5.976123735308647156e-02
5.980000000000000000e+02 4.066370427608489990e-02 5.966589599847793579e-02
5.990000000000000000e+02 4.062897711992263794e-02 5.941914021968841553e-02
6.000000000000000000e+02 4.062737524509429932e-02 5.953752249479293823e-02
6.010000000000000000e+02 4.058004543185234070e-02 5.963251739740371704e-02
6.020000000000000000e+02 4.060064256191253662e-02 5.949690192937850952e-02
6.030000000000000000e+02 4.059425741434097290e-02 5.966700240969657898e-02
6.040000000000000000e+02 4.061231389641761780e-02 5.952612683176994324e-02
6.050000000000000000e+02 4.058237373828887939e-02 5.943746492266654968e-02
6.060000000000000000e+02 4.059463366866111755e-02 5.958110094070434570e-02
6.070000000000000000e+02 4.051034152507781982e-02 5.945454537868499756e-02
6.080000000000000000e+02 4.053121805191040039e-02 5.943959578871726990e-02
