0.000000000000000000e+00 1.067005917429924011e-01 1.299165785312652588e-01
1.000000000000000000e+00 1.061339080333709717e-01 1.293369233608245850e-01
2.000000000000000000e+00 1.055788323283195496e-01 1.287761479616165161e-01
3.000000000000000000e+00 1.050286293029785156e-01 1.282085627317428589e-01
4.000000000000000000e+00 1.044906303286552429e-01 1.276842206716537476e-01
5.000000000000000000e+00 1.039536446332931519e-01 1.271170079708099365e-01
6.000000000000000000e+00 1.034237146377563477e-01 1.266245245933532715e-01
7.000000000000000000e+00 1.029161959886550903e-01 1.260939389467239380e-01
8.000000000000000000e+00 1.023945510387420654e-01 1.255925446748733521e-01
9.000000000000000000e+00 1.018848121166229248e-01 1.251115649938583374e-01
1.000000000000000000e+01 1.013770699501037598e-01 1.246126964688301086e-01
1.100000000000000000e+01 1.008788272738456726e-01 1.241053640842437744e-01
1.200000000000000000e+01 1.003782227635383606e-01 1.236241906881332397e-01
1.300000000000000000e+01 9.986869245767593384e-02 1.231333017349243164e-01
1.400000000000000000e+01 9.936049580574035645e-02 1.226619184017181396e-01
1.500000000000000000e+01 9.885255247354507446e-02 1.221750825643539429e-01
1.600000000000000000e+01 9.834250062704086304e-02 1.216986700892448425e-01
1.700000000000000000e+01 9.782174229621887207e-02 1.212305873632431030e-01
1.800000000000000000e+01 9.729634225368499756e-02 1.207261160016059875e-01
1.900000000000000000e+01 9.676332026720046997e-02 1.202463284134864807e-01
2.000000000000000000e+01 9.623556584119796753e-02 1.197387799620628357e-01
2.100000000000000000e+01 9.568301588296890259e-02 1.192219033837318420e-01
2.200000000000000000e+01 9.512316435575485229e-02 1.187115162611007690e-01
2.300000000000000000e+01 9.455746412277221680e-02 1.182009950280189514e-01
2.400000000000000000e+01 9.397897124290466309e-02 1.176678761839866638e-01
2.500000000000000000e+01 9.339796006679534912e-02 1.171320974826812744e-01
2.600000000000000000e+01 9.280288964509963989e-02 1.165802553296089172e-01
2.700000000000000000e+01 9.221284091472625732e-02 1.160361617803573608e-01
2.800000000000000000e+01 9.159529209136962891e-02 1.154545769095420837e-01
2.900000000000000000e+01 9.099489450454711914e-02 1.148713603615760803e-01
3.000000000000000000e+01 9.038618206977844238e-02 1.143047511577606201e-01
3.100000000000000000e+01 8.978650718927383423e-02 1.137224212288856506e-01
3.200000000000000000e+01 8.918131142854690552e-02 1.131490021944046021e-01
3.300000000000000000e+01 8.856835216283798218e-02 1.125470250844955444e-01
3.400000000000000000e+01 8.798201382160186768e-02 1.119982600212097168e-01
3.500000000000000000e+01 8.737570047378540039e-02 1.113905757665634155e-01
3.600000000000000000e+01 8.680775016546249390e-02 1.108428984880447388e-01
3.700000000000000000e+01 8.623274415731430054e-02 1.102773398160934448e-01
3.800000000000000000e+01 8.565896749496459961e-02 1.096563190221786499e-01
3.900000000000000000e+01 8.509118854999542236e-02 1.090677082538604736e-01
4.000000000000000000e+01 8.454584330320358276e-02 1.085310876369476318e-01
4.100000000000000000e+01 8.401139825582504272e-02 1.079474538564682007e-01
4.200000000000000000e+01 8.349099010229110718e-02 1.073939129710197449e-01
4.300000000000000000e+01 8.298173546791076660e-02 1.068331301212310791e-01
4.400000000000000000e+01 8.249300718307495117e-02 1.063616797327995300e-01
4.500000000000000000e+01 8.202233910560607910e-02 1.057989373803138733e-01
4.600000000000000000e+01 8.153485506772994995e-02 1.053099334239959717e-01
4.700000000000000000e+01 8.107814192771911621e-02 1.048372983932495117e-01
4.800000000000000000e+01 8.064917474985122681e-02 1.043696627020835876e-01
4.900000000000000000e+01 8.020573109388351440e-02 1.039637103676795959e-01
5.000000000000000000e+01 7.975860685110092163e-02 1.034967973828315735e-01
5.100000000000000000e+01 7.932236790657043457e-02 1.030531898140907288e-01
5.200000000000000000e+01 7.892029732465744019e-02 1.026231646537780762e-01
5.300000000000000000e+01 7.847118377685546875e-02 1.021528244018554688e-01
5.400000000000000000e+01 7.806419581174850464e-02 1.018492504954338074e-01
5.500000000000000000e+01 7.763557881116867065e-02 1.013915613293647766e-01
5.600000000000000000e+01 7.720924168825149536e-02 1.010357812047004700e-01
5.700000000000000000e+01 7.681404799222946167e-02 1.006172746419906616e-01
5.800000000000000000e+01 7.638758420944213867e-02 1.003151610493659973e-01
5.900000000000000000e+01 7.596266269683837891e-02 9.987039119005203247e-02
6.000000000000000000e+01 7.558456063270568848e-02 9.949467331171035767e-02
6.100000000000000000e+01 7.518648356199264526e-02 9.909266978502273560e-02
6.200000000000000000e+01 7.478583604097366333e-02 9.869308024644851685e-02
6.300000000000000000e+01 7.439924031496047974e-02 9.826272726058959961e-02
6.400000000000000000e+01 7.401452213525772095e-02 9.786201268434524536e-02
6.500000000000000000e+01 7.364363968372344971e-02 9.750425815582275391e-02
6.600000000000000000e+01 7.325334846973419189e-02 9.711460769176483154e-02
6.700000000000000000e+01 7.289967685937881470e-02 9.664328396320343018e-02
6.800000000000000000e+01 7.256229966878890991e-02 9.636782854795455933e-02
6.900000000000000000e+01 7.227571308612823486e-02 9.597840905189514160e-02
7.000000000000000000e+01 7.191679626703262329e-02 9.555277973413467407e-02
7.100000000000000000e+01 7.162698358297348022e-02 9.504822641611099243e-02
7.200000000000000000e+01 7.131252437829971313e-02 9.479241073131561279e-02
7.300000000000000000e+01 7.102084159851074219e-02 9.434401243925094604e-02
7.400000000000000000e+01 7.074974477291107178e-02 9.402375668287277222e-02
7.500000000000000000e+01 7.041393220424652100e-02 9.367123246192932129e-02
7.600000000000000000e+01 7.017192244529724121e-02 9.334845095872879028e-02
7.700000000000000000e+01 6.993373483419418335e-02 9.287165105342864990e-02
7.800000000000000000e+01 6.968520581722259521e-02 9.262911230325698853e-02
7.900000000000000000e+01 6.944709271192550659e-02 9.232657402753829956e-02
8.000000000000000000e+01 6.914839148521423340e-02 9.203253686428070068e-02
8.100000000000000000e+01 6.894646584987640381e-02 9.172615408897399902e-02
8.200000000000000000e+01 6.868728250265121460e-02 9.137786179780960083e-02
8.300000000000000000e+01 6.845095008611679077e-02 9.116117656230926514e-02
8.400000000000000000e+01 6.823284178972244263e-02 9.086050838232040405e-02
8.500000000000000000e+01 6.797981262207031250e-02 9.058995544910430908e-02
8.600000000000000000e+01 6.774758547544479370e-02 9.040180593729019165e-02
8.700000000000000000e+01 6.751637160778045654e-02 9.002146869897842407e-02
8.800000000000000000e+01 6.726613640785217285e-02 8.980862051248550415e-02
8.900000000000000000e+01 6.706409901380538940e-02 8.955581486225128174e-02
9.000000000000000000e+01 6.680224090814590454e-02 8.932284265756607056e-02
9.100000000000000000e+01 6.659689545631408691e-02 8.913934975862503052e-02
9.200000000000000000e+01 6.637885421514511108e-02 8.878298103809356689e-02
9.300000000000000000e+01 6.609880179166793823e-02 8.875820040702819824e-02
9.400000000000000000e+01 6.589188426733016968e-02 8.839649707078933716e-02
9.500000000000000000e+01 6.564237922430038452e-02 8.817202597856521606e-02
9.600000000000000000e+01 6.545518338680267334e-02 8.802013099193572998e-02
9.700000000000000000e+01 6.521180272102355957e-02 8.779367804527282715e-02
9.800000000000000000e+01 6.501469761133193970e-02 8.760342746973037720e-02
9.900000000000000000e+01 6.480681896209716797e-02 8.738783746957778931e-02
1.000000000000000000e+02 6.459490209817886353e-02 8.716872334480285645e-02
1.010000000000000000e+02 6.444537639617919922e-02 8.702003210783004761e-02
1.020000000000000000e+02 6.421308964490890503e-02 8.685102313756942749e-02
1.030000000000000000e+02 6.397581845521926880e-02 8.664430677890777588e-02
1.040000000000000000e+02 6.374152004718780518e-02 8.649187535047531128e-02
1.050000000000000000e+02 6.355042755603790283e-02 8.634187281131744385e-02
1.060000000000000000e+02 6.335169076919555664e-02 8.614265918731689453e-02
1.070000000000000000e+02 6.315471976995468140e-02 8.597047626972198486e-02
1.080000000000000000e+02 6.297504156827926636e-02 8.585354685783386230e-02
1.090000000000000000e+02 6.280253082513809204e-02 8.554214239120483398e-02
1.100000000000000000e+02 6.261658668518066406e-02 8.544423431158065796e-02
1.110000000000000000e+02 6.238993629813194275e-02 8.524524420499801636e-02
1.120000000000000000e+02 6.227707117795944214e-02 8.515955507755279541e-02
1.130000000000000000e+02 6.208369508385658264e-02 8.491030335426330566e-02
1.140000000000000000e+02 6.190984323620796204e-02 8.468349277973175049e-02
1.150000000000000000e+02 6.174353510141372681e-02 8.465455472469329834e-02
1.160000000000000000e+02 6.155079603195190430e-02 8.432440459728240967e-02
1.170000000000000000e+02 6.139028444886207581e-02 8.417634665966033936e-02
1.180000000000000000e+02 6.119820475578308105e-02 8.405801653861999512e-02
1.190000000000000000e+02 6.104226410388946533e-02 8.377352356910705566e-02
1.200000000000000000e+02 6.090090423822402954e-02 8.357817679643630981e-02
1.210000000000000000e+02 6.069449707865715027e-02 8.346056938171386719e-02
1.220000000000000000e+02 6.054807826876640320e-02 8.326398581266403198e-02
1.230000000000000000e+02 6.045299023389816284e-02 8.312133699655532837e-02
1.240000000000000000e+02 6.022776663303375244e-02 8.283558487892150879e-02
1.250000000000000000e+02 6.012770533561706543e-02 8.268370479345321655e-02
1.260000000000000000e+02 5.992596969008445740e-02 8.249633759260177612e-02
1.270000000000000000e+02 5.980008840560913086e-02 8.227013051509857178e-02
1.280000000000000000e+02 5.964563786983489990e-02 8.206912130117416382e-02
1.290000000000000000e+02 5.952341854572296143e-02 8.196347951889038086e-02
1.300000000000000000e+02 5.938482657074928284e-02 8.164516091346740723e-02
1.310000000000000000e+02 5.921402573585510254e-02 8.143807202577590942e-02
1.320000000000000000e+02 5.910044908523559570e-02 8.125917613506317139e-02
1.330000000000000000e+02 5.894679576158523560e-02 8.110757917165756226e-02
1.340000000000000000e+02 5.879362672567367554e-02 8.100592344999313354e-02
1.350000000000000000e+02 5.869228392839431763e-02 8.064289391040802002e-02
1.360000000000000000e+02 5.854642391204833984e-02 8.063501119613647461e-02
1.370000000000000000e+02 5.844482034444808960e-02 8.058828860521316528e-02
1.380000000000000000e+02 5.829704552888870239e-02 8.027033507823944092e-02
1.390000000000000000e+02 5.816107615828514099e-02 8.021999895572662354e-02
1.400000000000000000e+02 5.807989090681076050e-02 7.993105798959732056e-02
1.410000000000000000e+02 5.795320495963096619e-02 7.990919053554534912e-02
1.420000000000000000e+02 5.788635089993476868e-02 7.952874153852462769e-02
1.430000000000000000e+02 5.772012472152709961e-02 7.972814887762069702e-02
1.440000000000000000e+02 5.756579339504241943e-02 7.947786897420883179e-02
1.450000000000000000e+02 5.751710012555122375e-02 7.927563786506652832e-02
1.460000000000000000e+02 5.740072205662727356e-02 7.909138500690460205e-02
1.470000000000000000e+02 5.732152983546257019e-02 7.896368950605392456e-02
1.480000000000000000e+02 5.726017802953720093e-02 7.868296653032302856e-02
1.490000000000000000e+02 5.711371079087257385e-02 7.868133485317230225e-02
1.500000000000000000e+02 5.699186027050018311e-02 7.870423048734664917e-02
1.510000000000000000e+02 5.688549578189849854e-02 7.831160724163055420e-02
1.520000000000000000e+02 5.682270973920822144e-02 7.821544259786605835e-02
1.530000000000000000e+02 5.672997236251831055e-02 7.809668779373168945e-02
1.540000000000000000e+02 5.658295005559921265e-02 7.798798382282257080e-02
1.550000000000000000e+02 5.655276402831077576e-02 7.783236354589462280e-02
1.560000000000000000e+02 5.648437514901161194e-02 7.770115882158279419e-02
1.570000000000000000e+02 5.633638054132461548e-02 7.775946706533432007e-02
1.580000000000000000e+02 5.629122257232666016e-02 7.769533246755599976e-02
1.590000000000000000e+02 5.617922171950340271e-02 7.737015932798385620e-02
1.600000000000000000e+02 5.608043819665908813e-02 7.720166444778442383e-02
1.610000000000000000e+02 5.599273368716239929e-02 7.723029702901840210e-02
1.620000000000000000e+02 5.593127384781837463e-02 7.713012397289276123e-02
1.630000000000000000e+02 5.588318407535552979e-02 7.691886276006698608e-02
1.640000000000000000e+02 5.573156103491783142e-02 7.686323672533035278e-02
1.650000000000000000e+02 5.568721890449523926e-02 7.669966667890548706e-02
1.660000000000000000e+02 5.561428889632225037e-02 7.659024745225906372e-02
1.670000000000000000e+02 5.550369247794151306e-02 7.665353268384933472e-02
1.680000000000000000e+02 5.546950548887252808e-02 7.635098695755004883e-02
1.690000000000000000e+02 5.533557757735252380e-02 7.639972120523452759e-02
1.700000000000000000e+02 5.529026314616203308e-02 7.617823034524917603e-02
1.710000000000000000e+02 5.521395429968833923e-02 7.619371265172958374e-02
1.720000000000000000e+02 5.514787882566452026e-02 7.611671090126037598e-02
1.730000000000000000e+02 5.508470907807350159e-02 7.607453316450119019e-02
1.740000000000000000e+02 5.495473369956016541e-02 7.592815905809402466e-02
1.750000000000000000e+02 5.486596375703811646e-02 7.589098066091537476e-02
1.760000000000000000e+02 5.484331399202346802e-02 7.551835477352142334e-02
1.770000000000000000e+02 5.479277670383453369e-02 7.560446858406066895e-02
1.780000000000000000e+02 5.468495562672615051e-02 7.557176053524017334e-02
1.790000000000000000e+02 5.461903661489486694e-02 7.537180930376052856e-02
1.800000000000000000e+02 5.458951368927955627e-02 7.532223314046859741e-02
1.810000000000000000e+02 5.456084758043289185e-02 7.515083253383636475e-02
1.820000000000000000e+02 5.440329387784004211e-02 7.513060420751571655e-02
1.830000000000000000e+02 5.438029021024703979e-02 7.513587921857833862e-02
1.840000000000000000e+02 5.428527295589447021e-02 7.503668218851089478e-02
1.850000000000000000e+02 5.422224476933479309e-02 7.486376911401748657e-02
1.860000000000000000e+02 5.419654771685600281e-02 7.478529214859008789e-02
1.870000000000000000e+02 5.410270765423774719e-02 7.484316080808639526e-02
1.880000000000000000e+02 5.403818935155868530e-02 7.453509420156478882e-02
1.890000000000000000e+02 5.394501611590385437e-02 7.447124272584915161e-02
1.900000000000000000e+02 5.385975912213325500e-02 7.451685518026351929e-02
1.910000000000000000e+02 5.386246740818023682e-02 7.442462444305419922e-02
1.920000000000000000e+02 5.380193516612052917e-02 7.427392154932022095e-02
1.930000000000000000e+02 5.375738441944122314e-02 7.438275963068008423e-02
1.940000000000000000e+02 5.365962162613868713e-02 7.418586313724517822e-02
1.950000000000000000e+02 5.359522253274917603e-02 7.416961342096328735e-02
1.960000000000000000e+02 5.357312783598899841e-02 7.405433058738708496e-02
1.970000000000000000e+02 5.345637723803520203e-02 7.384292781352996826e-02
1.980000000000000000e+02 5.340470001101493835e-02 7.389611005783081055e-02
1.990000000000000000e+02 5.334900692105293274e-02 7.384957373142242432e-02
2.000000000000000000e+02 5.327948927879333496e-02 7.377689331769943237e-02
2.010000000000000000e+02 5.321737751364707947e-02 7.381930202245712280e-02
2.020000000000000000e+02 5.318378284573554993e-02 7.348173856735229492e-02
2.030000000000000000e+02 5.308287218213081360e-02 7.350792735815048218e-02
2.040000000000000000e+02 5.309453606605529785e-02 7.354761660099029541e-02
2.050000000000000000e+02 5.303933843970298767e-02 7.339932769536972046e-02
2.060000000000000000e+02 5.294285714626312256e-02 7.333919405937194824e-02
2.070000000000000000e+02 5.293156951665878296e-02 7.328043878078460693e-02
2.080000000000000000e+02 5.284455418586730957e-02 7.332296669483184814e-02
2.090000000000000000e+02 5.283260345458984375e-02 7.323620468378067017e-02
2.100000000000000000e+02 5.270366370677947998e-02 7.318482547998428345e-02
2.110000000000000000e+02 5.272081494331359863e-02 7.317990809679031372e-02
2.120000000000000000e+02 5.262640863656997681e-02 7.303504645824432373e-02
2.130000000000000000e+02 5.257136747241020203e-02 7.297424972057342529e-02
2.140000000000000000e+02 5.250876396894454956e-02 7.278778403997421265e-02
2.150000000000000000e+02 5.245595425367355347e-02 7.280790060758590698e-02
2.160000000000000000e+02 5.244936048984527588e-02 7.273165136575698853e-02
2.170000000000000000e+02 5.235763639211654663e-02 7.276828587055206299e-02
2.180000000000000000e+02 5.233737826347351074e-02 7.264270633459091187e-02
2.190000000000000000e+02 5.221653357148170471e-02 7.260057330131530762e-02
2.200000000000000000e+02 5.219402536749839783e-02 7.245937734842300415e-02
2.210000000000000000e+02 5.215765908360481262e-02 7.253900170326232910e-02
2.220000000000000000e+02 5.214307829737663269e-02 7.244350761175155640e-02
2.230000000000000000e+02 5.207190290093421936e-02 7.238718122243881226e-02
2.240000000000000000e+02 5.199820920825004578e-02 7.218143343925476074e-02
2.250000000000000000e+02 5.195800587534904480e-02 7.230358570814132690e-02
2.260000000000000000e+02 5.193359032273292542e-02 7.215558737516403198e-02
2.270000000000000000e+02 5.188804864883422852e-02 7.222154736518859863e-02
2.280000000000000000e+02 5.183999612927436829e-02 7.211312651634216309e-02
2.290000000000000000e+02 5.181588977575302124e-02 7.206685096025466919e-02
2.300000000000000000e+02 5.170445144176483154e-02 7.211635261774063110e-02
2.310000000000000000e+02 5.166902393102645874e-02 7.195348292589187622e-02
2.320000000000000000e+02 5.159673839807510376e-02 7.198663055896759033e-02
2.330000000000000000e+02 5.151589587330818176e-02 7.183028757572174072e-02
2.340000000000000000e+02 5.154703930020332336e-02 7.177536934614181519e-02
2.350000000000000000e+02 5.148263275623321533e-02 7.181847095489501953e-02
2.360000000000000000e+02 5.146623402833938599e-02 7.171001285314559937e-02
2.370000000000000000e+02 5.135126784443855286e-02 7.174243777990341187e-02
2.380000000000000000e+02 5.134128034114837646e-02 7.158719003200531006e-02
2.390000000000000000e+02 5.128977447748184204e-02 7.161768525838851929e-02
2.400000000000000000e+02 5.121790617704391479e-02 7.148496061563491821e-02
2.410000000000000000e+02 5.123257264494895935e-02 7.138641923666000366e-02
2.420000000000000000e+02 5.116693302989006042e-02 7.131320238113403320e-02
2.430000000000000000e+02 5.108447745442390442e-02 7.137832790613174438e-02
2.440000000000000000e+02 5.103405565023422241e-02 7.115485519170761108e-02
2.450000000000000000e+02 5.101408809423446655e-02 7.116942107677459717e-02
2.460000000000000000e+02 5.101836472749710083e-02 7.116203755140304565e-02
2.470000000000000000e+02 5.094815790653228760e-02 7.105126231908798218e-02
2.480000000000000000e+02 5.091905221343040466e-02 7.124037295579910278e-02
2.490000000000000000e+02 5.079065635800361633e-02 7.113246619701385498e-02
2.500000000000000000e+02 5.078966915607452393e-02 7.109408825635910034e-02
2.510000000000000000e+02 5.077215284109115601e-02 7.112905383110046387e-02
2.520000000000000000e+02 5.069022253155708313e-02 7.106452435255050659e-02
2.530000000000000000e+02 5.062432214617729187e-02 7.081016898155212402e-02
2.540000000000000000e+02 5.060762166976928711e-02 7.082434743642807007e-02
2.550000000000000000e+02 5.054347962141036987e-02 7.094907760620117188e-02
2.560000000000000000e+02 5.055135115981101990e-02 7.092723250389099121e-02
2.570000000000000000e+02 5.054344981908798218e-02 7.081422209739685059e-02
2.580000000000000000e+02 5.048643052577972412e-02 7.079771906137466431e-02
2.590000000000000000e+02 5.041881650686264038e-02 7.049723714590072632e-02
2.600000000000000000e+02 5.039763450622558594e-02 7.060924172401428223e-02
2.610000000000000000e+02 5.035043507814407349e-02 7.054620236158370972e-02
2.620000000000000000e+02 5.033503845334053040e-02 7.051651924848556519e-02
2.630000000000000000e+02 5.026392638683319092e-02 7.050002366304397583e-02
2.640000000000000000e+02 5.023172125220298767e-02 7.039632648229598999e-02
2.650000000000000000e+02 5.019060522317886353e-02 7.038146257400512695e-02
2.660000000000000000e+02 5.012197792530059814e-02 7.034786045551300049e-02
2.670000000000000000e+02 5.011073127388954163e-02 7.028497010469436646e-02
2.680000000000000000e+02 5.006948858499526978e-02 7.031249254941940308e-02
2.690000000000000000e+02 4.996379092335700989e-02 7.013574242591857910e-02
2.700000000000000000e+02 4.994334280490875244e-02 7.001482695341110229e-02
2.710000000000000000e+02 4.989206045866012573e-02 7.018465548753738403e-02
2.720000000000000000e+02 4.989048466086387634e-02 7.012309879064559937e-02
2.730000000000000000e+02 4.980458319187164307e-02 7.016219198703765869e-02
2.740000000000000000e+02 4.978322237730026245e-02 6.993433088064193726e-02
2.750000000000000000e+02 4.979420453310012817e-02 7.001034915447235107e-02
2.760000000000000000e+02 4.975595325231552124e-02 6.981234252452850342e-02
2.770000000000000000e+02 4.964190721511840820e-02 6.979320943355560303e-02
2.780000000000000000e+02 4.966951161623001099e-02 6.996873021125793457e-02
2.790000000000000000e+02 4.963009804487228394e-02 6.985189020633697510e-02
2.800000000000000000e+02 4.958263039588928223e-02 6.976649165153503418e-02
2.810000000000000000e+02 4.953191801905632019e-02 6.977293640375137329e-02
2.820000000000000000e+02 4.955186694860458374e-02 6.981889903545379639e-02
2.830000000000000000e+02 4.949158430099487305e-02 6.976599991321563721e-02
2.840000000000000000e+02 4.946522414684295654e-02 6.960453093051910400e-02
2.850000000000000000e+02 4.941326379776000977e-02 6.943659484386444092e-02
2.860000000000000000e+02 4.938730224967002869e-02 6.939923018217086792e-02
2.870000000000000000e+02 4.928978532552719116e-02 6.949838250875473022e-02
2.880000000000000000e+02 4.926588013768196106e-02 6.943252682685852051e-02
2.890000000000000000e+02 4.924923554062843323e-02 6.945305317640304565e-02
2.900000000000000000e+02 4.925585910677909851e-02 6.936317682266235352e-02
2.910000000000000000e+02 4.917057976126670837e-02 6.921587884426116943e-02
2.920000000000000000e+02 4.913464561104774475e-02 6.936550885438919067e-02
2.930000000000000000e+02 4.910949245095252991e-02 6.928896903991699219e-02
2.940000000000000000e+02 4.901580139994621277e-02 6.932798027992248535e-02
2.950000000000000000e+02 4.907086864113807678e-02 6.921643763780593872e-02
2.960000000000000000e+02 4.898874461650848389e-02 6.903361529111862183e-02
2.970000000000000000e+02 4.895428195595741272e-02 6.923166662454605103e-02
2.980000000000000000e+02 4.894153773784637451e-02 6.904582679271697998e-02
2.990000000000000000e+02 4.884352535009384155e-02 6.905695796012878418e-02
3.000000000000000000e+02 4.887695237994194031e-02 6.900542974472045898e-02
3.010000000000000000e+02 4.882421717047691345e-02 6.888267397880554199e-02
3.020000000000000000e+02 4.876336827874183655e-02 6.885381788015365601e-02
3.030000000000000000e+02 4.872370138764381409e-02 6.888233870267868042e-02
3.040000000000000000e+02 4.874622076749801636e-02 6.886879354715347290e-02
3.050000000000000000e+02 4.875142127275466919e-02 6.875017285346984863e-02
3.060000000000000000e+02 4.861687123775482178e-02 6.872956454753875732e-02
3.070000000000000000e+02 4.860430955886840820e-02 6.876058131456375122e-02
3.080000000000000000e+02 4.854544997215270996e-02 6.876279413700103760e-02
3.090000000000000000e+02 4.852853715419769287e-02 6.875130534172058105e-02
3.100000000000000000e+02 4.852065443992614746e-02 6.869240105152130127e-02
3.110000000000000000e+02 4.847101494669914246e-02 6.862951070070266724e-02
3.120000000000000000e+02 4.843616858124732971e-02 6.848424673080444336e-02
3.130000000000000000e+02 4.841535165905952454e-02 6.861874461174011230e-02
3.140000000000000000e+02 4.843156784772872925e-02 6.851541250944137573e-02
3.150000000000000000e+02 4.836576431989669800e-02 6.834982335567474365e-02
3.160000000000000000e+02 4.830876737833023071e-02 6.835325062274932861e-02
3.170000000000000000e+02 4.828267544507980347e-02 6.836159527301788330e-02
3.180000000000000000e+02 4.826459288597106934e-02 6.826952099800109863e-02
3.190000000000000000e+02 4.819047451019287109e-02 6.820017099380493164e-02
3.200000000000000000e+02 4.816547781229019165e-02 6.803328543901443481e-02
3.210000000000000000e+02 4.814463108777999878e-02 6.820466369390487671e-02
3.220000000000000000e+02 4.818379506468772888e-02 6.800197809934616089e-02
3.230000000000000000e+02 4.808304458856582642e-02 6.805449724197387695e-02
3.240000000000000000e+02 4.805610701441764832e-02 6.792597472667694092e-02
3.250000000000000000e+02 4.804408550262451172e-02 6.802985817193984985e-02
3.260000000000000000e+02 4.802541062235832214e-02 6.789044290781021118e-02
3.270000000000000000e+02 4.800201952457427979e-02 6.805326789617538452e-02
3.280000000000000000e+02 4.794391244649887085e-02 6.771023571491241455e-02
3.290000000000000000e+02 4.790024459362030029e-02 6.794043630361557007e-02
3.300000000000000000e+02 4.788604378700256348e-02 6.793646514415740967e-02
3.310000000000000000e+02 4.781859368085861206e-02 6.786402314901351929e-02
3.320000000000000000e+02 4.780163988471031189e-02 6.778173893690109253e-02
3.330000000000000000e+02 4.780008643865585327e-02 6.777387857437133789e-02
3.340000000000000000e+02 4.778831824660301208e-02 6.770678609609603882e-02
3.350000000000000000e+02 4.772684723138809204e-02 6.769706308841705322e-02
3.360000000000000000e+02 4.765772819519042969e-02 6.753586232662200928e-02
3.370000000000000000e+02 4.768456146121025085e-02 6.755420565605163574e-02
3.380000000000000000e+02 4.762462154030799866e-02 6.759034842252731323e-02
3.390000000000000000e+02 4.763531312346458435e-02 6.762229651212692261e-02
3.400000000000000000e+02 4.757797718048095703e-02 6.753662228584289551e-02
3.410000000000000000e+02 4.759929701685905457e-02 6.747699528932571411e-02
3.420000000000000000e+02 4.749337583780288696e-02 6.741007417440414429e-02
3.430000000000000000e+02 4.752853140234947205e-02 6.730537116527557373e-02
3.440000000000000000e+02 4.745587706565856934e-02 6.744708865880966187e-02
3.450000000000000000e+02 4.740785434842109680e-02 6.751089543104171753e-02
3.460000000000000000e+02 4.737116023898124695e-02 6.735588610172271729e-02
3.470000000000000000e+02 4.738184437155723572e-02 6.721366941928863525e-02
3.480000000000000000e+02 4.733713343739509583e-02 6.722386926412582397e-02
3.490000000000000000e+02 4.734251648187637329e-02 6.723344326019287109e-02
3.500000000000000000e+02 4.727494716644287109e-02 6.739780306816101074e-02
3.510000000000000000e+02 4.725582897663116455e-02 6.705740094184875488e-02
3.520000000000000000e+02 4.719695076346397400e-02 6.712552905082702637e-02
3.530000000000000000e+02 4.715139046311378479e-02 6.705575436353683472e-02
3.540000000000000000e+02 4.717941954731941223e-02 6.706382334232330322e-02
3.550000000000000000e+02 4.717276617884635925e-02 6.709392368793487549e-02
3.560000000000000000e+02 4.711928591132164001e-02 6.701648980379104614e-02
3.570000000000000000e+02 4.708753526210784912e-02 6.674004346132278442e-02
3.580000000000000000e+02 4.710536822676658630e-02 6.692244857549667358e-02
3.590000000000000000e+02 4.702745378017425537e-02 6.682321429252624512e-02
3.600000000000000000e+02 4.698903486132621765e-02 6.688772141933441162e-02
3.610000000000000000e+02 4.692596942186355591e-02 6.672553718090057373e-02
3.620000000000000000e+02 4.690661281347274780e-02 6.667994707822799683e-02
3.630000000000000000e+02 4.692018032073974609e-02 6.673982739448547363e-02
3.640000000000000000e+02 4.682998731732368469e-02 6.685607880353927612e-02
3.650000000000000000e+02 4.686068370938301086e-02 6.652339547872543335e-02
3.660000000000000000e+02 4.678640142083168030e-02 6.661158800125122070e-02
3.670000000000000000e+02 4.674445837736129761e-02 6.656721979379653931e-02
3.680000000000000000e+02 4.678660258650779724e-02 6.656857579946517944e-02
3.690000000000000000e+02 4.673906415700912476e-02 6.645889580249786377e-02
3.700000000000000000e+02 4.672774299979209900e-02 6.643006950616836548e-02
3.710000000000000000e+02 4.667141288518905640e-02 6.631643325090408325e-02
3.720000000000000000e+02 4.665213823318481445e-02 6.646227091550827026e-02
3.730000000000000000e+02 4.663335904479026794e-02 6.624141335487365723e-02
3.740000000000000000e+02 4.655788838863372803e-02 6.632199138402938843e-02
3.750000000000000000e+02 4.662219062447547913e-02 6.610570847988128662e-02
3.760000000000000000e+02 4.654049873352050781e-02 6.618854403495788574e-02
3.770000000000000000e+02 4.651810973882675171e-02 6.627131253480911255e-02
3.780000000000000000e+02 4.649728536605834961e-02 6.628744304180145264e-02
3.790000000000000000e+02 4.647610336542129517e-02 6.613741815090179443e-02
3.800000000000000000e+02 4.641538858413696289e-02 6.605986505746841431e-02
3.810000000000000000e+02 4.641915857791900635e-02 6.610818952322006226e-02
3.820000000000000000e+02 4.640370607376098633e-02 6.613808125257492065e-02
3.830000000000000000e+02 4.635122045874595642e-02 6.606193631887435913e-02
3.840000000000000000e+02 4.628688469529151917e-02 6.592631340026855469e-02
3.850000000000000000e+02 4.630337655544281006e-02 6.592417508363723755e-02
3.860000000000000000e+02 4.622229561209678650e-02 6.584059447050094604e-02
3.870000000000000000e+02 4.623166099190711975e-02 6.599996984004974365e-02
3.880000000000000000e+02 4.621115699410438538e-02 6.580343097448348999e-02
3.890000000000000000e+02 4.620843380689620972e-02 6.583184748888015747e-02
3.900000000000000000e+02 4.616025462746620178e-02 6.572221219539642334e-02
3.910000000000000000e+02 4.611941054463386536e-02 6.586632132530212402e-02
3.920000000000000000e+02 4.607921838760375977e-02 6.563563644886016846e-02
3.930000000000000000e+02 4.608274996280670166e-02 6.577063351869583130e-02
3.940000000000000000e+02 4.604500904679298401e-02 6.571622192859649658e-02
3.950000000000000000e+02 4.599863290786743164e-02 6.568276137113571167e-02
3.960000000000000000e+02 4.602755233645439148e-02 6.551365554332733154e-02
3.970000000000000000e+02 4.596745222806930542e-02 6.564743816852569580e-02
3.980000000000000000e+02 4.596418514847755432e-02 6.561207771301269531e-02
3.990000000000000000e+02 4.591519385576248169e-02 6.538824737071990967e-02
4.000000000000000000e+02 4.591189324855804443e-02 6.543628871440887451e-02
4.010000000000000000e+02 4.590367525815963745e-02 6.540811061859130859e-02
4.020000000000000000e+02 4.586982727050781250e-02 6.535966694355010986e-02
4.030000000000000000e+02 4.578163102269172668e-02 6.551071256399154663e-02
4.040000000000000000e+02 4.577254876494407654e-02 6.530199944972991943e-02
4.050000000000000000e+02 4.569507762789726257e-02 6.525444984436035156e-02
4.060000000000000000e+02 4.569153487682342529e-02 6.527172774076461792e-02
4.070000000000000000e+02 4.570214077830314636e-02 6.507854908704757690e-02
4.080000000000000000e+02 4.571123421192169189e-02 6.524261832237243652e-02
4.090000000000000000e+02 4.568741843104362488e-02 6.505507230758666992e-02
4.100000000000000000e+02 4.561127349734306335e-02 6.519743800163269043e-02
4.110000000000000000e+02 4.554644972085952759e-02 6.522184610366821289e-02
4.120000000000000000e+02 4.562463611364364624e-02 6.510804593563079834e-02
4.130000000000000000e+02 4.557300359010696411e-02 6.517656892538070679e-02
4.140000000000000000e+02 4.546586424112319946e-02 6.489478796720504761e-02
4.150000000000000000e+02 4.547958448529243469e-02 6.505437940359115601e-02
4.160000000000000000e+02 4.541087523102760315e-02 6.500298529863357544e-02
4.170000000000000000e+02 4.542336612939834595e-02 6.492767482995986938e-02
4.180000000000000000e+02 4.545005038380622864e-02 6.506206840276718140e-02
4.190000000000000000e+02 4.538400471210479736e-02 6.487311422824859619e-02
4.200000000000000000e+02 4.541992768645286560e-02 6.489397585391998291e-02
4.210000000000000000e+02 4.534121602773666382e-02 6.486912816762924194e-02
4.220000000000000000e+02 4.535842686891555786e-02 6.476798653602600098e-02
4.230000000000000000e+02 4.533543065190315247e-02 6.482507288455963135e-02
4.240000000000000000e+02 4.530894383788108826e-02 6.488040834665298462e-02
4.250000000000000000e+02 4.528708383440971375e-02 6.466699391603469849e-02
4.260000000000000000e+02 4.522528126835823059e-02 6.482768058776855469e-02
4.270000000000000000e+02 4.522701352834701538e-02 6.459437310695648193e-02
4.280000000000000000e+02 4.517226293683052063e-02 6.450979411602020264e-02
4.290000000000000000e+02 4.517488926649093628e-02 6.461359560489654541e-02
4.300000000000000000e+02 4.508754238486289978e-02 6.464659422636032104e-02
4.310000000000000000e+02 4.504093900322914124e-02 6.463719904422760010e-02
4.320000000000000000e+02 4.513333365321159363e-02 6.447061151266098022e-02
4.330000000000000000e+02 4.505839198827743530e-02 6.447669863700866699e-02
4.340000000000000000e+02 4.507168754935264587e-02 6.454391032457351685e-02
4.350000000000000000e+02 4.506345838308334351e-02 6.448144465684890747e-02
4.360000000000000000e+02 4.501717537641525269e-02 6.442433595657348633e-02
4.370000000000000000e+02 4.494918137788772583e-02 6.436228752136230469e-02
4.380000000000000000e+02 4.488163068890571594e-02 6.427039206027984619e-02
4.390000000000000000e+02 4.491915553808212280e-02 6.436740607023239136e-02
4.400000000000000000e+02 4.489138349890708923e-02 6.419677287340164185e-02
4.410000000000000000e+02 4.479662328958511353e-02 6.427493691444396973e-02
4.420000000000000000e+02 4.481701925396919250e-02 6.419942528009414673e-02
4.430000000000000000e+02 4.487146064639091492e-02 6.425554305315017700e-02
4.440000000000000000e+02 4.476266726851463318e-02 6.432455033063888550e-02
4.450000000000000000e+02 4.476609081029891968e-02 6.421345472335815430e-02
4.460000000000000000e+02 4.470116645097732544e-02 6.414905190467834473e-02
4.470000000000000000e+02 4.472880437970161438e-02 6.429906189441680908e-02
4.480000000000000000e+02 4.472377523779869080e-02 6.405801326036453247e-02
4.490000000000000000e+02 4.467664659023284912e-02 6.406967341899871826e-02
4.500000000000000000e+02 4.464037343859672546e-02 6.395780295133590698e-02
4.510000000000000000e+02 4.463268816471099854e-02 6.405247747898101807e-02
4.520000000000000000e+02 4.460313543677330017e-02 6.402532011270523071e-02
4.530000000000000000e+02 4.457869753241539001e-02 6.405439227819442749e-02
4.540000000000000000e+02 4.456835985183715820e-02 6.383939832448959351e-02
4.550000000000000000e+02 4.454045370221138000e-02 6.393138319253921509e-02
4.560000000000000000e+02 4.451767355203628540e-02 6.379139423370361328e-02
4.570000000000000000e+02 4.446171596646308899e-02 6.395798176527023315e-02
4.580000000000000000e+02 4.449784010648727417e-02 6.373648345470428467e-02
4.590000000000000000e+02 4.447683691978454590e-02 6.380645185708999634e-02
4.600000000000000000e+02 4.447006806731224060e-02 6.367769837379455566e-02
4.610000000000000000e+02 4.434310644865036011e-02 6.385318934917449951e-02
4.620000000000000000e+02 4.436944425106048584e-02 6.371048092842102051e-02
4.630000000000000000e+02 4.436407238245010376e-02 6.361830979585647583e-02
4.640000000000000000e+02 4.436036944389343262e-02 6.365244090557098389e-02
4.650000000000000000e+02 4.428743571043014526e-02 6.351608783006668091e-02
4.660000000000000000e+02 4.432633891701698303e-02 6.360927224159240723e-02
4.670000000000000000e+02 4.430837184190750122e-02 6.361382454633712769e-02
4.680000000000000000e+02 4.427067562937736511e-02 6.357759982347488403e-02
4.690000000000000000e+02 4.422574490308761597e-02 6.358352303504943848e-02
4.700000000000000000e+02 4.425550624728202820e-02 6.326016038656234741e-02
4.710000000000000000e+02 4.420030117034912109e-02 6.355339288711547852e-02
4.720000000000000000e+02 4.417584463953971863e-02 6.346812844276428223e-02
4.730000000000000000e+02 4.415540769696235657e-02 6.345648318529129028e-02
4.740000000000000000e+02 4.417016357183456421e-02 6.346664577722549438e-02
4.750000000000000000e+02 4.410578683018684387e-02 6.335747987031936646e-02
4.760000000000000000e+02 4.412639141082763672e-02 6.334419548511505127e-02
4.770000000000000000e+02 4.402047023177146912e-02 6.322319060564041138e-02
4.780000000000000000e+02 4.408237710595130920e-02 6.344439089298248291e-02
4.790000000000000000e+02 4.404299333691596985e-02 6.321844458580017090e-02
4.800000000000000000e+02 4.405760765075683594e-02 6.341215223073959351e-02
4.810000000000000000e+02 4.401237890124320984e-02 6.316335499286651611e-02
4.820000000000000000e+02 4.401918128132820129e-02 6.319389492273330688e-02
4.830000000000000000e+02 4.398997500538825989e-02 6.324641406536102295e-02
4.840000000000000000e+02 4.395828396081924438e-02 6.316145509481430054e-02
4.850000000000000000e+02 4.389843344688415527e-02 6.306443363428115845e-02
4.860000000000000000e+02 4.384638741612434387e-02 6.314401328563690186e-02
4.870000000000000000e+02 4.382460191845893860e-02 6.318937242031097412e-02
4.880000000000000000e+02 4.388339072465896606e-02 6.299653649330139160e-02
4.890000000000000000e+02 4.381589218974113464e-02 6.288832426071166992e-02
4.900000000000000000e+02 4.378459602594375610e-02 6.307613849639892578e-02
4.910000000000000000e+02 4.376579448580741882e-02 6.297479569911956787e-02
4.920000000000000000e+02 4.374680668115615845e-02 6.299857050180435181e-02
4.930000000000000000e+02 4.379867389798164368e-02 6.295875459909439087e-02
4.940000000000000000e+02 4.372869804501533508e-02 6.288892775774002075e-02
4.950000000000000000e+02 4.374071583151817322e-02 6.290123611688613892e-02
4.960000000000000000e+02 4.362544044852256775e-02 6.278042495250701904e-02
4.970000000000000000e+02 4.370325431227684021e-02 6.281337887048721313e-02
4.980000000000000000e+02 4.367674142122268677e-02 6.282556802034378052e-02
4.990000000000000000e+02 4.358499869704246521e-02 6.275012344121932983e-02
5.000000000000000000e+02 4.360618069767951965e-02 6.263866275548934937e-02
5.010000000000000000e+02 4.358593001961708069e-02 6.272090971469879150e-02
5.020000000000000000e+02 4.361627623438835144e-02 6.264196336269378662e-02
5.030000000000000000e+02 4.360491782426834106e-02 6.283372640609741211e-02
5.040000000000000000e+02 4.356553405523300171e-02 6.261536478996276855e-02
5.050000000000000000e+02 4.358134791254997253e-02 6.267873942852020264e-02
5.060000000000000000e+02 4.353789240121841431e-02 6.252557039260864258e-02
5.070000000000000000e+02 4.352030530571937561e-02 6.269184499979019165e-02
5.080000000000000000e+02 4.344367235898971558e-02 6.257013976573944092e-02
5.090000000000000000e+02 4.340186715126037598e-02 6.252488493919372559e-02
5.100000000000000000e+02 4.341361671686172485e-02 6.253386288881301880e-02
5.110000000000000000e+02 4.336220771074295044e-02 6.260370463132858276e-02
5.120000000000000000e+02 4.341079667210578918e-02 6.259550899267196655e-02
5.130000000000000000e+02 4.335214942693710327e-02 6.244815513491630554e-02
5.140000000000000000e+02 4.334243386983871460e-02 6.230549886822700500e-02
5.150000000000000000e+02 4.332262277603149414e-02 6.241697445511817932e-02
5.160000000000000000e+02 4.328435659408569336e-02 6.242700293660163879e-02
5.170000000000000000e+02 4.329928383231163025e-02 6.238665804266929626e-02
5.180000000000000000e+02 4.331010952591896057e-02 6.235607713460922241e-02
5.190000000000000000e+02 4.323942214250564575e-02 6.230216473340988159e-02
5.200000000000000000e+02 4.324124753475189209e-02 6.219311431050300598e-02
5.210000000000000000e+02 4.321505501866340637e-02 6.230382621288299561e-02
5.220000000000000000e+02 4.322990030050277710e-02 6.220662593841552734e-02
5.230000000000000000e+02 4.324715957045555115e-02 6.228414922952651978e-02
5.240000000000000000e+02 4.317395016551017761e-02 6.219882145524024963e-02
5.250000000000000000e+02 4.318141937255859375e-02 6.220923736691474915e-02
5.260000000000000000e+02 4.315345361828804016e-02 6.226562708616256714e-02
5.270000000000000000e+02 4.314222559332847595e-02 6.217695400118827820e-02
5.280000000000000000e+02 4.314026981592178345e-02 6.209087744355201721e-02
5.290000000000000000e+02 4.311645776033401489e-02 6.209237128496170044e-02
5.300000000000000000e+02 4.301280528306961060e-02 6.224437057971954346e-02
5.310000000000000000e+02 4.302835837006568909e-02 6.216723844408988953e-02
5.320000000000000000e+02 4.302461072802543640e-02 6.186542659997940063e-02
5.330000000000000000e+02 4.301752150058746338e-02 6.211675330996513367e-02
5.340000000000000000e+02 4.298211634159088135e-02 6.200480833649635315e-02
5.350000000000000000e+02 4.295487701892852783e-02 6.196842342615127563e-02
5.360000000000000000e+02 4.296689480543136597e-02 6.200616806745529175e-02
5.370000000000000000e+02 4.294375702738761902e-02 6.190167367458343506e-02
5.380000000000000000e+02 4.293196648359298706e-02 6.205742061138153076e-02
5.390000000000000000e+02 4.289792850613594055e-02 6.194645911455154419e-02
5.400000000000000000e+02 4.284876957535743713e-02 6.197429075837135315e-02
5.410000000000000000e+02 4.288068786263465881e-02 6.187886744737625122e-02
