0.000000000000000000e+00 1.257817298173904419e-01 1.369963586330413818e-01
1.000000000000000000e+00 1.255806684494018555e-01 1.368946880102157593e-01
2.000000000000000000e+00 1.253671199083328247e-01 1.367055475711822510e-01
3.000000000000000000e+00 1.251159757375717163e-01 1.365875005722045898e-01
4.000000000000000000e+00 1.248821914196014404e-01 1.364839524030685425e-01
5.000000000000000000e+00 1.246774941682815552e-01 1.363275945186614990e-01
6.000000000000000000e+00 1.244895383715629578e-01 1.361641138792037964e-01
7.000000000000000000e+00 1.242846399545669556e-01 1.360102891921997070e-01
8.000000000000000000e+00 1.240788623690605164e-01 1.359619796276092529e-01
9.000000000000000000e+00 1.238409057259559631e-01 1.358257681131362915e-01
1.000000000000000000e+01 1.236469000577926636e-01 1.357171982526779175e-01
1.100000000000000000e+01 1.234455406665802002e-01 1.356367915868759155e-01
1.200000000000000000e+01 1.232249140739440918e-01 1.353835612535476685e-01
1.300000000000000000e+01 1.230259910225868225e-01 1.354021281003952026e-01
1.400000000000000000e+01 1.228183209896087646e-01 1.352189034223556519e-01
1.500000000000000000e+01 1.226247847080230713e-01 1.350413411855697632e-01
1.600000000000000000e+01 1.224173083901405334e-01 1.349866688251495361e-01
1.700000000000000000e+01 1.222354099154472351e-01 1.348840892314910889e-01
1.800000000000000000e+01 1.220403760671615601e-01 1.347230821847915649e-01
1.900000000000000000e+01 1.218698695302009583e-01 1.346156299114227295e-01
2.000000000000000000e+01 1.216431930661201477e-01 1.345454156398773193e-01
2.100000000000000000e+01 1.214713752269744873e-01 1.344124227762222290e-01
2.200000000000000000e+01 1.212587207555770874e-01 1.342457979917526245e-01
2.300000000000000000e+01 1.210667863488197327e-01 1.341131180524826050e-01
2.400000000000000000e+01 1.209034770727157593e-01 1.339932680130004883e-01
2.500000000000000000e+01 1.207306608557701111e-01 1.339791715145111084e-01
2.600000000000000000e+01 1.205553188920021057e-01 1.338146179914474487e-01
2.700000000000000000e+01 1.203555092215538025e-01 1.336563676595687866e-01
2.800000000000000000e+01 1.201814934611320496e-01 1.335681378841400146e-01
2.900000000000000000e+01 1.200118288397789001e-01 1.334190666675567627e-01
3.000000000000000000e+01 1.198297217488288879e-01 1.334137469530105591e-01
3.100000000000000000e+01 1.196455806493759155e-01 1.332657039165496826e-01
3.200000000000000000e+01 1.194645762443542480e-01 1.332163661718368530e-01
3.300000000000000000e+01 1.193027496337890625e-01 1.330662518739700317e-01
3.400000000000000000e+01 1.191313937306404114e-01 1.329528391361236572e-01
3.500000000000000000e+01 1.189543530344963074e-01 1.328317672014236450e-01
3.600000000000000000e+01 1.188099235296249390e-01 1.327887326478958130e-01
3.700000000000000000e+01 1.186573207378387451e-01 1.326492875814437866e-01
3.800000000000000000e+01 1.184633895754814148e-01 1.324982494115829468e-01
3.900000000000000000e+01 1.182988286018371582e-01 1.323748826980590820e-01
4.000000000000000000e+01 1.181639581918716431e-01 1.323544979095458984e-01
4.100000000000000000e+01 1.179752573370933533e-01 1.322338283061981201e-01
4.200000000000000000e+01 1.178346872329711914e-01 1.321768611669540405e-01
4.300000000000000000e+01 1.176691651344299316e-01 1.320170164108276367e-01
4.400000000000000000e+01 1.175163835287094116e-01 1.318798959255218506e-01
4.500000000000000000e+01 1.173812523484230042e-01 1.317586153745651245e-01
4.600000000000000000e+01 1.172445937991142273e-01 1.317160874605178833e-01
4.700000000000000000e+01 1.170694008469581604e-01 1.316728889942169189e-01
4.800000000000000000e+01 1.169131025671958923e-01 1.315035670995712280e-01
4.900000000000000000e+01 1.167697980999946594e-01 1.314318329095840454e-01
5.000000000000000000e+01 1.166264191269874573e-01 1.313437968492507935e-01
5.100000000000000000e+01 1.164963543415069580e-01 1.312016844749450684e-01
5.200000000000000000e+01 1.163102164864540100e-01 1.311419606208801270e-01
5.300000000000000000e+01 1.161819472908973694e-01 1.310813426971435547e-01
5.400000000000000000e+01 1.160388663411140442e-01 1.309860944747924805e-01
5.500000000000000000e+01 1.158864274621009827e-01 1.309150606393814087e-01
5.600000000000000000e+01 1.157461330294609070e-01 1.307717114686965942e-01
5.700000000000000000e+01 1.155987232923507690e-01 1.306628584861755371e-01
5.800000000000000000e+01 1.154754310846328735e-01 1.305948346853256226e-01
5.900000000000000000e+01 1.153435334563255310e-01 1.304719299077987671e-01
6.000000000000000000e+01 1.152068004012107849e-01 1.304415017366409302e-01
6.100000000000000000e+01 1.150624528527259827e-01 1.303413957357406616e-01
6.200000000000000000e+01 1.149373054504394531e-01 1.302226334810256958e-01
6.300000000000000000e+01 1.147951632738113403e-01 1.301461011171340942e-01
6.400000000000000000e+01 1.146750003099441528e-01 1.300295442342758179e-01
6.500000000000000000e+01 1.145529672503471375e-01 1.300105452537536621e-01
6.600000000000000000e+01 1.144184693694114685e-01 1.299331784248352051e-01
6.700000000000000000e+01 1.142860129475593567e-01 1.298352479934692383e-01
6.800000000000000000e+01 1.141572222113609314e-01 1.297865957021713257e-01
6.900000000000000000e+01 1.140564233064651489e-01 1.296848803758621216e-01
7.000000000000000000e+01 1.139212921261787415e-01 1.296524554491043091e-01
7.100000000000000000e+01 1.137939468026161194e-01 1.295042037963867188e-01
7.200000000000000000e+01 1.136887222528457642e-01 1.294835507869720459e-01
7.300000000000000000e+01 1.135717779397964478e-01 1.293943524360656738e-01
7.400000000000000000e+01 1.134487763047218323e-01 1.292943954467773438e-01
7.500000000000000000e+01 1.133115068078041077e-01 1.292391121387481689e-01
7.600000000000000000e+01 1.132142916321754456e-01 1.291174292564392090e-01
7.700000000000000000e+01 1.130972430109977722e-01 1.291349083185195923e-01
7.800000000000000000e+01 1.129740476608276367e-01 1.290664374828338623e-01
7.900000000000000000e+01 1.128553450107574463e-01 1.289544552564620972e-01
8.000000000000000000e+01 1.127640157938003540e-01 1.288995593786239624e-01
8.100000000000000000e+01 1.126390844583511353e-01 1.288547366857528687e-01
8.200000000000000000e+01 1.125349625945091248e-01 1.287536174058914185e-01
8.300000000000000000e+01 1.124225184321403503e-01 1.286343038082122803e-01
8.400000000000000000e+01 1.123275011777877808e-01 1.286161094903945923e-01
8.500000000000000000e+01 1.122116893529891968e-01 1.285552829504013062e-01
8.600000000000000000e+01 1.121073737740516663e-01 1.285117119550704956e-01
8.700000000000000000e+01 1.119800731539726257e-01 1.284565925598144531e-01
8.800000000000000000e+01 1.119007840752601624e-01 1.283731609582901001e-01
8.900000000000000000e+01 1.118040606379508972e-01 1.283124089241027832e-01
9.000000000000000000e+01 1.116982921957969666e-01 1.282474100589752197e-01
9.100000000000000000e+01 1.116180792450904846e-01 1.282075345516204834e-01
9.200000000000000000e+01 1.114989817142486572e-01 1.281375288963317871e-01
9.300000000000000000e+01 1.114042401313781738e-01 1.280595064163208008e-01
9.400000000000000000e+01 1.113048121333122253e-01 1.280442625284194946e-01
9.500000000000000000e+01 1.112101227045059204e-01 1.279331743717193604e-01
9.600000000000000000e+01 1.111144721508026123e-01 1.279578059911727905e-01
9.700000000000000000e+01 1.110307797789573669e-01 1.278006732463836670e-01
9.800000000000000000e+01 1.109459251165390015e-01 1.278407275676727295e-01
9.900000000000000000e+01 1.108417883515357971e-01 1.277028769254684448e-01
1.000000000000000000e+02 1.107666417956352234e-01 1.276905983686447144e-01
1.010000000000000000e+02 1.106503307819366455e-01 1.276365369558334351e-01
1.020000000000000000e+02 1.105718612670898438e-01 1.275980472564697266e-01
1.030000000000000000e+02 1.105011701583862305e-01 1.275309175252914429e-01
1.040000000000000000e+02 1.104038804769515991e-01 1.274605244398117065e-01
1.050000000000000000e+02 1.103143990039825439e-01 1.274451762437820435e-01
1.060000000000000000e+02 1.102102920413017273e-01 1.273724138736724854e-01
1.070000000000000000e+02 1.101545318961143494e-01 1.273737996816635132e-01
1.080000000000000000e+02 1.100574284791946411e-01 1.273299157619476318e-01
1.090000000000000000e+02 1.099753752350807190e-01 1.272174417972564697e-01
1.100000000000000000e+02 1.098860502243041992e-01 1.272086054086685181e-01
1.110000000000000000e+02 1.097972318530082703e-01 1.271788030862808228e-01
1.120000000000000000e+02 1.097120121121406555e-01 1.271310001611709595e-01
1.130000000000000000e+02 1.096502169966697693e-01 1.270479857921600342e-01
1.140000000000000000e+02 1.095566153526306152e-01 1.270089447498321533e-01
1.150000000000000000e+02 1.094818487763404846e-01 1.269428580999374390e-01
1.160000000000000000e+02 1.094084829092025757e-01 1.268931329250335693e-01
1.170000000000000000e+02 1.093340069055557251e-01 1.269039511680603027e-01
1.180000000000000000e+02 1.092393323779106140e-01 1.267799437046051025e-01
1.190000000000000000e+02 1.091695949435234070e-01 1.267806589603424072e-01
1.200000000000000000e+02 1.090999394655227661e-01 1.267579495906829834e-01
1.210000000000000000e+02 1.090187355875968933e-01 1.266474872827529907e-01
1.220000000000000000e+02 1.089465245604515076e-01 1.266438364982604980e-01
1.230000000000000000e+02 1.088632792234420776e-01 1.266196519136428833e-01
1.240000000000000000e+02 1.087835803627967834e-01 1.265815496444702148e-01
1.250000000000000000e+02 1.087067574262619019e-01 1.264768689870834351e-01
1.260000000000000000e+02 1.086246594786643982e-01 1.264771521091461182e-01
1.270000000000000000e+02 1.085636764764785767e-01 1.264035850763320923e-01
1.280000000000000000e+02 1.084749624133110046e-01 1.263982653617858887e-01
1.290000000000000000e+02 1.084068119525909424e-01 1.263704150915145874e-01
1.300000000000000000e+02 1.083413958549499512e-01 1.262779235839843750e-01
1.310000000000000000e+02 1.082692816853523254e-01 1.262920349836349487e-01
1.320000000000000000e+02 1.082026958465576172e-01 1.262488961219787598e-01
1.330000000000000000e+02 1.081287786364555359e-01 1.261265277862548828e-01
1.340000000000000000e+02 1.080728545784950256e-01 1.261152923107147217e-01
1.350000000000000000e+02 1.080067083239555359e-01 1.260789483785629272e-01
1.360000000000000000e+02 1.079233884811401367e-01 1.261391490697860718e-01
1.370000000000000000e+02 1.078525185585021973e-01 1.260030418634414673e-01
1.380000000000000000e+02 1.077914610505104065e-01 1.260324418544769287e-01
1.390000000000000000e+02 1.077168583869934082e-01 1.259347349405288696e-01
1.400000000000000000e+02 1.076534837484359741e-01 1.258826553821563721e-01
1.410000000000000000e+02 1.075892299413681030e-01 1.258325725793838501e-01
1.420000000000000000e+02 1.075142323970794678e-01 1.257681548595428467e-01
1.430000000000000000e+02 1.074458584189414978e-01 1.257942467927932739e-01
1.440000000000000000e+02 1.073840185999870300e-01 1.257452964782714844e-01
1.450000000000000000e+02 1.073056012392044067e-01 1.256870925426483154e-01
1.460000000000000000e+02 1.072451993823051453e-01 1.256659775972366333e-01
1.470000000000000000e+02 1.071911379694938660e-01 1.256504058837890625e-01
1.480000000000000000e+02 1.071294695138931274e-01 1.255542039871215820e-01
1.490000000000000000e+02 1.070565655827522278e-01 1.255327612161636353e-01
1.500000000000000000e+02 1.069944798946380615e-01 1.255289316177368164e-01
1.510000000000000000e+02 1.069161817431449890e-01 1.254721283912658691e-01
1.520000000000000000e+02 1.068610250949859619e-01 1.254020333290100098e-01
1.530000000000000000e+02 1.068001389503479004e-01 1.254153996706008911e-01
1.540000000000000000e+02 1.067307144403457642e-01 1.253372430801391602e-01
1.550000000000000000e+02 1.066727563738822937e-01 1.252814680337905884e-01
1.560000000000000000e+02 1.066085994243621826e-01 1.253028959035873413e-01
1.570000000000000000e+02 1.065497249364852905e-01 1.252416819334030151e-01
1.580000000000000000e+02 1.064939573407173157e-01 1.252255290746688843e-01
1.590000000000000000e+02 1.064191907644271851e-01 1.251690685749053955e-01
1.600000000000000000e+02 1.063605323433876038e-01 1.251167804002761841e-01
1.610000000000000000e+02 1.063023135066032410e-01 1.251081973314285278e-01
1.620000000000000000e+02 1.062394827604293823e-01 1.250600665807723999e-01
1.630000000000000000e+02 1.061844974756240845e-01 1.250052601099014282e-01
1.640000000000000000e+02 1.061140671372413635e-01 1.249519065022468567e-01
1.650000000000000000e+02 1.060642972588539124e-01 1.249164640903472900e-01
1.660000000000000000e+02 1.060154661536216736e-01 1.249237656593322754e-01
1.670000000000000000e+02 1.059431955218315125e-01 1.249219849705696106e-01
1.680000000000000000e+02 1.058871373534202576e-01 1.248390451073646545e-01
1.690000000000000000e+02 1.058311536908149719e-01 1.248296722769737244e-01
1.700000000000000000e+02 1.057585105299949646e-01 1.247703805565834045e-01
1.710000000000000000e+02 1.056940928101539612e-01 1.247464418411254883e-01
1.720000000000000000e+02 1.056599840521812439e-01 1.247280165553092957e-01
1.730000000000000000e+02 1.055931970477104187e-01 1.246959343552589417e-01
1.740000000000000000e+02 1.055256351828575134e-01 1.246329322457313538e-01
1.750000000000000000e+02 1.054774224758148193e-01 1.246335282921791077e-01
1.760000000000000000e+02 1.054235622286796570e-01 1.246078386902809143e-01
1.770000000000000000e+02 1.053675487637519836e-01 1.245370879769325256e-01
1.780000000000000000e+02 1.052993014454841614e-01 1.244683042168617249e-01
1.790000000000000000e+02 1.052565798163414001e-01 1.244423091411590576e-01
1.800000000000000000e+02 1.052149757742881775e-01 1.244194358587265015e-01
1.810000000000000000e+02 1.051432564854621887e-01 1.244057640433311462e-01
1.820000000000000000e+02 1.050839051604270935e-01 1.243276298046112061e-01
1.830000000000000000e+02 1.050280854105949402e-01 1.243548765778541565e-01
1.840000000000000000e+02 1.049746870994567871e-01 1.243029162287712097e-01
1.850000000000000000e+02 1.049205288290977478e-01 1.242581754922866821e-01
1.860000000000000000e+02 1.048702672123908997e-01 1.242158934473991394e-01
1.870000000000000000e+02 1.048208922147750854e-01 1.241996213793754578e-01
1.880000000000000000e+02 1.047681197524070740e-01 1.241569295525550842e-01
1.890000000000000000e+02 1.047141179442405701e-01 1.240950971841812134e-01
1.900000000000000000e+02 1.046401336789131165e-01 1.240966096520423889e-01
1.910000000000000000e+02 1.046113967895507812e-01 1.240544691681861877e-01
1.920000000000000000e+02 1.045541539788246155e-01 1.239987462759017944e-01
1.930000000000000000e+02 1.045036390423774719e-01 1.240119859576225281e-01
1.940000000000000000e+02 1.044352054595947266e-01 1.239572092890739441e-01
1.950000000000000000e+02 1.043872460722923279e-01 1.239410787820816040e-01
1.960000000000000000e+02 1.043237894773483276e-01 1.238574534654617310e-01
1.970000000000000000e+02 1.042679250240325928e-01 1.238221600651741028e-01
1.980000000000000000e+02 1.042297184467315674e-01 1.238343715667724609e-01
1.990000000000000000e+02 1.041672080755233765e-01 1.238324120640754700e-01
2.000000000000000000e+02 1.041006445884704590e-01 1.237218379974365234e-01
2.010000000000000000e+02 1.040520071983337402e-01 1.237349286675453186e-01
2.020000000000000000e+02 1.040180847048759460e-01 1.236934214830398560e-01
2.030000000000000000e+02 1.039657667279243469e-01 1.236557960510253906e-01
2.040000000000000000e+02 1.039219424128532410e-01 1.236514374613761902e-01
2.050000000000000000e+02 1.038640439510345459e-01 1.236323118209838867e-01
2.060000000000000000e+02 1.038205474615097046e-01 1.235480010509490967e-01
2.070000000000000000e+02 1.037409752607345581e-01 1.234868243336677551e-01
2.080000000000000000e+02 1.037167683243751526e-01 1.235014945268630981e-01
2.090000000000000000e+02 1.036621257662773132e-01 1.234720498323440552e-01
2.100000000000000000e+02 1.035999357700347900e-01 1.234692484140396118e-01
2.110000000000000000e+02 1.035579591989517212e-01 1.234093680977821350e-01
2.120000000000000000e+02 1.034911572933197021e-01 1.233907938003540039e-01
2.130000000000000000e+02 1.034443601965904236e-01 1.233347654342651367e-01
2.140000000000000000e+02 1.034074872732162476e-01 1.233297437429428101e-01
2.150000000000000000e+02 1.033599078655242920e-01 1.232922673225402832e-01
2.160000000000000000e+02 1.033061668276786804e-01 1.232443600893020630e-01
2.170000000000000000e+02 1.032521426677703857e-01 1.232814937829971313e-01
2.180000000000000000e+02 1.032054573297500610e-01 1.231640204787254333e-01
2.190000000000000000e+02 1.031431779265403748e-01 1.231398731470108032e-01
2.200000000000000000e+02 1.031022593379020691e-01 1.231283023953437805e-01
2.210000000000000000e+02 1.030473932623863220e-01 1.230856850743293762e-01
2.220000000000000000e+02 1.029939353466033936e-01 1.230635270476341248e-01
2.230000000000000000e+02 1.029494330286979675e-01 1.230615153908729553e-01
2.240000000000000000e+02 1.029201075434684753e-01 1.230479851365089417e-01
2.250000000000000000e+02 1.028608828783035278e-01 1.229662299156188965e-01
2.260000000000000000e+02 1.027972176671028137e-01 1.229446977376937866e-01
2.270000000000000000e+02 1.027593612670898438e-01 1.229641437530517578e-01
2.280000000000000000e+02 1.027125045657157898e-01 1.228718608617782593e-01
2.290000000000000000e+02 1.026585102081298828e-01 1.228843778371810913e-01
2.300000000000000000e+02 1.026194393634796143e-01 1.228437945246696472e-01
2.310000000000000000e+02 1.025626957416534424e-01 1.228217706084251404e-01
2.320000000000000000e+02 1.024953797459602356e-01 1.227597668766975403e-01
2.330000000000000000e+02 1.024628058075904846e-01 1.227151677012443542e-01
2.340000000000000000e+02 1.023919358849525452e-01 1.227247342467308044e-01
2.350000000000000000e+02 1.023581176996231079e-01 1.226400509476661682e-01
2.360000000000000000e+02 1.023189127445220947e-01 1.226440146565437317e-01
2.370000000000000000e+02 1.022616028785705566e-01 1.225989460945129395e-01
2.380000000000000000e+02 1.022177785634994507e-01 1.225746870040893555e-01
2.390000000000000000e+02 1.021644845604896545e-01 1.225578263401985168e-01
2.400000000000000000e+02 1.021163612604141235e-01 1.225281432271003723e-01
2.410000000000000000e+02 1.020520478487014771e-01 1.224610432982444763e-01
2.420000000000000000e+02 1.020327806472778320e-01 1.224569082260131836e-01
2.430000000000000000e+02 1.019812822341918945e-01 1.223717331886291504e-01
2.440000000000000000e+02 1.019335314631462097e-01 1.224246248602867126e-01
2.450000000000000000e+02 1.018764451146125793e-01 1.223700270056724548e-01
2.460000000000000000e+02 1.018103733658790588e-01 1.223175525665283203e-01
2.470000000000000000e+02 1.017653718590736389e-01 1.222886964678764343e-01
2.480000000000000000e+02 1.017388030886650085e-01 1.223010495305061340e-01
2.490000000000000000e+02 1.016702651977539062e-01 1.222240999341011047e-01
2.500000000000000000e+02 1.016144752502441406e-01 1.221934631466865540e-01
2.510000000000000000e+02 1.015914157032966614e-01 1.221709549427032471e-01
2.520000000000000000e+02 1.015205904841423035e-01 1.221177279949188232e-01
2.530000000000000000e+02 1.014906615018844604e-01 1.221603900194168091e-01
2.540000000000000000e+02 1.014342308044433594e-01 1.220987439155578613e-01
2.550000000000000000e+02 1.013779267668724060e-01 1.220305860042572021e-01
2.560000000000000000e+02 1.013274341821670532e-01 1.220418438315391541e-01
2.570000000000000000e+02 1.012791022658348083e-01 1.220009848475456238e-01
2.580000000000000000e+02 1.012268662452697754e-01 1.220067664980888367e-01
2.590000000000000000e+02 1.011851578950881958e-01 1.219461709260940552e-01
2.600000000000000000e+02 1.011328175663948059e-01 1.218951568007469177e-01
2.610000000000000000e+02 1.010797545313835144e-01 1.218587011098861694e-01
2.620000000000000000e+02 1.010290384292602539e-01 1.218759119510650635e-01
2.630000000000000000e+02 1.009830161929130554e-01 1.218253225088119507e-01
2.640000000000000000e+02 1.009298786520957947e-01 1.218169704079627991e-01
2.650000000000000000e+02 1.008907631039619446e-01 1.217304244637489319e-01
2.660000000000000000e+02 1.008352413773536682e-01 1.217215135693550110e-01
2.670000000000000000e+02 1.007839068770408630e-01 1.216957941651344299e-01
2.680000000000000000e+02 1.007416918873786926e-01 1.216229796409606934e-01
2.690000000000000000e+02 1.006864085793495178e-01 1.216273680329322815e-01
2.700000000000000000e+02 1.006498187780380249e-01 1.215938478708267212e-01
2.710000000000000000e+02 1.005751639604568481e-01 1.215875297784805298e-01
2.720000000000000000e+02 1.005211770534515381e-01 1.215147525072097778e-01
2.730000000000000000e+02 1.004922538995742798e-01 1.214687153697013855e-01
2.740000000000000000e+02 1.004277616739273071e-01 1.214473769068717957e-01
2.750000000000000000e+02 1.003856286406517029e-01 1.214438155293464661e-01
2.760000000000000000e+02 1.003532111644744873e-01 1.214014664292335510e-01
2.770000000000000000e+02 1.002772748470306396e-01 1.214335635304450989e-01
2.780000000000000000e+02 1.002333760261535645e-01 1.213291138410568237e-01
2.790000000000000000e+02 1.001947075128555298e-01 1.212833076715469360e-01
2.800000000000000000e+02 1.001444384455680847e-01 1.212656795978546143e-01
2.810000000000000000e+02 1.000982895493507385e-01 1.212830245494842529e-01
2.820000000000000000e+02 1.000321656465530396e-01 1.211884617805480957e-01
2.830000000000000000e+02 9.998203814029693604e-02 1.211627423763275146e-01
2.840000000000000000e+02 9.992290288209915161e-02 1.211900487542152405e-01
2.850000000000000000e+02 9.988002479076385498e-02 1.210771873593330383e-01
2.860000000000000000e+02 9.983358532190322876e-02 1.211157366633415222e-01
2.870000000000000000e+02 9.978181123733520508e-02 1.210399866104125977e-01
2.880000000000000000e+02 9.971296787261962891e-02 1.209929659962654114e-01
2.890000000000000000e+02 9.969451278448104858e-02 1.209555938839912415e-01
2.900000000000000000e+02 9.962999820709228516e-02 1.209214031696319580e-01
2.910000000000000000e+02 9.957132488489151001e-02 1.209160760045051575e-01
2.920000000000000000e+02 9.951598942279815674e-02 1.208627596497535706e-01
2.930000000000000000e+02 9.948407113552093506e-02 1.208856254816055298e-01
2.940000000000000000e+02 9.942703694105148315e-02 1.208505183458328247e-01
2.950000000000000000e+02 9.935482591390609741e-02 1.207790300250053406e-01
2.960000000000000000e+02 9.931794553995132446e-02 1.207662895321846008e-01
2.970000000000000000e+02 9.927754849195480347e-02 1.207006797194480896e-01
2.980000000000000000e+02 9.921345859766006470e-02 1.207288354635238647e-01
2.990000000000000000e+02 9.915151447057723999e-02 1.207096129655838013e-01
3.000000000000000000e+02 9.909666329622268677e-02 1.206440478563308716e-01
3.010000000000000000e+02 9.906385838985443115e-02 1.206040307879447937e-01
3.020000000000000000e+02 9.899622201919555664e-02 1.205551549792289734e-01
3.030000000000000000e+02 9.893582761287689209e-02 1.205328777432441711e-01
3.040000000000000000e+02 9.888786822557449341e-02 1.205036789178848267e-01
3.050000000000000000e+02 9.880132973194122314e-02 1.204229369759559631e-01
3.060000000000000000e+02 9.877428412437438965e-02 1.204190775752067566e-01
3.070000000000000000e+02 9.871817380189895630e-02 1.203809380531311035e-01
3.080000000000000000e+02 9.866715222597122192e-02 1.203619390726089478e-01
3.090000000000000000e+02 9.861439466476440430e-02 1.203226298093795776e-01
3.100000000000000000e+02 9.856425225734710693e-02 1.203158348798751831e-01
3.110000000000000000e+02 9.848076850175857544e-02 1.202022358775138855e-01
3.120000000000000000e+02 9.842465817928314209e-02 1.201811060309410095e-01
3.130000000000000000e+02 9.838744252920150757e-02 1.201781705021858215e-01
3.140000000000000000e+02 9.832155704498291016e-02 1.201672554016113281e-01
3.150000000000000000e+02 9.825338423252105713e-02 1.200702711939811707e-01
3.160000000000000000e+02 9.820850938558578491e-02 1.200373545289039612e-01
3.170000000000000000e+02 9.813600033521652222e-02 1.199705898761749268e-01
3.180000000000000000e+02 9.808204323053359985e-02 1.199592277407646179e-01
3.190000000000000000e+02 9.803596138954162598e-02 1.199860498309135437e-01
3.200000000000000000e+02 9.798041731119155884e-02 1.199269890785217285e-01
3.210000000000000000e+02 9.792059659957885742e-02 1.198795735836029053e-01
3.220000000000000000e+02 9.785391390323638916e-02 1.198207139968872070e-01
3.230000000000000000e+02 9.778171032667160034e-02 1.198116913437843323e-01
3.240000000000000000e+02 9.773042798042297363e-02 1.197587028145790100e-01
3.250000000000000000e+02 9.769091755151748657e-02 1.197384223341941833e-01
3.260000000000000000e+02 9.762750566005706787e-02 1.197363436222076416e-01
3.270000000000000000e+02 9.756024181842803955e-02 1.196575984358787537e-01
3.280000000000000000e+02 9.750078618526458740e-02 1.196172982454299927e-01
3.290000000000000000e+02 9.742085635662078857e-02 1.195973008871078491e-01
3.300000000000000000e+02 9.737917780876159668e-02 1.195580437779426575e-01
3.310000000000000000e+02 9.731388837099075317e-02 1.195748224854469299e-01
3.320000000000000000e+02 9.724836796522140503e-02 1.194708645343780518e-01
3.330000000000000000e+02 9.718918800354003906e-02 1.194574534893035889e-01
3.340000000000000000e+02 9.712254256010055542e-02 1.193908005952835083e-01
3.350000000000000000e+02 9.706376492977142334e-02 1.193063482642173767e-01
3.360000000000000000e+02 9.700626879930496216e-02 1.193211749196052551e-01
3.370000000000000000e+02 9.692299365997314453e-02 1.192704364657402039e-01
3.380000000000000000e+02 9.687684476375579834e-02 1.192751973867416382e-01
3.390000000000000000e+02 9.680799394845962524e-02 1.191591918468475342e-01
3.400000000000000000e+02 9.674644470214843750e-02 1.191034838557243347e-01
3.410000000000000000e+02 9.666927903890609741e-02 1.190963685512542725e-01
3.420000000000000000e+02 9.662619233131408691e-02 1.190314739942550659e-01
3.430000000000000000e+02 9.653896838426589966e-02 1.190055310726165771e-01
3.440000000000000000e+02 9.646569192409515381e-02 1.189283505082130432e-01
3.450000000000000000e+02 9.641934186220169067e-02 1.188666597008705139e-01
3.460000000000000000e+02 9.634129703044891357e-02 1.188907474279403687e-01
3.470000000000000000e+02 9.629133343696594238e-02 1.188177391886711121e-01
3.480000000000000000e+02 9.622208029031753540e-02 1.187919229269027710e-01
3.490000000000000000e+02 9.616716206073760986e-02 1.187457665801048279e-01
3.500000000000000000e+02 9.610226750373840332e-02 1.187047213315963745e-01
3.510000000000000000e+02 9.605115652084350586e-02 1.185871735215187073e-01
3.520000000000000000e+02 9.596740454435348511e-02 1.185736507177352905e-01
3.530000000000000000e+02 9.589463472366333008e-02 1.185081005096435547e-01
3.540000000000000000e+02 9.583307057619094849e-02 1.184975504875183105e-01
3.550000000000000000e+02 9.575565159320831299e-02 1.184011921286582947e-01
3.560000000000000000e+02 9.571654349565505981e-02 1.183235421776771545e-01
3.570000000000000000e+02 9.564510732889175415e-02 1.182547360658645630e-01
3.580000000000000000e+02 9.559680521488189697e-02 1.181711331009864807e-01
3.590000000000000000e+02 9.552080929279327393e-02 1.181021556258201599e-01
3.600000000000000000e+02 9.544395655393600464e-02 1.181268766522407532e-01
3.610000000000000000e+02 9.538517892360687256e-02 1.180310696363449097e-01
3.620000000000000000e+02 9.533139318227767944e-02 1.179695054888725281e-01
3.630000000000000000e+02 9.525663405656814575e-02 1.178974881768226624e-01
3.640000000000000000e+02 9.518962353467941284e-02 1.178525909781455994e-01
3.650000000000000000e+02 9.512352198362350464e-02 1.178327426314353943e-01
3.660000000000000000e+02 9.505366533994674683e-02 1.177241280674934387e-01
3.670000000000000000e+02 9.499179571866989136e-02 1.176852062344551086e-01
3.680000000000000000e+02 9.494967758655548096e-02 1.175872087478637695e-01
3.690000000000000000e+02 9.485956281423568726e-02 1.175412386655807495e-01
3.700000000000000000e+02 9.479534626007080078e-02 1.174499019980430603e-01
3.710000000000000000e+02 9.475246816873550415e-02 1.173580288887023926e-01
3.720000000000000000e+02 9.467299282550811768e-02 1.172652542591094971e-01
3.730000000000000000e+02 9.461453557014465332e-02 1.171651557087898254e-01
3.740000000000000000e+02 9.453167766332626343e-02 1.171005964279174805e-01
3.750000000000000000e+02 9.447404742240905762e-02 1.170589178800582886e-01
3.760000000000000000e+02 9.440830349922180176e-02 1.169075965881347656e-01
3.770000000000000000e+02 9.432900696992874146e-02 1.167914494872093201e-01
3.780000000000000000e+02 9.425996989011764526e-02 1.167282387614250183e-01
3.790000000000000000e+02 9.419389814138412476e-02 1.165824159979820251e-01
3.800000000000000000e+02 9.409888833761215210e-02 1.164894178509712219e-01
3.810000000000000000e+02 9.404785931110382080e-02 1.163939461112022400e-01
3.820000000000000000e+02 9.396443516016006470e-02 1.162632331252098083e-01
3.830000000000000000e+02 9.388216584920883179e-02 1.161091923713684082e-01
3.840000000000000000e+02 9.383363276720046997e-02 1.160792708396911621e-01
3.850000000000000000e+02 9.375555068254470825e-02 1.159627214074134827e-01
3.860000000000000000e+02 9.369514882564544678e-02 1.158257052302360535e-01
3.870000000000000000e+02 9.361281245946884155e-02 1.157505214214324951e-01
3.880000000000000000e+02 9.352577477693557739e-02 1.156314387917518616e-01
3.890000000000000000e+02 9.344574064016342163e-02 1.154403761029243469e-01
3.900000000000000000e+02 9.339169412851333618e-02 1.153312623500823975e-01
3.910000000000000000e+02 9.328979253768920898e-02 1.152758598327636719e-01
3.920000000000000000e+02 9.327311068773269653e-02 1.150155067443847656e-01
3.930000000000000000e+02 9.315474331378936768e-02 1.149786114692687988e-01
3.940000000000000000e+02 9.308822453022003174e-02 1.148483976721763611e-01
3.950000000000000000e+02 9.302490949630737305e-02 1.147560477256774902e-01
3.960000000000000000e+02 9.296328574419021606e-02 1.145846024155616760e-01
3.970000000000000000e+02 9.290321171283721924e-02 1.144708693027496338e-01
3.980000000000000000e+02 9.282380342483520508e-02 1.143841147422790527e-01
3.990000000000000000e+02 9.272504597902297974e-02 1.143091693520545959e-01
4.000000000000000000e+02 9.266086667776107788e-02 1.142219752073287964e-01
4.010000000000000000e+02 9.256770461797714233e-02 1.140284091234207153e-01
4.020000000000000000e+02 9.252647310495376587e-02 1.139819025993347168e-01
4.030000000000000000e+02 9.240698814392089844e-02 1.136770397424697876e-01
4.040000000000000000e+02 9.234483540058135986e-02 1.136640235781669617e-01
4.050000000000000000e+02 9.228410571813583374e-02 1.136045381426811218e-01
4.060000000000000000e+02 9.215950965881347656e-02 1.134133413434028625e-01
4.070000000000000000e+02 9.214079380035400391e-02 1.133060827851295471e-01
4.080000000000000000e+02 9.201159328222274780e-02 1.131585463881492615e-01
4.090000000000000000e+02 9.194072335958480835e-02 1.131674796342849731e-01
4.100000000000000000e+02 9.186962246894836426e-02 1.130321770906448364e-01
4.110000000000000000e+02 9.179575741291046143e-02 1.129660829901695251e-01
4.120000000000000000e+02 9.174170345067977905e-02 1.127388849854469299e-01
4.130000000000000000e+02 9.166011959314346313e-02 1.128093749284744263e-01
4.140000000000000000e+02 9.154391288757324219e-02 1.126472055912017822e-01
4.150000000000000000e+02 9.147510677576065063e-02 1.125337854027748108e-01
4.160000000000000000e+02 9.139359742403030396e-02 1.124467551708221436e-01
4.170000000000000000e+02 9.128666669130325317e-02 1.123082041740417480e-01
4.180000000000000000e+02 9.122015535831451416e-02 1.121744215488433838e-01
4.190000000000000000e+02 9.111014753580093384e-02 1.120799258351325989e-01
4.200000000000000000e+02 9.104015678167343140e-02 1.120184734463691711e-01
4.210000000000000000e+02 9.097892791032791138e-02 1.118620932102203369e-01
4.220000000000000000e+02 9.088810533285140991e-02 1.118671447038650513e-01
4.230000000000000000e+02 9.082324057817459106e-02 1.117797493934631348e-01
4.240000000000000000e+02 9.072779119014739990e-02 1.117485761642456055e-01
4.250000000000000000e+02 9.065537154674530029e-02 1.116538494825363159e-01
4.260000000000000000e+02 9.055265039205551147e-02 1.114812120795249939e-01
4.270000000000000000e+02 9.048964083194732666e-02 1.115854457020759583e-01
4.280000000000000000e+02 9.040634334087371826e-02 1.114187240600585938e-01
4.290000000000000000e+02 9.032150357961654663e-02 1.114509403705596924e-01
4.300000000000000000e+02 9.023139625787734985e-02 1.112944930791854858e-01
4.310000000000000000e+02 9.019398689270019531e-02 1.111583188176155090e-01
4.320000000000000000e+02 9.011682868003845215e-02 1.111530140042304993e-01
4.330000000000000000e+02 9.002510458230972290e-02 1.109318658709526062e-01
4.340000000000000000e+02 8.998144418001174927e-02 1.110319718718528748e-01
4.350000000000000000e+02 8.988073468208312988e-02 1.108492985367774963e-01
4.360000000000000000e+02 8.981624990701675415e-02 1.109239831566810608e-01
4.370000000000000000e+02 8.971214294433593750e-02 1.108749359846115112e-01
4.380000000000000000e+02 8.965991437435150146e-02 1.107700988650321960e-01
4.390000000000000000e+02 8.958317339420318604e-02 1.106757447123527527e-01
4.400000000000000000e+02 8.954665064811706543e-02 1.106670126318931580e-01
4.410000000000000000e+02 8.947037905454635620e-02 1.107758134603500366e-01
4.420000000000000000e+02 8.941315114498138428e-02 1.105396524071693420e-01
4.430000000000000000e+02 8.934926986694335938e-02 1.104711294174194336e-01
4.440000000000000000e+02 8.924700319766998291e-02 1.103811636567115784e-01
4.450000000000000000e+02 8.918388932943344116e-02 1.104295253753662109e-01
4.460000000000000000e+02 8.907914161682128906e-02 1.104197576642036438e-01
4.470000000000000000e+02 8.905931562185287476e-02 1.103537380695343018e-01
4.480000000000000000e+02 8.900812268257141113e-02 1.103835999965667725e-01
4.490000000000000000e+02 8.896401524543762207e-02 1.102765351533889771e-01
4.500000000000000000e+02 8.895737677812576294e-02 1.102198362350463867e-01
4.510000000000000000e+02 8.882415294647216797e-02 1.101651340723037720e-01
4.520000000000000000e+02 8.881515264511108398e-02 1.101536005735397339e-01
4.530000000000000000e+02 8.872644603252410889e-02 1.102209240198135376e-01
4.540000000000000000e+02 8.866724371910095215e-02 1.100545525550842285e-01
4.550000000000000000e+02 8.859940618276596069e-02 1.100027859210968018e-01
4.560000000000000000e+02 8.855862170457839966e-02 1.099763587117195129e-01
4.570000000000000000e+02 8.855228126049041748e-02 1.099841445684432983e-01
4.580000000000000000e+02 8.850285410881042480e-02 1.098631545901298523e-01
4.590000000000000000e+02 8.841583877801895142e-02 1.098043471574783325e-01
4.600000000000000000e+02 8.839836716651916504e-02 1.097827628254890442e-01
4.610000000000000000e+02 8.834821730852127075e-02 1.097681075334548950e-01
4.620000000000000000e+02 8.829855173826217651e-02 1.097920462489128113e-01
4.630000000000000000e+02 8.822488039731979370e-02 1.096542403101921082e-01
4.640000000000000000e+02 8.818087726831436157e-02 1.097219958901405334e-01
4.650000000000000000e+02 8.817326277494430542e-02 1.095957234501838684e-01
4.660000000000000000e+02 8.809764683246612549e-02 1.094380691647529602e-01
4.670000000000000000e+02 8.810469508171081543e-02 1.094989106059074402e-01
4.680000000000000000e+02 8.800306916236877441e-02 1.093716323375701904e-01
4.690000000000000000e+02 8.798110485076904297e-02 1.093649193644523621e-01
4.700000000000000000e+02 8.794600516557693481e-02 1.092092990875244141e-01
4.710000000000000000e+02 8.789414167404174805e-02 1.092201247811317444e-01
4.720000000000000000e+02 8.781652152538299561e-02 1.092778965830802917e-01
4.730000000000000000e+02 8.780173957347869873e-02 1.092091053724288940e-01
4.740000000000000000e+02 8.779700100421905518e-02 1.091435253620147705e-01
4.750000000000000000e+02 8.774675428867340088e-02 1.091214418411254883e-01
4.760000000000000000e+02 8.770366013050079346e-02 1.090371534228324890e-01
4.770000000000000000e+02 8.768424391746520996e-02 1.090402826666831970e-01
4.780000000000000000e+02 8.762001246213912964e-02 1.089213639497756958e-01
4.790000000000000000e+02 8.756894618272781372e-02 1.088480204343795776e-01
4.800000000000000000e+02 8.757269382476806641e-02 1.089233011007308960e-01
4.810000000000000000e+02 8.752556890249252319e-02 1.088321357965469360e-01
4.820000000000000000e+02 8.743865042924880981e-02 1.088609918951988220e-01
4.830000000000000000e+02 8.745101094245910645e-02 1.088160499930381775e-01
4.840000000000000000e+02 8.737727999687194824e-02 1.086057648062705994e-01
4.850000000000000000e+02 8.737032115459442139e-02 1.085482910275459290e-01
4.860000000000000000e+02 8.733583986759185791e-02 1.083885058760643005e-01
4.870000000000000000e+02 8.731891959905624390e-02 1.084703728556632996e-01
4.880000000000000000e+02 8.728820830583572388e-02 1.083551943302154541e-01
4.890000000000000000e+02 8.722248673439025879e-02 1.082846894860267639e-01
4.900000000000000000e+02 8.718082308769226074e-02 1.084716767072677612e-01
4.910000000000000000e+02 8.716526627540588379e-02 1.081493496894836426e-01
4.920000000000000000e+02 8.712680637836456299e-02 1.082456707954406738e-01
4.930000000000000000e+02 8.710734546184539795e-02 1.081168279051780701e-01
4.940000000000000000e+02 8.704578876495361328e-02 1.080668717622756958e-01
4.950000000000000000e+02 8.702679723501205444e-02 1.080632433295249939e-01
4.960000000000000000e+02 8.694579452276229858e-02 1.079849600791931152e-01
4.970000000000000000e+02 8.697199076414108276e-02 1.080130785703659058e-01
4.980000000000000000e+02 8.690708875656127930e-02 1.078691184520721436e-01
4.990000000000000000e+02 8.690062165260314941e-02 1.077943071722984314e-01
5.000000000000000000e+02 8.687616139650344849e-02 1.078483760356903076e-01
5.010000000000000000e+02 8.680584281682968140e-02 1.077533662319183350e-01
5.020000000000000000e+02 8.677728474140167236e-02 1.076312065124511719e-01
5.030000000000000000e+02 8.676610887050628662e-02 1.076688095927238464e-01
5.040000000000000000e+02 8.670067042112350464e-02 1.075491979718208313e-01
5.050000000000000000e+02 8.664507418870925903e-02 1.074286103248596191e-01
5.060000000000000000e+02 8.667344599962234497e-02 1.073989793658256531e-01
5.070000000000000000e+02 8.666485548019409180e-02 1.072630956768989563e-01
5.080000000000000000e+02 8.660025149583816528e-02 1.074325740337371826e-01
5.090000000000000000e+02 8.657414466142654419e-02 1.073755100369453430e-01
5.100000000000000000e+02 8.656273782253265381e-02 1.072796583175659180e-01
5.110000000000000000e+02 8.651243150234222412e-02 1.072261482477188110e-01
5.120000000000000000e+02 8.650209754705429077e-02 1.072164550423622131e-01
5.130000000000000000e+02 8.646346628665924072e-02 1.071325838565826416e-01
5.140000000000000000e+02 8.642218261957168579e-02 1.070181652903556824e-01
5.150000000000000000e+02 8.635122328996658325e-02 1.070646047592163086e-01
5.160000000000000000e+02 8.636526763439178467e-02 1.068351566791534424e-01
5.170000000000000000e+02 8.631222695112228394e-02 1.070776879787445068e-01
5.180000000000000000e+02 8.628929406404495239e-02 1.068968102335929871e-01
5.190000000000000000e+02 8.630757778882980347e-02 1.069175302982330322e-01
5.200000000000000000e+02 8.622274547815322876e-02 1.066950261592864990e-01
5.210000000000000000e+02 8.619802445173263550e-02 1.066491305828094482e-01
5.220000000000000000e+02 8.619186282157897949e-02 1.067896634340286255e-01
5.230000000000000000e+02 8.616228401660919189e-02 1.067720875144004822e-01
5.240000000000000000e+02 8.615199476480484009e-02 1.065627932548522949e-01
5.250000000000000000e+02 8.610074222087860107e-02 1.065808460116386414e-01
5.260000000000000000e+02 8.609050512313842773e-02 1.064401641488075256e-01
5.270000000000000000e+02 8.606851100921630859e-02 1.065771579742431641e-01
5.280000000000000000e+02 8.605304360389709473e-02 1.062773168087005615e-01
5.290000000000000000e+02 8.600547164678573608e-02 1.063457205891609192e-01
5.300000000000000000e+02 8.601888269186019897e-02 1.063304990530014038e-01
5.310000000000000000e+02 8.597405254840850830e-02 1.062368974089622498e-01
5.320000000000000000e+02 8.592837303876876831e-02 1.062042787671089172e-01
5.330000000000000000e+02 8.592817187309265137e-02 1.061182320117950439e-01
5.340000000000000000e+02 8.589644730091094971e-02 1.060836687684059143e-01
5.350000000000000000e+02 8.589825034141540527e-02 1.060548275709152222e-01
5.360000000000000000e+02 8.586172759532928467e-02 1.061129048466682434e-01
5.370000000000000000e+02 8.578832447528839111e-02 1.060823425650596619e-01
5.380000000000000000e+02 8.579447865486145020e-02 1.060043424367904663e-01
5.390000000000000000e+02 8.577644079923629761e-02 1.060745641589164734e-01
5.400000000000000000e+02 8.574941009283065796e-02 1.057870686054229736e-01
5.410000000000000000e+02 8.572426438331604004e-02 1.058038398623466492e-01
5.420000000000000000e+02 8.573793619871139526e-02 1.056131944060325623e-01
5.430000000000000000e+02 8.568977564573287964e-02 1.056543737649917603e-01
5.440000000000000000e+02 8.566465973854064941e-02 1.056082174181938171e-01
5.450000000000000000e+02 8.566358685493469238e-02 1.054934114217758179e-01
5.460000000000000000e+02 8.559117466211318970e-02 1.055709943175315857e-01
5.470000000000000000e+02 8.557567745447158813e-02 1.055504679679870605e-01
5.480000000000000000e+02 8.557850867509841919e-02 1.055900305509567261e-01
5.490000000000000000e+02 8.556670695543289185e-02 1.054466739296913147e-01
5.500000000000000000e+02 8.552493155002593994e-02 1.053605154156684875e-01
5.510000000000000000e+02 8.546587824821472168e-02 1.053763926029205322e-01
5.520000000000000000e+02 8.547196537256240845e-02 1.054026409983634949e-01
5.530000000000000000e+02 8.548255264759063721e-02 1.053998470306396484e-01
5.540000000000000000e+02 8.543450385332107544e-02 1.052583605051040649e-01
5.550000000000000000e+02 8.543282747268676758e-02 1.052051708102226257e-01
5.560000000000000000e+02 8.539863675832748413e-02 1.052053794264793396e-01
5.570000000000000000e+02 8.543481677770614624e-02 1.052243113517761230e-01
5.580000000000000000e+02 8.540767431259155273e-02 1.051750034093856812e-01
5.590000000000000000e+02 8.530242741107940674e-02 1.049894243478775024e-01
5.600000000000000000e+02 8.534631878137588501e-02 1.048515439033508301e-01
5.610000000000000000e+02 8.529872447252273560e-02 1.050118207931518555e-01
5.620000000000000000e+02 8.529609441757202148e-02 1.049956530332565308e-01
5.630000000000000000e+02 8.526041358709335327e-02 1.048152819275856018e-01
5.640000000000000000e+02 8.525270223617553711e-02 1.048257350921630859e-01
5.650000000000000000e+02 8.526937663555145264e-02 1.047567650675773621e-01
5.660000000000000000e+02 8.522430062294006348e-02 1.048296093940734863e-01
5.670000000000000000e+02 8.522062748670578003e-02 1.047838479280471802e-01
5.680000000000000000e+02 8.521423488855361938e-02 1.046700105071067810e-01
5.690000000000000000e+02 8.516059815883636475e-02 1.044886261224746704e-01
5.700000000000000000e+02 8.516564220190048218e-02 1.046576723456382751e-01
5.710000000000000000e+02 8.515156060457229614e-02 1.045691967010498047e-01
5.720000000000000000e+02 8.513775467872619629e-02 1.045196801424026489e-01
5.730000000000000000e+02 8.511994779109954834e-02 1.044398471713066101e-01
5.740000000000000000e+02 8.503564447164535522e-02 1.044262424111366272e-01
5.750000000000000000e+02 8.506198227405548096e-02 1.043746843934059143e-01
5.760000000000000000e+02 8.501051366329193115e-02 1.041919142007827759e-01
5.770000000000000000e+02 8.503048121929168701e-02 1.043087914586067200e-01
5.780000000000000000e+02 8.502630144357681274e-02 1.042820364236831665e-01
5.790000000000000000e+02 8.497544378042221069e-02 1.042961701750755310e-01
5.800000000000000000e+02 8.495613932609558105e-02 1.043618544936180115e-01
5.810000000000000000e+02 8.494140207767486572e-02 1.042333170771598816e-01
5.820000000000000000e+02 8.490385860204696655e-02 1.041838005185127258e-01
5.830000000000000000e+02 8.491056412458419800e-02 1.040383055806159973e-01
5.840000000000000000e+02 8.488802611827850342e-02 1.041445657610893250e-01
5.850000000000000000e+02 8.487107604742050171e-02 1.040901616215705872e-01
5.860000000000000000e+02 8.482551574707031250e-02 1.040915548801422119e-01
5.870000000000000000e+02 8.482954651117324829e-02 1.040145382285118103e-01
5.880000000000000000e+02 8.483605831861495972e-02 1.040448322892189026e-01
5.890000000000000000e+02 8.482784032821655273e-02 1.039737462997436523e-01
5.900000000000000000e+02 8.482179045677185059e-02 1.039808839559555054e-01
5.910000000000000000e+02 8.475211262702941895e-02 1.039335653185844421e-01
5.920000000000000000e+02 8.474732190370559692e-02 1.038121804594993591e-01
5.930000000000000000e+02 8.476044237613677979e-02 1.037414520978927612e-01
5.940000000000000000e+02 8.474911749362945557e-02 1.038933694362640381e-01
5.950000000000000000e+02 8.472795784473419189e-02 1.036874428391456604e-01
5.960000000000000000e+02 8.473084867000579834e-02 1.037649288773536682e-01
5.970000000000000000e+02 8.465888351202011108e-02 1.037488430738449097e-01
5.980000000000000000e+02 8.466607332229614258e-02 1.037251949310302734e-01
5.990000000000000000e+02 8.467222750186920166e-02 1.036841869354248047e-01
6.000000000000000000e+02 8.462326228618621826e-02 1.036771163344383240e-01
6.010000000000000000e+02 8.466837555170059204e-02 1.035845801234245300e-01
6.020000000000000000e+02 8.461811393499374390e-02 1.035589352250099182e-01
6.030000000000000000e+02 8.463394641876220703e-02 1.035569831728935242e-01
6.040000000000000000e+02 8.454673737287521362e-02 1.033484116196632385e-01
6.050000000000000000e+02 8.454997092485427856e-02 1.036026552319526672e-01
6.060000000000000000e+02 8.453929424285888672e-02 1.034479290246963501e-01
6.070000000000000000e+02 8.451325446367263794e-02 1.033255234360694885e-01
6.080000000000000000e+02 8.451172709465026855e-02 1.034950688481330872e-01
6.090000000000000000e+02 8.450297266244888306e-02 1.035354584455490112e-01
6.100000000000000000e+02 8.446837216615676880e-02 1.034094542264938354e-01
6.110000000000000000e+02 8.444564044475555420e-02 1.032238677144050598e-01
6.120000000000000000e+02 8.443401753902435303e-02 1.031602323055267334e-01
6.130000000000000000e+02 8.443737030029296875e-02 1.032240986824035645e-01
6.140000000000000000e+02 8.439140766859054565e-02 1.032143682241439819e-01
6.150000000000000000e+02 8.439552783966064453e-02 1.032823547720909119e-01
6.160000000000000000e+02 8.438589423894882202e-02 1.032849401235580444e-01
6.170000000000000000e+02 8.437714725732803345e-02 1.031683683395385742e-01
6.180000000000000000e+02 8.435130864381790161e-02 1.032206565141677856e-01
6.190000000000000000e+02 8.434989303350448608e-02 1.031376868486404419e-01
6.200000000000000000e+02 8.439274132251739502e-02 1.031360551714897156e-01
6.210000000000000000e+02 8.432081341743469238e-02 1.031614318490028381e-01
6.220000000000000000e+02 8.435482531785964966e-02 1.029833555221557617e-01
6.230000000000000000e+02 8.429452031850814819e-02 1.029119417071342468e-01
6.240000000000000000e+02 8.426628261804580688e-02 1.028978079557418823e-01
6.250000000000000000e+02 8.430939912796020508e-02 1.030095443129539490e-01
6.260000000000000000e+02 8.426155149936676025e-02 1.029250770807266235e-01
6.270000000000000000e+02 8.428590744733810425e-02 1.027955263853073120e-01
6.280000000000000000e+02 8.420959860086441040e-02 1.028327941894531250e-01
6.290000000000000000e+02 8.418510109186172485e-02 1.029240638017654419e-01
6.300000000000000000e+02 8.419790863990783691e-02 1.028204858303070068e-01
6.310000000000000000e+02 8.420852571725845337e-02 1.027564182877540588e-01
6.320000000000000000e+02 8.416783064603805542e-02 1.028523668646812439e-01
6.330000000000000000e+02 8.416874706745147705e-02 1.029575690627098083e-01
6.340000000000000000e+02 8.414474874734878540e-02 1.027416139841079712e-01
6.350000000000000000e+02 8.411715179681777954e-02 1.027809754014015198e-01
6.360000000000000000e+02 8.413871377706527710e-02 1.027073636651039124e-01
6.370000000000000000e+02 8.415239304304122925e-02 1.027739048004150391e-01
6.380000000000000000e+02 8.409710973501205444e-02 1.027101874351501465e-01
6.390000000000000000e+02 8.408667147159576416e-02 1.025263741612434387e-01
6.400000000000000000e+02 8.407659828662872314e-02 1.025609821081161499e-01
6.410000000000000000e+02 8.405039459466934204e-02 1.025698930025100708e-01
6.420000000000000000e+02 8.408968895673751831e-02 1.027169749140739441e-01
6.430000000000000000e+02 8.408943563699722290e-02 1.026200130581855774e-01
6.440000000000000000e+02 8.399494737386703491e-02 1.025787442922592163e-01
6.450000000000000000e+02 8.403696119785308838e-02 1.025449484586715698e-01
6.460000000000000000e+02 8.400309830904006958e-02 1.025002375245094299e-01
6.470000000000000000e+02 8.403527736663818359e-02 1.025353074073791504e-01
6.480000000000000000e+02 8.391966670751571655e-02 1.025177836418151855e-01
6.490000000000000000e+02 8.400404453277587891e-02 1.026171967387199402e-01
6.500000000000000000e+02 8.394477516412734985e-02 1.024030297994613647e-01
6.510000000000000000e+02 8.393350243568420410e-02 1.026453971862792969e-01
6.520000000000000000e+02 8.390239626169204712e-02 1.025561168789863586e-01
6.530000000000000000e+02 8.392916619777679443e-02 1.024566441774368286e-01
6.540000000000000000e+02 8.391933888196945190e-02 1.024333685636520386e-01
6.550000000000000000e+02 8.390056341886520386e-02 1.024339944124221802e-01
6.560000000000000000e+02 8.389388024806976318e-02 1.026166155934333801e-01
6.570000000000000000e+02 8.383903652429580688e-02 1.022603735327720642e-01
6.580000000000000000e+02 8.388489484786987305e-02 1.023952290415763855e-01
6.590000000000000000e+02 8.387361466884613037e-02 1.024157181382179260e-01
6.600000000000000000e+02 8.387804031372070312e-02 1.023602932691574097e-01
6.610000000000000000e+02 8.381669968366622925e-02 1.023439541459083557e-01
6.620000000000000000e+02 8.382773399353027344e-02 1.022382378578186035e-01
6.630000000000000000e+02 8.380882441997528076e-02 1.023490577936172485e-01
6.640000000000000000e+02 8.381097018718719482e-02 1.022582054138183594e-01
6.650000000000000000e+02 8.381077647209167480e-02 1.023846790194511414e-01
6.660000000000000000e+02 8.377316594123840332e-02 1.024264693260192871e-01
6.670000000000000000e+02 8.377595245838165283e-02 1.023186221718788147e-01
6.680000000000000000e+02 8.374939113855361938e-02 1.024086773395538330e-01
6.690000000000000000e+02 8.374657481908798218e-02 1.023151278495788574e-01
6.700000000000000000e+02 8.375163376331329346e-02 1.023358926177024841e-01
6.710000000000000000e+02 8.374299854040145874e-02 1.023542433977127075e-01
6.720000000000000000e+02 8.373397588729858398e-02 1.021529883146286011e-01
6.730000000000000000e+02 8.371593058109283447e-02 1.021183729171752930e-01
6.740000000000000000e+02 8.367709815502166748e-02 1.021913737058639526e-01
6.750000000000000000e+02 8.368234336376190186e-02 1.021305620670318604e-01
6.760000000000000000e+02 8.368483185768127441e-02 1.021928265690803528e-01
6.770000000000000000e+02 8.367609232664108276e-02 1.022041365504264832e-01
6.780000000000000000e+02 8.364201337099075317e-02 1.022644191980361938e-01
6.790000000000000000e+02 8.361917734146118164e-02 1.022422909736633301e-01
6.800000000000000000e+02 8.366260677576065063e-02 1.021000072360038757e-01
6.810000000000000000e+02 8.361367881298065186e-02 1.021871045231819153e-01
6.820000000000000000e+02 8.364889770746231079e-02 1.020395979285240173e-01
6.830000000000000000e+02 8.361084759235382080e-02 1.022638380527496338e-01
6.840000000000000000e+02 8.363823592662811279e-02 1.022359430789947510e-01
6.850000000000000000e+02 8.356803655624389648e-02 1.020075306296348572e-01
6.860000000000000000e+02 8.357386291027069092e-02 1.022751256823539734e-01
6.870000000000000000e+02 8.362188935279846191e-02 1.021260023117065430e-01
6.880000000000000000e+02 8.355267345905303955e-02 1.021083891391754150e-01
6.890000000000000000e+02 8.355154097080230713e-02 1.021713986992835999e-01
6.900000000000000000e+02 8.354402333498001099e-02 1.019860357046127319e-01
6.910000000000000000e+02 8.352565765380859375e-02 1.020158752799034119e-01
6.920000000000000000e+02 8.352389931678771973e-02 1.019227802753448486e-01
6.930000000000000000e+02 8.352894335985183716e-02 1.020581647753715515e-01
6.940000000000000000e+02 8.351797610521316528e-02 1.020141765475273132e-01
6.950000000000000000e+02 8.353324979543685913e-02 1.020610108971595764e-01
6.960000000000000000e+02 8.349090814590454102e-02 1.019393131136894226e-01
6.970000000000000000e+02 8.347205072641372681e-02 1.020356640219688416e-01
6.980000000000000000e+02 8.348387479782104492e-02 1.020854637026786804e-01
6.990000000000000000e+02 8.345939964056015015e-02 1.019455716013908386e-01
7.000000000000000000e+02 8.345939964056015015e-02 1.019429415464401245e-01
7.010000000000000000e+02 8.344328403472900391e-02 1.019510850310325623e-01
