0.000000000000000000e+00 1.067535057663917542e-01 1.287011653184890747e-01
1.000000000000000000e+00 1.063563004136085510e-01 1.283595263957977295e-01
2.000000000000000000e+00 1.059679314494132996e-01 1.280242204666137695e-01
3.000000000000000000e+00 1.055833324790000916e-01 1.276925206184387207e-01
4.000000000000000000e+00 1.052093654870986938e-01 1.273803114891052246e-01
5.000000000000000000e+00 1.048295050859451294e-01 1.270685642957687378e-01
6.000000000000000000e+00 1.044532805681228638e-01 1.267532706260681152e-01
7.000000000000000000e+00 1.040961593389511108e-01 1.264330297708511353e-01
8.000000000000000000e+00 1.037235334515571594e-01 1.261325925588607788e-01
9.000000000000000000e+00 1.033524200320243835e-01 1.258456707000732422e-01
1.000000000000000000e+01 1.029842048883438110e-01 1.255264431238174438e-01
1.100000000000000000e+01 1.026126593351364136e-01 1.252351105213165283e-01
1.200000000000000000e+01 1.022405326366424561e-01 1.249236240983009338e-01
1.300000000000000000e+01 1.018690913915634155e-01 1.246299594640731812e-01
1.400000000000000000e+01 1.014925166964530945e-01 1.243719086050987244e-01
1.500000000000000000e+01 1.011106073856353760e-01 1.240379065275192261e-01
1.600000000000000000e+01 1.007164940237998962e-01 1.237206161022186279e-01
1.700000000000000000e+01 1.003173366189002991e-01 1.234365180134773254e-01
1.800000000000000000e+01 9.992326050996780396e-02 1.231433153152465820e-01
1.900000000000000000e+01 9.951666742563247681e-02 1.228188425302505493e-01
2.000000000000000000e+01 9.910252690315246582e-02 1.225112229585647583e-01
2.100000000000000000e+01 9.866376221179962158e-02 1.221928149461746216e-01
2.200000000000000000e+01 9.821467846632003784e-02 1.218418627977371216e-01
2.300000000000000000e+01 9.776068478822708130e-02 1.215054839849472046e-01
2.400000000000000000e+01 9.730710089206695557e-02 1.211931854486465454e-01
2.500000000000000000e+01 9.681551158428192139e-02 1.207637265324592590e-01
2.600000000000000000e+01 9.633009135723114014e-02 1.204745471477508545e-01
2.700000000000000000e+01 9.581054002046585083e-02 1.200719252228736877e-01
2.800000000000000000e+01 9.529546648263931274e-02 1.197117939591407776e-01
2.900000000000000000e+01 9.474729746580123901e-02 1.192837655544281006e-01
3.000000000000000000e+01 9.419891983270645142e-02 1.188925132155418396e-01
3.100000000000000000e+01 9.360580891370773315e-02 1.184499636292457581e-01
3.200000000000000000e+01 9.302348643541336060e-02 1.180225536227226257e-01
3.300000000000000000e+01 9.241627156734466553e-02 1.175287440419197083e-01
3.400000000000000000e+01 9.180441498756408691e-02 1.170758977532386780e-01
3.500000000000000000e+01 9.116707742214202881e-02 1.165316998958587646e-01
3.600000000000000000e+01 9.049873799085617065e-02 1.160850673913955688e-01
3.700000000000000000e+01 8.984081447124481201e-02 1.155293881893157959e-01
3.800000000000000000e+01 8.915258944034576416e-02 1.149483323097229004e-01
3.900000000000000000e+01 8.845458179712295532e-02 1.143271103501319885e-01
4.000000000000000000e+01 8.773877471685409546e-02 1.137304008007049561e-01
4.100000000000000000e+01 8.702826499938964844e-02 1.131434738636016846e-01
4.200000000000000000e+01 8.631364256143569946e-02 1.125241145491600037e-01
4.300000000000000000e+01 8.555700629949569702e-02 1.118919402360916138e-01
4.400000000000000000e+01 8.483001589775085449e-02 1.111548095941543579e-01
4.500000000000000000e+01 8.411631733179092407e-02 1.104613766074180603e-01
4.600000000000000000e+01 8.336210250854492188e-02 1.098304465413093567e-01
4.700000000000000000e+01 8.266773819923400879e-02 1.090717390179634094e-01
4.800000000000000000e+01 8.192522078752517700e-02 1.083295568823814392e-01
4.900000000000000000e+01 8.122119307518005371e-02 1.076478362083435059e-01
5.000000000000000000e+01 8.054442703723907471e-02 1.067970171570777893e-01
5.100000000000000000e+01 7.988864928483963013e-02 1.060231998562812805e-01
5.200000000000000000e+01 7.923583686351776123e-02 1.053463220596313477e-01
5.300000000000000000e+01 7.859857380390167236e-02 1.046189218759536743e-01
5.400000000000000000e+01 7.798491418361663818e-02 1.037896722555160522e-01
5.500000000000000000e+01 7.740650326013565063e-02 1.030543744564056396e-01
5.600000000000000000e+01 7.685571163892745972e-02 1.023876965045928955e-01
5.700000000000000000e+01 7.630926370620727539e-02 1.015891358256340027e-01
5.800000000000000000e+01 7.580173760652542114e-02 1.008155047893524170e-01
5.900000000000000000e+01 7.533480972051620483e-02 1.001619994640350342e-01
6.000000000000000000e+01 7.487522810697555542e-02 9.949911385774612427e-02
6.100000000000000000e+01 7.447789609432220459e-02 9.888156503438949585e-02
6.200000000000000000e+01 7.406540215015411377e-02 9.818917512893676758e-02
6.300000000000000000e+01 7.369590550661087036e-02 9.751901030540466309e-02
6.400000000000000000e+01 7.333228737115859985e-02 9.703224152326583862e-02
6.500000000000000000e+01 7.300513237714767456e-02 9.642433375120162964e-02
6.600000000000000000e+01 7.271318137645721436e-02 9.594493359327316284e-02
6.700000000000000000e+01 7.247458398342132568e-02 9.532713890075683594e-02
6.800000000000000000e+01 7.218644767999649048e-02 9.497924149036407471e-02
6.900000000000000000e+01 7.186524569988250732e-02 9.443017095327377319e-02
7.000000000000000000e+01 7.162512838840484619e-02 9.396447986364364624e-02
7.100000000000000000e+01 7.143837213516235352e-02 9.350758045911788940e-02
7.200000000000000000e+01 7.118165493011474609e-02 9.312055259943008423e-02
7.300000000000000000e+01 7.091908901929855347e-02 9.275019168853759766e-02
7.400000000000000000e+01 7.070288807153701782e-02 9.252761304378509521e-02
7.500000000000000000e+01 7.045950740575790405e-02 9.196740388870239258e-02
7.600000000000000000e+01 7.024765759706497192e-02 9.180632233619689941e-02
7.700000000000000000e+01 7.001501321792602539e-02 9.157157689332962036e-02
7.800000000000000000e+01 6.981077045202255249e-02 9.105936437845230103e-02
7.900000000000000000e+01 6.957570463418960571e-02 9.084054827690124512e-02
8.000000000000000000e+01 6.931526213884353638e-02 9.071040898561477661e-02
8.100000000000000000e+01 6.904810667037963867e-02 9.050201624631881714e-02
8.200000000000000000e+01 6.884606927633285522e-02 9.014970064163208008e-02
8.300000000000000000e+01 6.859612464904785156e-02 8.992712944746017456e-02
8.400000000000000000e+01 6.841140240430831909e-02 8.973181992769241333e-02
8.500000000000000000e+01 6.817010045051574707e-02 8.945250511169433594e-02
8.600000000000000000e+01 6.795140355825424194e-02 8.928661793470382690e-02
8.700000000000000000e+01 6.771215796470642090e-02 8.908705413341522217e-02
8.800000000000000000e+01 6.749692559242248535e-02 8.891586959362030029e-02
8.900000000000000000e+01 6.731414049863815308e-02 8.854534476995468140e-02
9.000000000000000000e+01 6.704127043485641479e-02 8.841714262962341309e-02
9.100000000000000000e+01 6.684996932744979858e-02 8.819564431905746460e-02
9.200000000000000000e+01 6.660722941160202026e-02 8.795075118541717529e-02
9.300000000000000000e+01 6.644912064075469971e-02 8.771143853664398193e-02
9.400000000000000000e+01 6.620135903358459473e-02 8.762687444686889648e-02
9.500000000000000000e+01 6.601491570472717285e-02 8.715847879648208618e-02
9.600000000000000000e+01 6.577520072460174561e-02 8.707224577665328979e-02
9.700000000000000000e+01 6.561131775379180908e-02 8.676304668188095093e-02
9.800000000000000000e+01 6.538138538599014282e-02 8.659315854310989380e-02
9.900000000000000000e+01 6.521458178758621216e-02 8.638022094964981079e-02
1.000000000000000000e+02 6.498929113149642944e-02 8.617875725030899048e-02
1.010000000000000000e+02 6.480331718921661377e-02 8.570346236228942871e-02
1.020000000000000000e+02 6.460172683000564575e-02 8.569281548261642456e-02
1.030000000000000000e+02 6.439991295337677002e-02 8.544758707284927368e-02
1.040000000000000000e+02 6.424876302480697632e-02 8.524923026561737061e-02
1.050000000000000000e+02 6.407352536916732788e-02 8.479101955890655518e-02
1.060000000000000000e+02 6.389334052801132202e-02 8.465254306793212891e-02
1.070000000000000000e+02 6.373469531536102295e-02 8.451464027166366577e-02
1.080000000000000000e+02 6.354485452175140381e-02 8.417822420597076416e-02
1.090000000000000000e+02 6.337916105985641479e-02 8.401643484830856323e-02
1.100000000000000000e+02 6.325504928827285767e-02 8.381573110818862915e-02
1.110000000000000000e+02 6.304482370615005493e-02 8.353382349014282227e-02
1.120000000000000000e+02 6.290823221206665039e-02 8.326176553964614868e-02
1.130000000000000000e+02 6.276474148035049438e-02 8.316497504711151123e-02
1.140000000000000000e+02 6.260842084884643555e-02 8.302433788776397705e-02
1.150000000000000000e+02 6.246616318821907043e-02 8.268905431032180786e-02
1.160000000000000000e+02 6.232104077935218811e-02 8.253388851881027222e-02
1.170000000000000000e+02 6.214883551001548767e-02 8.237166702747344971e-02
1.180000000000000000e+02 6.206389144062995911e-02 8.208853006362915039e-02
1.190000000000000000e+02 6.188455969095230103e-02 8.198627084493637085e-02
1.200000000000000000e+02 6.176071614027023315e-02 8.162774890661239624e-02
1.210000000000000000e+02 6.158434599637985229e-02 8.164335787296295166e-02
1.220000000000000000e+02 6.146831065416336060e-02 8.144537359476089478e-02
1.230000000000000000e+02 6.135906651616096497e-02 8.132012933492660522e-02
1.240000000000000000e+02 6.118476390838623047e-02 8.114218711853027344e-02
1.250000000000000000e+02 6.110669299960136414e-02 8.092302083969116211e-02
1.260000000000000000e+02 6.095867604017257690e-02 8.093913644552230835e-02
1.270000000000000000e+02 6.079231202602386475e-02 8.067931234836578369e-02
1.280000000000000000e+02 6.068369001150131226e-02 8.052983880043029785e-02
1.290000000000000000e+02 6.062909215688705444e-02 8.028122782707214355e-02
1.300000000000000000e+02 6.045809388160705566e-02 8.024054020643234253e-02
1.310000000000000000e+02 6.034116446971893311e-02 8.013149350881576538e-02
1.320000000000000000e+02 6.022956594824790955e-02 8.005488663911819458e-02
1.330000000000000000e+02 6.011649593710899353e-02 7.994443178176879883e-02
1.340000000000000000e+02 6.000580266118049622e-02 7.978662848472595215e-02
1.350000000000000000e+02 5.985777080059051514e-02 7.965821027755737305e-02
1.360000000000000000e+02 5.978775396943092346e-02 7.945033907890319824e-02
1.370000000000000000e+02 5.962251499295234680e-02 7.926646620035171509e-02
1.380000000000000000e+02 5.959424003958702087e-02 7.914792001247406006e-02
1.390000000000000000e+02 5.945407971739768982e-02 7.903667539358139038e-02
1.400000000000000000e+02 5.935501679778099060e-02 7.890860736370086670e-02
1.410000000000000000e+02 5.918909981846809387e-02 7.882683724164962769e-02
1.420000000000000000e+02 5.909320712089538574e-02 7.858932018280029297e-02
1.430000000000000000e+02 5.901919677853584290e-02 7.873848080635070801e-02
1.440000000000000000e+02 5.886105075478553772e-02 7.853083312511444092e-02
1.450000000000000000e+02 5.884788185358047485e-02 7.840195298194885254e-02
1.460000000000000000e+02 5.870415642857551575e-02 7.835033535957336426e-02
1.470000000000000000e+02 5.862028151750564575e-02 7.818173617124557495e-02
1.480000000000000000e+02 5.847647786140441895e-02 7.798211276531219482e-02
1.490000000000000000e+02 5.837963894009590149e-02 7.782871276140213013e-02
1.500000000000000000e+02 5.827684327960014343e-02 7.779487967491149902e-02
1.510000000000000000e+02 5.816680938005447388e-02 7.759767025709152222e-02
1.520000000000000000e+02 5.811218544840812683e-02 7.748391479253768921e-02
1.530000000000000000e+02 5.802876129746437073e-02 7.734802365303039551e-02
1.540000000000000000e+02 5.785951390862464905e-02 7.746168226003646851e-02
1.550000000000000000e+02 5.780243873596191406e-02 7.725982367992401123e-02
1.560000000000000000e+02 5.770691856741905212e-02 7.698943465948104858e-02
1.570000000000000000e+02 5.757002905011177063e-02 7.700797915458679199e-02
1.580000000000000000e+02 5.750510469079017639e-02 7.685183733701705933e-02
1.590000000000000000e+02 5.739116296172142029e-02 7.676512002944946289e-02
1.600000000000000000e+02 5.731286481022834778e-02 7.661356776952743530e-02
1.610000000000000000e+02 5.720811337232589722e-02 7.668705284595489502e-02
1.620000000000000000e+02 5.710825324058532715e-02 7.645586133003234863e-02
1.630000000000000000e+02 5.702821537852287292e-02 7.650748640298843384e-02
1.640000000000000000e+02 5.689664557576179504e-02 7.623873651027679443e-02
1.650000000000000000e+02 5.685717985033988953e-02 7.613805681467056274e-02
1.660000000000000000e+02 5.676380544900894165e-02 7.615654170513153076e-02
1.670000000000000000e+02 5.664712935686111450e-02 7.594186067581176758e-02
1.680000000000000000e+02 5.648431181907653809e-02 7.586722075939178467e-02
1.690000000000000000e+02 5.650207027792930603e-02 7.581946998834609985e-02
1.700000000000000000e+02 5.638372153043746948e-02 7.567765563726425171e-02
1.710000000000000000e+02 5.630749836564064026e-02 7.560726255178451538e-02
1.720000000000000000e+02 5.618391185998916626e-02 7.552498579025268555e-02
1.730000000000000000e+02 5.606887862086296082e-02 7.541163265705108643e-02
1.740000000000000000e+02 5.595418065786361694e-02 7.537081092596054077e-02
1.750000000000000000e+02 5.595994740724563599e-02 7.541991770267486572e-02
1.760000000000000000e+02 5.580856278538703918e-02 7.521543651819229126e-02
1.770000000000000000e+02 5.575644224882125854e-02 7.505213469266891479e-02
1.780000000000000000e+02 5.567212775349617004e-02 7.494618743658065796e-02
1.790000000000000000e+02 5.555918067693710327e-02 7.502157986164093018e-02
1.800000000000000000e+02 5.546509474515914917e-02 7.491005957126617432e-02
1.810000000000000000e+02 5.534037202596664429e-02 7.476826012134552002e-02
1.820000000000000000e+02 5.528629198670387268e-02 7.472253590822219849e-02
1.830000000000000000e+02 5.525714904069900513e-02 7.484033703804016113e-02
1.840000000000000000e+02 5.516830831766128540e-02 7.446525245904922485e-02
1.850000000000000000e+02 5.500007420778274536e-02 7.420954108238220215e-02
1.860000000000000000e+02 5.493492260575294495e-02 7.440217584371566772e-02
1.870000000000000000e+02 5.487143620848655701e-02 7.425972074270248413e-02
1.880000000000000000e+02 5.478416755795478821e-02 7.426025718450546265e-02
1.890000000000000000e+02 5.474085360765457153e-02 7.417060434818267822e-02
1.900000000000000000e+02 5.461947992444038391e-02 7.395972311496734619e-02
1.910000000000000000e+02 5.459410697221755981e-02 7.399185001850128174e-02
1.920000000000000000e+02 5.454454571008682251e-02 7.381807267665863037e-02
1.930000000000000000e+02 5.439687892794609070e-02 7.388655096292495728e-02
1.940000000000000000e+02 5.437249317765235901e-02 7.371051609516143799e-02
1.950000000000000000e+02 5.427591875195503235e-02 7.372342050075531006e-02
1.960000000000000000e+02 5.416928604245185852e-02 7.357472181320190430e-02
1.970000000000000000e+02 5.411025136709213257e-02 7.352563738822937012e-02
1.980000000000000000e+02 5.398723855614662170e-02 7.349120825529098511e-02
1.990000000000000000e+02 5.398874357342720032e-02 7.340271025896072388e-02
2.000000000000000000e+02 5.392694845795631409e-02 7.328896969556808472e-02
2.010000000000000000e+02 5.381472408771514893e-02 7.330138236284255981e-02
2.020000000000000000e+02 5.377877876162528992e-02 7.316094636917114258e-02
2.030000000000000000e+02 5.371211841702461243e-02 7.320267707109451294e-02
2.040000000000000000e+02 5.362942442297935486e-02 7.314403355121612549e-02
2.050000000000000000e+02 5.350828543305397034e-02 7.292021065950393677e-02
2.060000000000000000e+02 5.351315438747406006e-02 7.278989255428314209e-02
2.070000000000000000e+02 5.340891703963279724e-02 7.289610058069229126e-02
2.080000000000000000e+02 5.335570499300956726e-02 7.271073013544082642e-02
2.090000000000000000e+02 5.325104296207427979e-02 7.263015955686569214e-02
2.100000000000000000e+02 5.318038165569305420e-02 7.246045768260955811e-02
2.110000000000000000e+02 5.306736007332801819e-02 7.237993180751800537e-02
2.120000000000000000e+02 5.308191105723381042e-02 7.236860692501068115e-02
2.130000000000000000e+02 5.298469215631484985e-02 7.247353345155715942e-02
2.140000000000000000e+02 5.289857462048530579e-02 7.234160602092742920e-02
2.150000000000000000e+02 5.286328494548797607e-02 7.233697921037673950e-02
2.160000000000000000e+02 5.279863625764846802e-02 7.223507016897201538e-02
2.170000000000000000e+02 5.270399525761604309e-02 7.209283113479614258e-02
2.180000000000000000e+02 5.261001363396644592e-02 7.182509452104568481e-02
2.190000000000000000e+02 5.260807648301124573e-02 7.178757339715957642e-02
2.200000000000000000e+02 5.254885181784629822e-02 7.194014638662338257e-02
2.210000000000000000e+02 5.249292775988578796e-02 7.183218002319335938e-02
2.220000000000000000e+02 5.237362161278724670e-02 7.175741344690322876e-02
2.230000000000000000e+02 5.231518670916557312e-02 7.179867476224899292e-02
2.240000000000000000e+02 5.238839983940124512e-02 7.153158634901046753e-02
2.250000000000000000e+02 5.222909152507781982e-02 7.158315181732177734e-02
2.260000000000000000e+02 5.220027267932891846e-02 7.154202461242675781e-02
2.270000000000000000e+02 5.206200852990150452e-02 7.144782692193984985e-02
2.280000000000000000e+02 5.206255242228507996e-02 7.141102850437164307e-02
2.290000000000000000e+02 5.195789039134979248e-02 7.137674093246459961e-02
2.300000000000000000e+02 5.192558094859123230e-02 7.128784805536270142e-02
2.310000000000000000e+02 5.189608410000801086e-02 7.126899808645248413e-02
2.320000000000000000e+02 5.179787054657936096e-02 7.129730284214019775e-02
2.330000000000000000e+02 5.175514519214630127e-02 7.115815579891204834e-02
2.340000000000000000e+02 5.174700915813446045e-02 7.099287956953048706e-02
2.350000000000000000e+02 5.162586271762847900e-02 7.110091298818588257e-02
2.360000000000000000e+02 5.158714205026626587e-02 7.090698927640914917e-02
2.370000000000000000e+02 5.149763077497482300e-02 7.091308385133743286e-02
2.380000000000000000e+02 5.145808309316635132e-02 7.082944363355636597e-02
2.390000000000000000e+02 5.141279473900794983e-02 7.080084830522537231e-02
2.400000000000000000e+02 5.136991664767265320e-02 7.077124714851379395e-02
2.410000000000000000e+02 5.134571343660354614e-02 7.064180076122283936e-02
2.420000000000000000e+02 5.129437893629074097e-02 7.058694213628768921e-02
2.430000000000000000e+02 5.119548365473747253e-02 7.051036506891250610e-02
2.440000000000000000e+02 5.115993693470954895e-02 7.050959765911102295e-02
2.450000000000000000e+02 5.109782889485359192e-02 7.040197402238845825e-02
2.460000000000000000e+02 5.101223289966583252e-02 7.041642814874649048e-02
2.470000000000000000e+02 5.093234404921531677e-02 7.044187933206558228e-02
2.480000000000000000e+02 5.094262212514877319e-02 7.025018334388732910e-02
2.490000000000000000e+02 5.091695860028266907e-02 7.032734155654907227e-02
2.500000000000000000e+02 5.083375424146652222e-02 7.021789997816085815e-02
2.510000000000000000e+02 5.085121467709541321e-02 7.016474008560180664e-02
2.520000000000000000e+02 5.071428045630455017e-02 7.012325525283813477e-02
2.530000000000000000e+02 5.065910518169403076e-02 7.006739825010299683e-02
2.540000000000000000e+02 5.063139274716377258e-02 7.003450393676757812e-02
2.550000000000000000e+02 5.057015642523765564e-02 7.005269825458526611e-02
2.560000000000000000e+02 5.057311058044433594e-02 6.983634829521179199e-02
2.570000000000000000e+02 5.050280317664146423e-02 6.982382386922836304e-02
2.580000000000000000e+02 5.042316019535064697e-02 6.984791904687881470e-02
2.590000000000000000e+02 5.038519948720932007e-02 6.975638866424560547e-02
2.600000000000000000e+02 5.036012083292007446e-02 6.963653862476348877e-02
2.610000000000000000e+02 5.023350194096565247e-02 6.979963928461074829e-02
2.620000000000000000e+02 5.024538561701774597e-02 6.974584609270095825e-02
2.630000000000000000e+02 5.020543560385704041e-02 6.980423629283905029e-02
2.640000000000000000e+02 5.016233772039413452e-02 6.950242072343826294e-02
2.650000000000000000e+02 5.008405447006225586e-02 6.959722191095352173e-02
2.660000000000000000e+02 5.004365742206573486e-02 6.952209770679473877e-02
2.670000000000000000e+02 4.997061565518379211e-02 6.946846842765808105e-02
2.680000000000000000e+02 4.996041581034660339e-02 6.936389952898025513e-02
2.690000000000000000e+02 4.991871118545532227e-02 6.927174329757690430e-02
2.700000000000000000e+02 4.977688565850257874e-02 6.928231567144393921e-02
2.710000000000000000e+02 4.978737235069274902e-02 6.947669386863708496e-02
2.720000000000000000e+02 4.980862885713577271e-02 6.928090751171112061e-02
2.730000000000000000e+02 4.970077052712440491e-02 6.920322775840759277e-02
2.740000000000000000e+02 4.965864494442939758e-02 6.900928169488906860e-02
2.750000000000000000e+02 4.959106072783470154e-02 6.899507343769073486e-02
2.760000000000000000e+02 4.948566481471061707e-02 6.907040625810623169e-02
2.770000000000000000e+02 4.951720312237739563e-02 6.888884305953979492e-02
2.780000000000000000e+02 4.940142482519149780e-02 6.890746951103210449e-02
2.790000000000000000e+02 4.945959150791168213e-02 6.891033798456192017e-02
2.800000000000000000e+02 4.936004057526588440e-02 6.885283440351486206e-02
2.810000000000000000e+02 4.927840828895568848e-02 6.888724863529205322e-02
2.820000000000000000e+02 4.926844686269760132e-02 6.879346072673797607e-02
2.830000000000000000e+02 4.924897477030754089e-02 6.871848553419113159e-02
2.840000000000000000e+02 4.919595643877983093e-02 6.868135929107666016e-02
2.850000000000000000e+02 4.915996640920639038e-02 6.858371943235397339e-02
2.860000000000000000e+02 4.904446750879287720e-02 6.841726601123809814e-02
2.870000000000000000e+02 4.903667792677879333e-02 6.835453957319259644e-02
2.880000000000000000e+02 4.898512735962867737e-02 6.852384656667709351e-02
2.890000000000000000e+02 4.896276816725730896e-02 6.850182265043258667e-02
2.900000000000000000e+02 4.892581328749656677e-02 6.836038082838058472e-02
2.910000000000000000e+02 4.884668812155723572e-02 6.827511638402938843e-02
2.920000000000000000e+02 4.883620515465736389e-02 6.844066828489303589e-02
2.930000000000000000e+02 4.875449463725090027e-02 6.827211380004882812e-02
2.940000000000000000e+02 4.870318621397018433e-02 6.807382404804229736e-02
2.950000000000000000e+02 4.869365319609642029e-02 6.804943829774856567e-02
2.960000000000000000e+02 4.863600060343742371e-02 6.814876943826675415e-02
2.970000000000000000e+02 4.855072870850563049e-02 6.802976131439208984e-02
2.980000000000000000e+02 4.851232096552848816e-02 6.802566349506378174e-02
2.990000000000000000e+02 4.851407185196876526e-02 6.796151399612426758e-02
3.000000000000000000e+02 4.845574125647544861e-02 6.792882829904556274e-02
3.010000000000000000e+02 4.844086989760398865e-02 6.775263696908950806e-02
3.020000000000000000e+02 4.841368645429611206e-02 6.780225783586502075e-02
3.030000000000000000e+02 4.841075837612152100e-02 6.769300997257232666e-02
3.040000000000000000e+02 4.829345270991325378e-02 6.779807060956954956e-02
3.050000000000000000e+02 4.825167730450630188e-02 6.763423979282379150e-02
3.060000000000000000e+02 4.812206700444221497e-02 6.778283417224884033e-02
3.070000000000000000e+02 4.819666594266891479e-02 6.758645921945571899e-02
3.080000000000000000e+02 4.808380454778671265e-02 6.754110008478164673e-02
3.090000000000000000e+02 4.805026948451995850e-02 6.757888942956924438e-02
3.100000000000000000e+02 4.805646836757659912e-02 6.743767112493515015e-02
3.110000000000000000e+02 4.800963774323463440e-02 6.758215278387069702e-02
3.120000000000000000e+02 4.800636693835258484e-02 6.729681789875030518e-02
3.130000000000000000e+02 4.794769361615180969e-02 6.745997816324234009e-02
3.140000000000000000e+02 4.788375273346900940e-02 6.740171462297439575e-02
3.150000000000000000e+02 4.778000339865684509e-02 6.724858283996582031e-02
3.160000000000000000e+02 4.783059284090995789e-02 6.723567098379135132e-02
3.170000000000000000e+02 4.774512723088264465e-02 6.718523055315017700e-02
3.180000000000000000e+02 4.771809652447700500e-02 6.718104332685470581e-02
3.190000000000000000e+02 4.764515161514282227e-02 6.709187477827072144e-02
3.200000000000000000e+02 4.758200421929359436e-02 6.708151847124099731e-02
3.210000000000000000e+02 4.750287532806396484e-02 6.705384701490402222e-02
3.220000000000000000e+02 4.756212979555130005e-02 6.713055074214935303e-02
3.230000000000000000e+02 4.747433960437774658e-02 6.690978258848190308e-02
3.240000000000000000e+02 4.748374596238136292e-02 6.693861633539199829e-02
3.250000000000000000e+02 4.742909967899322510e-02 6.698109209537506104e-02
3.260000000000000000e+02 4.736467078328132629e-02 6.701258569955825806e-02
3.270000000000000000e+02 4.737826436758041382e-02 6.683411449193954468e-02
3.280000000000000000e+02 4.732239991426467896e-02 6.685834378004074097e-02
3.290000000000000000e+02 4.724102467298507690e-02 6.678017228841781616e-02
3.300000000000000000e+02 4.724677279591560364e-02 6.657933443784713745e-02
3.310000000000000000e+02 4.715998843312263489e-02 6.671379506587982178e-02
3.320000000000000000e+02 4.716401919722557068e-02 6.668753921985626221e-02
3.330000000000000000e+02 4.715945944190025330e-02 6.664428859949111938e-02
3.340000000000000000e+02 4.702419787645339966e-02 6.635621935129165649e-02
3.350000000000000000e+02 4.702387377619743347e-02 6.660790741443634033e-02
3.360000000000000000e+02 4.701073467731475830e-02 6.651162356138229370e-02
3.370000000000000000e+02 4.693357646465301514e-02 6.640630960464477539e-02
3.380000000000000000e+02 4.693297296762466431e-02 6.630325317382812500e-02
3.390000000000000000e+02 4.692892730236053467e-02 6.637700647115707397e-02
3.400000000000000000e+02 4.695269837975502014e-02 6.627956777811050415e-02
3.410000000000000000e+02 4.684597998857498169e-02 6.617502123117446899e-02
3.420000000000000000e+02 4.678654298186302185e-02 6.621806323528289795e-02
3.430000000000000000e+02 4.674179106950759888e-02 6.598263978958129883e-02
3.440000000000000000e+02 4.669239372014999390e-02 6.603777408599853516e-02
3.450000000000000000e+02 4.667732492089271545e-02 6.603915989398956299e-02
3.460000000000000000e+02 4.666307196021080017e-02 6.584079563617706299e-02
3.470000000000000000e+02 4.660946130752563477e-02 6.600487977266311646e-02
3.480000000000000000e+02 4.656974598765373230e-02 6.602267920970916748e-02
3.490000000000000000e+02 4.646626114845275879e-02 6.597643345594406128e-02
3.500000000000000000e+02 4.644636064767837524e-02 6.596804410219192505e-02
3.510000000000000000e+02 4.645740985870361328e-02 6.573434919118881226e-02
3.520000000000000000e+02 4.645612090826034546e-02 6.581664830446243286e-02
3.530000000000000000e+02 4.637693241238594055e-02 6.580590456724166870e-02
3.540000000000000000e+02 4.630580917000770569e-02 6.571789085865020752e-02
3.550000000000000000e+02 4.630602896213531494e-02 6.568852066993713379e-02
3.560000000000000000e+02 4.621674865484237671e-02 6.556854397058486938e-02
3.570000000000000000e+02 4.621222615242004395e-02 6.560038775205612183e-02
3.580000000000000000e+02 4.623062908649444580e-02 6.533177196979522705e-02
3.590000000000000000e+02 4.614108428359031677e-02 6.556796282529830933e-02
3.600000000000000000e+02 4.608896747231483459e-02 6.543309986591339111e-02
3.610000000000000000e+02 4.613441601395606995e-02 6.548192352056503296e-02
3.620000000000000000e+02 4.601211473345756531e-02 6.537502259016036987e-02
3.630000000000000000e+02 4.607212170958518982e-02 6.536763161420822144e-02
3.640000000000000000e+02 4.603746160864830017e-02 6.530545651912689209e-02
3.650000000000000000e+02 4.589705169200897217e-02 6.528896093368530273e-02
3.660000000000000000e+02 4.595549777150154114e-02 6.518103927373886108e-02
3.670000000000000000e+02 4.586035758256912231e-02 6.519382447004318237e-02
3.680000000000000000e+02 4.589328542351722717e-02 6.523220986127853394e-02
3.690000000000000000e+02 4.577388986945152283e-02 6.510886549949645996e-02
3.700000000000000000e+02 4.578847810626029968e-02 6.513185054063796997e-02
3.710000000000000000e+02 4.576224833726882935e-02 6.514851748943328857e-02
3.720000000000000000e+02 4.569815471768379211e-02 6.506142765283584595e-02
3.730000000000000000e+02 4.571669548749923706e-02 6.507755815982818604e-02
3.740000000000000000e+02 4.577230662107467651e-02 6.504341214895248413e-02
3.750000000000000000e+02 4.564457386732101440e-02 6.493318080902099609e-02
3.760000000000000000e+02 4.559824243187904358e-02 6.498726457357406616e-02
3.770000000000000000e+02 4.558750987052917480e-02 6.484045833349227905e-02
3.780000000000000000e+02 4.549342766404151917e-02 6.483864784240722656e-02
3.790000000000000000e+02 4.551073163747787476e-02 6.490547955036163330e-02
3.800000000000000000e+02 4.550025612115859985e-02 6.485367566347122192e-02
3.810000000000000000e+02 4.542808979749679565e-02 6.471251696348190308e-02
3.820000000000000000e+02 4.543093591928482056e-02 6.478427350521087646e-02
3.830000000000000000e+02 4.533314332365989685e-02 6.471820175647735596e-02
3.840000000000000000e+02 4.525475203990936279e-02 6.481519341468811035e-02
3.850000000000000000e+02 4.529668018221855164e-02 6.473660469055175781e-02
3.860000000000000000e+02 4.532497376203536987e-02 6.454705446958541870e-02
3.870000000000000000e+02 4.526195302605628967e-02 6.471944600343704224e-02
3.880000000000000000e+02 4.523205384612083435e-02 6.451280415058135986e-02
3.890000000000000000e+02 4.521374776959419250e-02 6.458634883165359497e-02
3.900000000000000000e+02 4.515481367707252502e-02 6.449417024850845337e-02
3.910000000000000000e+02 4.508234560489654541e-02 6.442541629076004028e-02
3.920000000000000000e+02 4.509253799915313721e-02 6.450259685516357422e-02
3.930000000000000000e+02 4.504586383700370789e-02 6.463632732629776001e-02
3.940000000000000000e+02 4.506964609026908875e-02 6.444223225116729736e-02
3.950000000000000000e+02 4.497767239809036255e-02 6.439588963985443115e-02
3.960000000000000000e+02 4.499340802431106567e-02 6.443078070878982544e-02
3.970000000000000000e+02 4.495884105563163757e-02 6.428038328886032104e-02
3.980000000000000000e+02 4.492216929793357849e-02 6.438707560300827026e-02
3.990000000000000000e+02 4.490127786993980408e-02 6.422939896583557129e-02
4.000000000000000000e+02 4.492390528321266174e-02 6.432240456342697144e-02
4.010000000000000000e+02 4.484473913908004761e-02 6.414008140563964844e-02
4.020000000000000000e+02 4.481498152017593384e-02 6.425866484642028809e-02
4.030000000000000000e+02 4.476493969559669495e-02 6.424774974584579468e-02
4.040000000000000000e+02 4.478196427226066589e-02 6.416330486536026001e-02
4.050000000000000000e+02 4.476289823651313782e-02 6.405852735042572021e-02
4.060000000000000000e+02 4.466155916452407837e-02 6.409853696823120117e-02
4.070000000000000000e+02 4.467375203967094421e-02 6.408721208572387695e-02
4.080000000000000000e+02 4.463787004351615906e-02 6.404045969247817993e-02
4.090000000000000000e+02 4.460759460926055908e-02 6.393416970968246460e-02
4.100000000000000000e+02 4.462283477187156677e-02 6.409142911434173584e-02
4.110000000000000000e+02 4.457876086235046387e-02 6.400036066770553589e-02
4.120000000000000000e+02 4.461498185992240906e-02 6.382650136947631836e-02
4.130000000000000000e+02 4.453909397125244141e-02 6.390464305877685547e-02
4.140000000000000000e+02 4.450026154518127441e-02 6.391292810440063477e-02
4.150000000000000000e+02 4.447672516107559204e-02 6.386212259531021118e-02
4.160000000000000000e+02 4.447485879063606262e-02 6.388688832521438599e-02
4.170000000000000000e+02 4.441558942198753357e-02 6.387534737586975098e-02
4.180000000000000000e+02 4.438307136297225952e-02 6.393885612487792969e-02
4.190000000000000000e+02 4.435862228274345398e-02 6.375431269407272339e-02
4.200000000000000000e+02 4.428721964359283447e-02 6.377343088388442993e-02
4.210000000000000000e+02 4.431014135479927063e-02 6.378103047609329224e-02
4.220000000000000000e+02 4.425247013568878174e-02 6.387626379728317261e-02
4.230000000000000000e+02 4.425010830163955688e-02 6.372665613889694214e-02
4.240000000000000000e+02 4.428674653172492981e-02 6.362316757440567017e-02
4.250000000000000000e+02 4.419898241758346558e-02 6.377296149730682373e-02
4.260000000000000000e+02 4.419001191854476929e-02 6.370022892951965332e-02
4.270000000000000000e+02 4.419191554188728333e-02 6.371538341045379639e-02
4.280000000000000000e+02 4.416339099407196045e-02 6.342384964227676392e-02
4.290000000000000000e+02 4.414992406964302063e-02 6.341280788183212280e-02
4.300000000000000000e+02 4.414345324039459229e-02 6.355161219835281372e-02
4.310000000000000000e+02 4.412699118256568909e-02 6.353095173835754395e-02
4.320000000000000000e+02 4.404436051845550537e-02 6.331010162830352783e-02
4.330000000000000000e+02 4.400636628270149231e-02 6.344997137784957886e-02
4.340000000000000000e+02 4.399773478507995605e-02 6.348152458667755127e-02
4.350000000000000000e+02 4.399071633815765381e-02 6.342551112174987793e-02
4.360000000000000000e+02 4.394916445016860962e-02 6.344211846590042114e-02
4.370000000000000000e+02 4.391912743449211121e-02 6.334311515092849731e-02
4.380000000000000000e+02 4.389633983373641968e-02 6.347709149122238159e-02
4.390000000000000000e+02 4.389983415603637695e-02 6.317716836929321289e-02
4.400000000000000000e+02 4.384658858180046082e-02 6.320802867412567139e-02
4.410000000000000000e+02 4.381074383854866028e-02 6.334469467401504517e-02
4.420000000000000000e+02 4.380440339446067810e-02 6.315134465694427490e-02
4.430000000000000000e+02 4.380420222878456116e-02 6.319885700941085815e-02
4.440000000000000000e+02 4.379148036241531372e-02 6.308139115571975708e-02
4.450000000000000000e+02 4.375448822975158691e-02 6.315524876117706299e-02
4.460000000000000000e+02 4.373945668339729309e-02 6.311640888452529907e-02
4.470000000000000000e+02 4.369053244590759277e-02 6.312654167413711548e-02
4.480000000000000000e+02 4.362147673964500427e-02 6.310670077800750732e-02
4.490000000000000000e+02 4.362153261899948120e-02 6.306514143943786621e-02
4.500000000000000000e+02 4.363616183400154114e-02 6.304474920034408569e-02
4.510000000000000000e+02 4.360830038785934448e-02 6.303891539573669434e-02
4.520000000000000000e+02 4.352826252579689026e-02 6.292822211980819702e-02
4.530000000000000000e+02 4.353702813386917114e-02 6.300337612628936768e-02
4.540000000000000000e+02 4.357859119772911072e-02 6.286383420228958130e-02
4.550000000000000000e+02 4.347693547606468201e-02 6.296122074127197266e-02
4.560000000000000000e+02 4.350287094712257385e-02 6.286230683326721191e-02
4.570000000000000000e+02 4.347099363803863525e-02 6.278899312019348145e-02
4.580000000000000000e+02 4.342842847108840942e-02 6.288704276084899902e-02
4.590000000000000000e+02 4.344451427459716797e-02 6.285330653190612793e-02
4.600000000000000000e+02 4.337986186146736145e-02 6.278121471405029297e-02
4.610000000000000000e+02 4.337816685438156128e-02 6.282778829336166382e-02
4.620000000000000000e+02 4.335101693868637085e-02 6.278286874294281006e-02
4.630000000000000000e+02 4.327873140573501587e-02 6.267443299293518066e-02
4.640000000000000000e+02 4.329186305403709412e-02 6.276714801788330078e-02
4.650000000000000000e+02 4.331319406628608704e-02 6.263370066881179810e-02
4.660000000000000000e+02 4.329056665301322937e-02 6.252422183752059937e-02
4.670000000000000000e+02 4.326867684721946716e-02 6.250949203968048096e-02
4.680000000000000000e+02 4.322036728262901306e-02 6.257380545139312744e-02
4.690000000000000000e+02 4.324600100517272949e-02 6.250198185443878174e-02
4.700000000000000000e+02 4.315191507339477539e-02 6.262500584125518799e-02
4.710000000000000000e+02 4.321007803082466125e-02 6.254674494266510010e-02
4.720000000000000000e+02 4.313756152987480164e-02 6.259063631296157837e-02
4.730000000000000000e+02 4.308852553367614746e-02 6.231445074081420898e-02
4.740000000000000000e+02 4.305977746844291687e-02 6.231334432959556580e-02
4.750000000000000000e+02 4.312496632337570190e-02 6.234968453645706177e-02
4.760000000000000000e+02 4.306795820593833923e-02 6.246341392397880554e-02
4.770000000000000000e+02 4.309613630175590515e-02 6.242556869983673096e-02
4.780000000000000000e+02 4.301298037171363831e-02 6.239868327975273132e-02
4.790000000000000000e+02 4.295725747942924500e-02 6.243691220879554749e-02
4.800000000000000000e+02 4.293293133378028870e-02 6.240897998213768005e-02
4.810000000000000000e+02 4.289724677801132202e-02 6.235242635011672974e-02
4.820000000000000000e+02 4.292407631874084473e-02 6.228965520858764648e-02
4.830000000000000000e+02 4.291385412216186523e-02 6.218524649739265442e-02
4.840000000000000000e+02 4.292019829154014587e-02 6.230037286877632141e-02
4.850000000000000000e+02 4.280211031436920166e-02 6.240242347121238708e-02
4.860000000000000000e+02 4.282599687576293945e-02 6.212120503187179565e-02
4.870000000000000000e+02 4.284043610095977783e-02 6.209845468401908875e-02
4.880000000000000000e+02 4.286110401153564453e-02 6.211403012275695801e-02
4.890000000000000000e+02 4.282931983470916748e-02 6.208088994026184082e-02
4.900000000000000000e+02 4.275688529014587402e-02 6.213254109025001526e-02
4.910000000000000000e+02 4.275996610522270203e-02 6.204746291041374207e-02
4.920000000000000000e+02 4.272482171654701233e-02 6.203258782625198364e-02
4.930000000000000000e+02 4.272457584738731384e-02 6.199182942509651184e-02
4.940000000000000000e+02 4.265511780977249146e-02 6.213647872209548950e-02
4.950000000000000000e+02 4.269982129335403442e-02 6.196326017379760742e-02
4.960000000000000000e+02 4.268591850996017456e-02 6.200567260384559631e-02
4.970000000000000000e+02 4.262499511241912842e-02 6.197512894868850708e-02
4.980000000000000000e+02 4.265344515442848206e-02 6.187315657734870911e-02
4.990000000000000000e+02 4.264966398477554321e-02 6.203958764672279358e-02
5.000000000000000000e+02 4.261058196425437927e-02 6.178293004631996155e-02
5.010000000000000000e+02 4.255330935120582581e-02 6.200882792472839355e-02
5.020000000000000000e+02 4.251634329557418823e-02 6.178295239806175232e-02
5.030000000000000000e+02 4.253043606877326965e-02 6.167626753449440002e-02
5.040000000000000000e+02 4.251686483621597290e-02 6.182025372982025146e-02
5.050000000000000000e+02 4.249268397688865662e-02 6.166758760809898376e-02
5.060000000000000000e+02 4.244429245591163635e-02 6.172902137041091919e-02
5.070000000000000000e+02 4.245033860206604004e-02 6.185938417911529541e-02
5.080000000000000000e+02 4.245348647236824036e-02 6.176784262061119080e-02
5.090000000000000000e+02 4.241826757788658142e-02 6.162206083536148071e-02
5.100000000000000000e+02 4.238883405923843384e-02 6.155574321746826172e-02
5.110000000000000000e+02 4.243699833750724792e-02 6.160848215222358704e-02
5.120000000000000000e+02 4.234859719872474670e-02 6.166748329997062683e-02
5.130000000000000000e+02 4.234729707241058350e-02 6.171045452356338501e-02
5.140000000000000000e+02 4.233172163367271423e-02 6.153444200754165649e-02
5.150000000000000000e+02 4.229105636477470398e-02 6.145945563912391663e-02
5.160000000000000000e+02 4.232404381036758423e-02 6.156022101640701294e-02
5.170000000000000000e+02 4.228605329990386963e-02 6.143907457590103149e-02
5.180000000000000000e+02 4.223167523741722107e-02 6.153875961899757385e-02
5.190000000000000000e+02 4.222568869590759277e-02 6.143681704998016357e-02
5.200000000000000000e+02 4.215602204203605652e-02 6.133305281400680542e-02
5.210000000000000000e+02 4.215933755040168762e-02 6.137773394584655762e-02
5.220000000000000000e+02 4.216168820858001709e-02 6.147986277937889099e-02
5.230000000000000000e+02 4.220240563154220581e-02 6.140394136309623718e-02
5.240000000000000000e+02 4.219857230782508850e-02 6.127436831593513489e-02
5.250000000000000000e+02 4.215985536575317383e-02 6.139091402292251587e-02
5.260000000000000000e+02 4.214671999216079712e-02 6.122670322656631470e-02
5.270000000000000000e+02 4.207876697182655334e-02 6.132923811674118042e-02
5.280000000000000000e+02 4.210605099797248840e-02 6.112676858901977539e-02
5.290000000000000000e+02 4.205396026372909546e-02 6.125001236796379089e-02
5.300000000000000000e+02 4.208459705114364624e-02 6.124920397996902466e-02
5.310000000000000000e+02 4.203268140554428101e-02 6.119971349835395813e-02
5.320000000000000000e+02 4.200365021824836731e-02 6.117627769708633423e-02
5.330000000000000000e+02 4.190513119101524353e-02 6.115482002496719360e-02
5.340000000000000000e+02 4.196809977293014526e-02 6.102100759744644165e-02
5.350000000000000000e+02 4.193931445479393005e-02 6.102658063173294067e-02
5.360000000000000000e+02 4.196413978934288025e-02 6.108922138810157776e-02
5.370000000000000000e+02 4.196415096521377563e-02 6.111565977334976196e-02
5.380000000000000000e+02 4.193434491753578186e-02 6.107653304934501648e-02
5.390000000000000000e+02 4.191453009843826294e-02 6.095957756042480469e-02
5.400000000000000000e+02 4.186458140611648560e-02 6.098775193095207214e-02
5.410000000000000000e+02 4.185634851455688477e-02 6.099633872509002686e-02
5.420000000000000000e+02 4.183563962578773499e-02 6.099105998873710632e-02
5.430000000000000000e+02 4.182435944676399231e-02 6.088418886065483093e-02
5.440000000000000000e+02 4.182612523436546326e-02 6.098455563187599182e-02
5.450000000000000000e+02 4.180424660444259644e-02 6.091082468628883362e-02
5.460000000000000000e+02 4.174304381012916565e-02 6.087394058704376221e-02
5.470000000000000000e+02 4.173032566905021667e-02 6.093334406614303589e-02
5.480000000000000000e+02 4.168924689292907715e-02 6.093998625874519348e-02
5.490000000000000000e+02 4.174610972404479980e-02 6.094165518879890442e-02
5.500000000000000000e+02 4.172911867499351501e-02 6.083572283387184143e-02
5.510000000000000000e+02 4.173908382654190063e-02 6.073361262679100037e-02
5.520000000000000000e+02 4.163786768913269043e-02 6.097379699349403381e-02
5.530000000000000000e+02 4.164161160588264465e-02 6.075664982199668884e-02
5.540000000000000000e+02 4.164169356226921082e-02 6.073748692870140076e-02
5.550000000000000000e+02 4.159102588891983032e-02 6.069532781839370728e-02
5.560000000000000000e+02 4.157800227403640747e-02 6.071687489748001099e-02
5.570000000000000000e+02 4.153270274400711060e-02 6.076560541987419128e-02
5.580000000000000000e+02 4.156426712870597839e-02 6.082775816321372986e-02
5.590000000000000000e+02 4.159430786967277527e-02 6.068129092454910278e-02
5.600000000000000000e+02 4.155513271689414978e-02 6.060159578919410706e-02
5.610000000000000000e+02 4.156743362545967102e-02 6.056811287999153137e-02
5.620000000000000000e+02 4.149482771754264832e-02 6.053784862160682678e-02
5.630000000000000000e+02 4.154233261942863464e-02 6.059946864843368530e-02
5.640000000000000000e+02 4.147760570049285889e-02 6.052596494555473328e-02
5.650000000000000000e+02 4.149467870593070984e-02 6.053695082664489746e-02
5.660000000000000000e+02 4.139621928334236145e-02 6.043530628085136414e-02
5.670000000000000000e+02 4.144623875617980957e-02 6.043625995516777039e-02
5.680000000000000000e+02 4.139981046319007874e-02 6.048559024930000305e-02
5.690000000000000000e+02 4.143103212118148804e-02 6.035812199115753174e-02
5.700000000000000000e+02 4.141524806618690491e-02 6.046805530786514282e-02
5.710000000000000000e+02 4.137341305613517761e-02 6.038438156247138977e-02
5.720000000000000000e+02 4.131504520773887634e-02 6.040774285793304443e-02
5.730000000000000000e+02 4.133949801325798035e-02 6.032681837677955627e-02
5.740000000000000000e+02 4.137660562992095947e-02 6.041461974382400513e-02
5.750000000000000000e+02 4.133161157369613647e-02 6.035529822111129761e-02
5.760000000000000000e+02 4.129331558942794800e-02 6.030093505978584290e-02
5.770000000000000000e+02 4.133118316531181335e-02 6.022269278764724731e-02
5.780000000000000000e+02 4.126148298382759094e-02 6.030664220452308655e-02
5.790000000000000000e+02 4.127506539225578308e-02 6.020055711269378662e-02
5.800000000000000000e+02 4.124441370368003845e-02 6.030698865652084351e-02
5.810000000000000000e+02 4.124565422534942627e-02 6.036974489688873291e-02
5.820000000000000000e+02 4.125355184078216553e-02 6.032902002334594727e-02
5.830000000000000000e+02 4.119703918695449829e-02 6.018329784274101257e-02
5.840000000000000000e+02 4.116434231400489807e-02 6.011284887790679932e-02
5.850000000000000000e+02 4.117120802402496338e-02 6.020612642168998718e-02
5.860000000000000000e+02 4.118093475699424744e-02 6.006876006722450256e-02
5.870000000000000000e+02 4.121891409158706665e-02 6.016510352492332458e-02
5.880000000000000000e+02 4.117957130074501038e-02 5.998148396611213684e-02
5.890000000000000000e+02 4.109291359782218933e-02 6.011679023504257202e-02
5.900000000000000000e+02 4.107657447457313538e-02 6.014585122466087341e-02
5.910000000000000000e+02 4.113753512501716614e-02 6.013614311814308167e-02
5.920000000000000000e+02 4.106469452381134033e-02 6.002842262387275696e-02
5.930000000000000000e+02 4.111210629343986511e-02 5.997681617736816406e-02
5.940000000000000000e+02 4.105606675148010254e-02 6.009188666939735413e-02
5.950000000000000000e+02 4.103587940335273743e-02 5.995925143361091614e-02
5.960000000000000000e+02 4.102281481027603149e-02 6.003317981958389282e-02
5.970000000000000000e+02 4.100698232650756836e-02 5.997060984373092651e-02
5.980000000000000000e+02 4.105878248810768127e-02 6.006437167525291443e-02
5.990000000000000000e+02 4.101061448454856873e-02 5.995257198810577393e-02
6.000000000000000000e+02 4.096678644418716431e-02 5.996854603290557861e-02
6.010000000000000000e+02 4.097460582852363586e-02 5.985938385128974915e-02
6.020000000000000000e+02 4.092410579323768616e-02 5.985443666577339172e-02
6.030000000000000000e+02 4.093599319458007812e-02 5.999543145298957825e-02
6.040000000000000000e+02 4.097393155097961426e-02 5.979274585843086243e-02
6.050000000000000000e+02 4.094932600855827332e-02 5.981971323490142822e-02
6.060000000000000000e+02 4.094304144382476807e-02 5.970234051346778870e-02
6.070000000000000000e+02 4.088228568434715271e-02 5.968833714723587036e-02
6.080000000000000000e+02 4.084875062108039856e-02 5.982183292508125305e-02
6.090000000000000000e+02 4.089479893445968628e-02 5.971136316657066345e-02
6.100000000000000000e+02 4.079518094658851624e-02 5.990003794431686401e-02
6.110000000000000000e+02 4.081751778721809387e-02 5.977331101894378662e-02
6.120000000000000000e+02 4.078059270977973938e-02 5.982309579849243164e-02
6.130000000000000000e+02 4.083968326449394226e-02 5.971872806549072266e-02
6.140000000000000000e+02 4.081111028790473938e-02 5.972110480070114136e-02
6.150000000000000000e+02 4.072117805480957031e-02 5.960671231150627136e-02
6.160000000000000000e+02 4.075972363352775574e-02 5.960952118039131165e-02
6.170000000000000000e+02 4.076476395130157471e-02 5.955702066421508789e-02
6.180000000000000000e+02 4.075206443667411804e-02 5.961539223790168762e-02
6.190000000000000000e+02 4.069757089018821716e-02 5.959558114409446716e-02
6.200000000000000000e+02 4.067875072360038757e-02 5.961192771792411804e-02
6.210000000000000000e+02 4.069149494171142578e-02 5.962270498275756836e-02
6.220000000000000000e+02 4.068636521697044373e-02 5.956204980611801147e-02
6.230000000000000000e+02 4.067522287368774414e-02 5.948493629693984985e-02
6.240000000000000000e+02 4.065107554197311401e-02 5.959024652838706970e-02
6.250000000000000000e+02 4.062870517373085022e-02 5.959020927548408508e-02
6.260000000000000000e+02 4.059838876128196716e-02 5.966022983193397522e-02
6.270000000000000000e+02 4.064949601888656616e-02 5.954696238040924072e-02
6.280000000000000000e+02 4.063348844647407532e-02 5.954876542091369629e-02
6.290000000000000000e+02 4.060366377234458923e-02 5.951869115233421326e-02
6.300000000000000000e+02 4.061235114932060242e-02 5.949603766202926636e-02
6.310000000000000000e+02 4.054432734847068787e-02 5.942414328455924988e-02
6.320000000000000000e+02 4.058978706598281860e-02 5.930937454104423523e-02
6.330000000000000000e+02 4.053537175059318542e-02 5.935735628008842468e-02
6.340000000000000000e+02 4.055288806557655334e-02 5.940273776650428772e-02
6.350000000000000000e+02 4.047570377588272095e-02 5.931137874722480774e-02
6.360000000000000000e+02 4.047555103898048401e-02 5.935113131999969482e-02
6.370000000000000000e+02 4.051773622632026672e-02 5.922199785709381104e-02
6.380000000000000000e+02 4.047678411006927490e-02 5.930096656084060669e-02
6.390000000000000000e+02 4.046554118394851685e-02 5.926832929253578186e-02
6.400000000000000000e+02 4.047881066799163818e-02 5.925104022026062012e-02
6.410000000000000000e+02 4.044042527675628662e-02 5.930752679705619812e-02
6.420000000000000000e+02 4.041615128517150879e-02 5.923720821738243103e-02
6.430000000000000000e+02 4.038898274302482605e-02 5.915361642837524414e-02
6.440000000000000000e+02 4.039553925395011902e-02 5.929816514253616333e-02
6.450000000000000000e+02 4.038288444280624390e-02 5.922168865799903870e-02
6.460000000000000000e+02 4.033379256725311279e-02 5.923468247056007385e-02
6.470000000000000000e+02 4.032715037465095520e-02 5.911704897880554199e-02
6.480000000000000000e+02 4.038164392113685608e-02 5.907626822590827942e-02
6.490000000000000000e+02 4.035143926739692688e-02 5.919484049081802368e-02
6.500000000000000000e+02 4.030189290642738342e-02 5.920476466417312622e-02
6.510000000000000000e+02 4.035098850727081299e-02 5.922136828303337097e-02
6.520000000000000000e+02 4.031842201948165894e-02 5.898547172546386719e-02
6.530000000000000000e+02 4.032451659440994263e-02 5.912427604198455811e-02
6.540000000000000000e+02 4.028136655688285828e-02 5.912368372082710266e-02
6.550000000000000000e+02 4.026702791452407837e-02 5.921997502446174622e-02
6.560000000000000000e+02 4.029902815818786621e-02 5.917335674166679382e-02
6.570000000000000000e+02 4.024533182382583618e-02 5.902716889977455139e-02
6.580000000000000000e+02 4.025210812687873840e-02 5.907933786511421204e-02
6.590000000000000000e+02 4.026462882757186890e-02 5.900806561112403870e-02
6.600000000000000000e+02 4.020870104432106018e-02 5.904685333371162415e-02
6.610000000000000000e+02 4.022420570254325867e-02 5.915011838078498840e-02
