0.000000000000000000e+00 1.073251441121101379e-01 1.279518604278564453e-01
1.000000000000000000e+00 1.068293228745460510e-01 1.275550574064254761e-01
2.000000000000000000e+00 1.063408702611923218e-01 1.271281391382217407e-01
3.000000000000000000e+00 1.058633103966712952e-01 1.267115771770477295e-01
4.000000000000000000e+00 1.053823307156562805e-01 1.263038516044616699e-01
5.000000000000000000e+00 1.049128100275993347e-01 1.259219795465469360e-01
6.000000000000000000e+00 1.044372096657752991e-01 1.255081593990325928e-01
7.000000000000000000e+00 1.039618924260139465e-01 1.251159161329269409e-01
8.000000000000000000e+00 1.034901738166809082e-01 1.246953085064888000e-01
9.000000000000000000e+00 1.030139625072479248e-01 1.243206039071083069e-01
1.000000000000000000e+01 1.025467664003372192e-01 1.239014938473701477e-01
1.100000000000000000e+01 1.020735055208206177e-01 1.234829649329185486e-01
1.200000000000000000e+01 1.016005501151084900e-01 1.230755001306533813e-01
1.300000000000000000e+01 1.011224612593650818e-01 1.226805672049522400e-01
1.400000000000000000e+01 1.006416156888008118e-01 1.222516670823097229e-01
1.500000000000000000e+01 1.001619249582290649e-01 1.218477785587310791e-01
1.600000000000000000e+01 9.966576099395751953e-02 1.214386820793151855e-01
1.700000000000000000e+01 9.917722642421722412e-02 1.209973841905593872e-01
1.800000000000000000e+01 9.867639839649200439e-02 1.205375567078590393e-01
1.900000000000000000e+01 9.817408770322799683e-02 1.201429218053817749e-01
2.000000000000000000e+01 9.765764325857162476e-02 1.197201162576675415e-01
2.100000000000000000e+01 9.715130925178527832e-02 1.192448362708091736e-01
2.200000000000000000e+01 9.663784503936767578e-02 1.188056468963623047e-01
2.300000000000000000e+01 9.612520784139633179e-02 1.183629631996154785e-01
2.400000000000000000e+01 9.558651596307754517e-02 1.178867220878601074e-01
2.500000000000000000e+01 9.505208581686019897e-02 1.174345836043357849e-01
2.600000000000000000e+01 9.451434761285781860e-02 1.169972717761993408e-01
2.700000000000000000e+01 9.399179369211196899e-02 1.165600568056106567e-01
2.800000000000000000e+01 9.343367069959640503e-02 1.161000058054924011e-01
2.900000000000000000e+01 9.289681911468505859e-02 1.156179904937744141e-01
3.000000000000000000e+01 9.232795238494873047e-02 1.151847764849662781e-01
3.100000000000000000e+01 9.177622944116592407e-02 1.147178262472152710e-01
3.200000000000000000e+01 9.121520072221755981e-02 1.142206490039825439e-01
3.300000000000000000e+01 9.065169095993041992e-02 1.137529611587524414e-01
3.400000000000000000e+01 9.007626026868820190e-02 1.133153140544891357e-01
3.500000000000000000e+01 8.951216936111450195e-02 1.128501892089843750e-01
3.600000000000000000e+01 8.891685307025909424e-02 1.123930141329765320e-01
3.700000000000000000e+01 8.836010843515396118e-02 1.119278669357299805e-01
3.800000000000000000e+01 8.778675645589828491e-02 1.114849001169204712e-01
3.900000000000000000e+01 8.719295263290405273e-02 1.110111549496650696e-01
4.000000000000000000e+01 8.663180470466613770e-02 1.105457022786140442e-01
4.100000000000000000e+01 8.603842556476593018e-02 1.101613417267799377e-01
4.200000000000000000e+01 8.547981828451156616e-02 1.096538528800010681e-01
4.300000000000000000e+01 8.489732444286346436e-02 1.092620491981506348e-01
4.400000000000000000e+01 8.434648066759109497e-02 1.087835803627967834e-01
4.500000000000000000e+01 8.375279605388641357e-02 1.084184572100639343e-01
4.600000000000000000e+01 8.319684863090515137e-02 1.078834608197212219e-01
4.700000000000000000e+01 8.263365179300308228e-02 1.075031086802482605e-01
4.800000000000000000e+01 8.206652849912643433e-02 1.070761755108833313e-01
4.900000000000000000e+01 8.151812106370925903e-02 1.066397875547409058e-01
5.000000000000000000e+01 8.096665889024734497e-02 1.061545163393020630e-01
5.100000000000000000e+01 8.039806038141250610e-02 1.057914197444915771e-01
5.200000000000000000e+01 7.985813170671463013e-02 1.053125634789466858e-01
5.300000000000000000e+01 7.930351048707962036e-02 1.048502400517463684e-01
5.400000000000000000e+01 7.878202944993972778e-02 1.043912395834922791e-01
5.500000000000000000e+01 7.825529575347900391e-02 1.039276793599128723e-01
5.600000000000000000e+01 7.775580883026123047e-02 1.034710779786109924e-01
5.700000000000000000e+01 7.721068710088729858e-02 1.030449345707893372e-01
5.800000000000000000e+01 7.673004269599914551e-02 1.026720330119132996e-01
5.900000000000000000e+01 7.622706890106201172e-02 1.021242663264274597e-01
6.000000000000000000e+01 7.574603706598281860e-02 1.016827300190925598e-01
6.100000000000000000e+01 7.527182251214981079e-02 1.011399328708648682e-01
6.200000000000000000e+01 7.481954246759414673e-02 1.007260829210281372e-01
6.300000000000000000e+01 7.436804473400115967e-02 1.002866029739379883e-01
6.400000000000000000e+01 7.394038140773773193e-02 9.986829012632369995e-02
6.500000000000000000e+01 7.353331893682479858e-02 9.926051646471023560e-02
6.600000000000000000e+01 7.311861962080001831e-02 9.887725114822387695e-02
6.700000000000000000e+01 7.272244989871978760e-02 9.834239631891250610e-02
6.800000000000000000e+01 7.236589491367340088e-02 9.794379025697708130e-02
6.900000000000000000e+01 7.203831523656845093e-02 9.746282547712326050e-02
7.000000000000000000e+01 7.169540971517562866e-02 9.693233668804168701e-02
7.100000000000000000e+01 7.136281579732894897e-02 9.655454754829406738e-02
7.200000000000000000e+01 7.106410712003707886e-02 9.622668474912643433e-02
7.300000000000000000e+01 7.081542164087295532e-02 9.569776803255081177e-02
7.400000000000000000e+01 7.052343338727951050e-02 9.527035802602767944e-02
7.500000000000000000e+01 7.025485485792160034e-02 9.491012245416641235e-02
7.600000000000000000e+01 7.002855092287063599e-02 9.469233453273773193e-02
7.700000000000000000e+01 6.977101415395736694e-02 9.419336915016174316e-02
7.800000000000000000e+01 6.953452527523040771e-02 9.387143701314926147e-02
7.900000000000000000e+01 6.931747496128082275e-02 9.353861957788467407e-02
8.000000000000000000e+01 6.912849098443984985e-02 9.322586655616760254e-02
8.100000000000000000e+01 6.887748092412948608e-02 9.278964251279830933e-02
8.200000000000000000e+01 6.864769011735916138e-02 9.258809685707092285e-02
8.300000000000000000e+01 6.849766522645950317e-02 9.218134731054306030e-02
8.400000000000000000e+01 6.831420212984085083e-02 9.195630997419357300e-02
8.500000000000000000e+01 6.814083456993103027e-02 9.152966737747192383e-02
8.600000000000000000e+01 6.794750690460205078e-02 9.134165197610855103e-02
8.700000000000000000e+01 6.771896779537200928e-02 9.122428297996520996e-02
8.800000000000000000e+01 6.752234697341918945e-02 9.086933732032775879e-02
8.900000000000000000e+01 6.739164143800735474e-02 9.061186760663986206e-02
9.000000000000000000e+01 6.716302782297134399e-02 9.044244140386581421e-02
9.100000000000000000e+01 6.704161316156387329e-02 9.009417146444320679e-02
9.200000000000000000e+01 6.684279441833496094e-02 8.996687084436416626e-02
9.300000000000000000e+01 6.663876026868820190e-02 8.973809331655502319e-02
9.400000000000000000e+01 6.645029038190841675e-02 8.955090492963790894e-02
9.500000000000000000e+01 6.623925268650054932e-02 8.928233385086059570e-02
9.600000000000000000e+01 6.612734496593475342e-02 8.907226473093032837e-02
9.700000000000000000e+01 6.594733893871307373e-02 8.884708583354949951e-02
9.800000000000000000e+01 6.577552109956741333e-02 8.859170228242874146e-02
9.900000000000000000e+01 6.556992232799530029e-02 8.856677263975143433e-02
1.000000000000000000e+02 6.539104133844375610e-02 8.822663873434066772e-02
1.010000000000000000e+02 6.524579972028732300e-02 8.805105835199356079e-02
1.020000000000000000e+02 6.503786146640777588e-02 8.778598159551620483e-02
1.030000000000000000e+02 6.490179896354675293e-02 8.756146579980850220e-02
1.040000000000000000e+02 6.474456936120986938e-02 8.742792904376983643e-02
1.050000000000000000e+02 6.454871594905853271e-02 8.730240911245346069e-02
1.060000000000000000e+02 6.436752527952194214e-02 8.702892810106277466e-02
1.070000000000000000e+02 6.424015015363693237e-02 8.679282665252685547e-02
1.080000000000000000e+02 6.407479941844940186e-02 8.660150319337844849e-02
1.090000000000000000e+02 6.389133632183074951e-02 8.637054264545440674e-02
1.100000000000000000e+02 6.374219805002212524e-02 8.617988973855972290e-02
1.110000000000000000e+02 6.358098238706588745e-02 8.619973063468933105e-02
1.120000000000000000e+02 6.341709941625595093e-02 8.594688773155212402e-02
1.130000000000000000e+02 6.324313580989837646e-02 8.568487316370010376e-02
1.140000000000000000e+02 6.314089149236679077e-02 8.543321490287780762e-02
1.150000000000000000e+02 6.290104985237121582e-02 8.535954356193542480e-02
1.160000000000000000e+02 6.272340565919876099e-02 8.510234206914901733e-02
1.170000000000000000e+02 6.259219348430633545e-02 8.483225852251052856e-02
1.180000000000000000e+02 6.246465817093849182e-02 8.478293567895889282e-02
1.190000000000000000e+02 6.234006211161613464e-02 8.442515134811401367e-02
1.200000000000000000e+02 6.213745102286338806e-02 8.431295305490493774e-02
1.210000000000000000e+02 6.203151121735572815e-02 8.429455012083053589e-02
1.220000000000000000e+02 6.183265149593353271e-02 8.404663205146789551e-02
1.230000000000000000e+02 6.169404834508895874e-02 8.376308530569076538e-02
1.240000000000000000e+02 6.156108528375625610e-02 8.369217067956924438e-02
1.250000000000000000e+02 6.143804267048835754e-02 8.350676298141479492e-02
1.260000000000000000e+02 6.123833358287811279e-02 8.337841928005218506e-02
1.270000000000000000e+02 6.107940152287483215e-02 8.304388076066970825e-02
1.280000000000000000e+02 6.099397316575050354e-02 8.288944512605667114e-02
1.290000000000000000e+02 6.087749078869819641e-02 8.269035071134567261e-02
1.300000000000000000e+02 6.071329861879348755e-02 8.260335773229598999e-02
1.310000000000000000e+02 6.057711318135261536e-02 8.248244225978851318e-02
1.320000000000000000e+02 6.043488159775733948e-02 8.224842697381973267e-02
1.330000000000000000e+02 6.028425320982933044e-02 8.217713981866836548e-02
1.340000000000000000e+02 6.015785038471221924e-02 8.199799805879592896e-02
1.350000000000000000e+02 6.001961603760719299e-02 8.169375360012054443e-02
1.360000000000000000e+02 5.987190455198287964e-02 8.159638941287994385e-02
1.370000000000000000e+02 5.980413034558296204e-02 8.146794140338897705e-02
1.380000000000000000e+02 5.968598276376724243e-02 8.137606084346771240e-02
1.390000000000000000e+02 5.951290950179100037e-02 8.121158182621002197e-02
1.400000000000000000e+02 5.942281335592269897e-02 8.103838562965393066e-02
1.410000000000000000e+02 5.929956957697868347e-02 8.079796284437179565e-02
1.420000000000000000e+02 5.915839970111846924e-02 8.083329349756240845e-02
1.430000000000000000e+02 5.901850759983062744e-02 8.054769784212112427e-02
1.440000000000000000e+02 5.890259519219398499e-02 8.057187497615814209e-02
1.450000000000000000e+02 5.881885811686515808e-02 8.034057915210723877e-02
1.460000000000000000e+02 5.866830796003341675e-02 8.006758987903594971e-02
1.470000000000000000e+02 5.858741700649261475e-02 8.002366125583648682e-02
1.480000000000000000e+02 5.848013609647750854e-02 7.972491532564163208e-02
1.490000000000000000e+02 5.831100419163703918e-02 7.969666272401809692e-02
1.500000000000000000e+02 5.824884027242660522e-02 7.953618466854095459e-02
1.510000000000000000e+02 5.811355635523796082e-02 7.941478490829467773e-02
1.520000000000000000e+02 5.804441496729850769e-02 7.926307618618011475e-02
1.530000000000000000e+02 5.794331058859825134e-02 7.926676422357559204e-02
1.540000000000000000e+02 5.783609300851821899e-02 7.915913313627243042e-02
1.550000000000000000e+02 5.773903802037239075e-02 7.905848324298858643e-02
1.560000000000000000e+02 5.761735886335372925e-02 7.881782203912734985e-02
1.570000000000000000e+02 5.745378509163856506e-02 7.882092148065567017e-02
1.580000000000000000e+02 5.743229389190673828e-02 7.862230390310287476e-02
1.590000000000000000e+02 5.727916955947875977e-02 7.848533242940902710e-02
1.600000000000000000e+02 5.718975514173507690e-02 7.850843667984008789e-02
1.610000000000000000e+02 5.711545422673225403e-02 7.832226157188415527e-02
1.620000000000000000e+02 5.696162581443786621e-02 7.820852100849151611e-02
1.630000000000000000e+02 5.681647360324859619e-02 7.803780585527420044e-02
1.640000000000000000e+02 5.677166581153869629e-02 7.777927815914154053e-02
1.650000000000000000e+02 5.667069554328918457e-02 7.769346982240676880e-02
1.660000000000000000e+02 5.658080056309700012e-02 7.770099490880966187e-02
1.670000000000000000e+02 5.648466944694519043e-02 7.757558673620223999e-02
1.680000000000000000e+02 5.638508498668670654e-02 7.744546979665756226e-02
1.690000000000000000e+02 5.633287131786346436e-02 7.748862355947494507e-02
1.700000000000000000e+02 5.621945485472679138e-02 7.724788784980773926e-02
1.710000000000000000e+02 5.606218054890632629e-02 7.722759246826171875e-02
1.720000000000000000e+02 5.605976656079292297e-02 7.717401534318923950e-02
1.730000000000000000e+02 5.593593418598175049e-02 7.685084640979766846e-02
1.740000000000000000e+02 5.585255846381187439e-02 7.681310176849365234e-02
1.750000000000000000e+02 5.573116242885589600e-02 7.664138078689575195e-02
1.760000000000000000e+02 5.557148903608322144e-02 7.660521566867828369e-02
1.770000000000000000e+02 5.552020296454429626e-02 7.654684036970138550e-02
1.780000000000000000e+02 5.542496219277381897e-02 7.636090368032455444e-02
1.790000000000000000e+02 5.531300604343414307e-02 7.622784376144409180e-02
1.800000000000000000e+02 5.524287000298500061e-02 7.626640051603317261e-02
1.810000000000000000e+02 5.516420304775238037e-02 7.599548250436782837e-02
1.820000000000000000e+02 5.508284643292427063e-02 7.601432502269744873e-02
1.830000000000000000e+02 5.495076999068260193e-02 7.579810172319412231e-02
1.840000000000000000e+02 5.485532805323600769e-02 7.575896382331848145e-02
1.850000000000000000e+02 5.481288209557533264e-02 7.575239986181259155e-02
1.860000000000000000e+02 5.466989800333976746e-02 7.562404125928878784e-02
1.870000000000000000e+02 5.462427437305450439e-02 7.537022233009338379e-02
1.880000000000000000e+02 5.454432219266891479e-02 7.536115497350692749e-02
1.890000000000000000e+02 5.439021438360214233e-02 7.526600360870361328e-02
1.900000000000000000e+02 5.433720722794532776e-02 7.522386312484741211e-02
1.910000000000000000e+02 5.424840375781059265e-02 7.515136897563934326e-02
1.920000000000000000e+02 5.413597822189331055e-02 7.506370544433593750e-02
1.930000000000000000e+02 5.411120131611824036e-02 7.494343817234039307e-02
1.940000000000000000e+02 5.399959534406661987e-02 7.473357766866683960e-02
1.950000000000000000e+02 5.388877540826797485e-02 7.474941015243530273e-02
1.960000000000000000e+02 5.387818440794944763e-02 7.461600750684738159e-02
1.970000000000000000e+02 5.378473550081253052e-02 7.451638579368591309e-02
1.980000000000000000e+02 5.367900803685188293e-02 7.461236417293548584e-02
1.990000000000000000e+02 5.356343090534210205e-02 7.440029829740524292e-02
2.000000000000000000e+02 5.351099371910095215e-02 7.420134544372558594e-02
2.010000000000000000e+02 5.341347306966781616e-02 7.419470697641372681e-02
2.020000000000000000e+02 5.330756306648254395e-02 7.411134988069534302e-02
2.030000000000000000e+02 5.329919233918190002e-02 7.409084588289260864e-02
2.040000000000000000e+02 5.318661406636238098e-02 7.387333363294601440e-02
2.050000000000000000e+02 5.312281474471092224e-02 7.367383688688278198e-02
2.060000000000000000e+02 5.298157781362533569e-02 7.368142902851104736e-02
2.070000000000000000e+02 5.296117439866065979e-02 7.356823980808258057e-02
2.080000000000000000e+02 5.287918075919151306e-02 7.343487441539764404e-02
2.090000000000000000e+02 5.277986451983451843e-02 7.347866147756576538e-02
2.100000000000000000e+02 5.273667722940444946e-02 7.333286106586456299e-02
2.110000000000000000e+02 5.261741578578948975e-02 7.325369864702224731e-02
2.120000000000000000e+02 5.259734019637107849e-02 7.341702282428741455e-02
2.130000000000000000e+02 5.246114358305931091e-02 7.321993261575698853e-02
2.140000000000000000e+02 5.240384116768836975e-02 7.298967242240905762e-02
2.150000000000000000e+02 5.236110836267471313e-02 7.296403497457504272e-02
2.160000000000000000e+02 5.230558663606643677e-02 7.299041002988815308e-02
2.170000000000000000e+02 5.222492292523384094e-02 7.275836914777755737e-02
2.180000000000000000e+02 5.214047059416770935e-02 7.266983389854431152e-02
2.190000000000000000e+02 5.209255218505859375e-02 7.264932245016098022e-02
2.200000000000000000e+02 5.196014791727066040e-02 7.256446033716201782e-02
2.210000000000000000e+02 5.188786610960960388e-02 7.242600619792938232e-02
2.220000000000000000e+02 5.179251730442047119e-02 7.233692705631256104e-02
2.230000000000000000e+02 5.174097791314125061e-02 7.226603478193283081e-02
2.240000000000000000e+02 5.177964270114898682e-02 7.224146276712417603e-02
2.250000000000000000e+02 5.166824907064437866e-02 7.211349159479141235e-02
2.260000000000000000e+02 5.153858661651611328e-02 7.183858007192611694e-02
2.270000000000000000e+02 5.147984996438026428e-02 7.208947092294692993e-02
2.280000000000000000e+02 5.137780308723449707e-02 7.196895033121109009e-02
2.290000000000000000e+02 5.136095359921455383e-02 7.173411548137664795e-02
2.300000000000000000e+02 5.130667611956596375e-02 7.166237384080886841e-02
2.310000000000000000e+02 5.121929943561553955e-02 7.170166075229644775e-02
2.320000000000000000e+02 5.111543089151382446e-02 7.155998051166534424e-02
2.330000000000000000e+02 5.111863464117050171e-02 7.137638330459594727e-02
2.340000000000000000e+02 5.099087581038475037e-02 7.140065729618072510e-02
2.350000000000000000e+02 5.088755488395690918e-02 7.132615149021148682e-02
2.360000000000000000e+02 5.088819190859794617e-02 7.142956554889678955e-02
2.370000000000000000e+02 5.080967023968696594e-02 7.119057327508926392e-02
2.380000000000000000e+02 5.072297155857086182e-02 7.118764519691467285e-02
2.390000000000000000e+02 5.070501938462257385e-02 7.118887454271316528e-02
2.400000000000000000e+02 5.063555762171745300e-02 7.095631957054138184e-02
2.410000000000000000e+02 5.063275620341300964e-02 7.106279581785202026e-02
2.420000000000000000e+02 5.051159486174583435e-02 7.093697041273117065e-02
2.430000000000000000e+02 5.050193145871162415e-02 7.083923369646072388e-02
2.440000000000000000e+02 5.039506778120994568e-02 7.086437940597534180e-02
2.450000000000000000e+02 5.035954713821411133e-02 7.061613351106643677e-02
2.460000000000000000e+02 5.019962787628173828e-02 7.048568874597549438e-02
2.470000000000000000e+02 5.021411180496215820e-02 7.059367001056671143e-02
2.480000000000000000e+02 5.013395473361015320e-02 7.048683613538742065e-02
2.490000000000000000e+02 5.007641017436981201e-02 7.043544948101043701e-02
2.500000000000000000e+02 4.998432844877243042e-02 7.042682915925979614e-02
2.510000000000000000e+02 4.999148845672607422e-02 7.018688321113586426e-02
2.520000000000000000e+02 4.987917095422744751e-02 7.016941159963607788e-02
2.530000000000000000e+02 4.987696185708045959e-02 7.017193734645843506e-02
2.540000000000000000e+02 4.980703815817832947e-02 7.013687491416931152e-02
2.550000000000000000e+02 4.975881427526473999e-02 7.023036479949951172e-02
2.560000000000000000e+02 4.970082268118858337e-02 6.997452676296234131e-02
2.570000000000000000e+02 4.961771890521049500e-02 6.994339078664779663e-02
2.580000000000000000e+02 4.959715902805328369e-02 6.987965852022171021e-02
2.590000000000000000e+02 4.952013865113258362e-02 6.975595653057098389e-02
2.600000000000000000e+02 4.947863891720771790e-02 6.965737789869308472e-02
2.610000000000000000e+02 4.941013082861900330e-02 6.958806514739990234e-02
2.620000000000000000e+02 4.935756325721740723e-02 6.969054043292999268e-02
2.630000000000000000e+02 4.931528121232986450e-02 6.969466805458068848e-02
2.640000000000000000e+02 4.924936220049858093e-02 6.954116374254226685e-02
2.650000000000000000e+02 4.921083897352218628e-02 6.954799592494964600e-02
2.660000000000000000e+02 4.913684353232383728e-02 6.940585374832153320e-02
2.670000000000000000e+02 4.910051077604293823e-02 6.936039030551910400e-02
2.680000000000000000e+02 4.902928695082664490e-02 6.909538805484771729e-02
2.690000000000000000e+02 4.899528250098228455e-02 6.918486952781677246e-02
2.700000000000000000e+02 4.896102473139762878e-02 6.922157108783721924e-02
2.710000000000000000e+02 4.885695129632949829e-02 6.917344778776168823e-02
2.720000000000000000e+02 4.885873571038246155e-02 6.897299736738204956e-02
2.730000000000000000e+02 4.876819252967834473e-02 6.910844892263412476e-02
2.740000000000000000e+02 4.871097579598426819e-02 6.889303773641586304e-02
2.750000000000000000e+02 4.868441447615623474e-02 6.893570721149444580e-02
2.760000000000000000e+02 4.861601814627647400e-02 6.875342130661010742e-02
2.770000000000000000e+02 4.855544492602348328e-02 6.872683018445968628e-02
2.780000000000000000e+02 4.853368550539016724e-02 6.856629997491836548e-02
2.790000000000000000e+02 4.845784604549407959e-02 6.872176378965377808e-02
2.800000000000000000e+02 4.845535755157470703e-02 6.857462972402572632e-02
2.810000000000000000e+02 4.834014549851417542e-02 6.837206333875656128e-02
2.820000000000000000e+02 4.830888658761978149e-02 6.845560669898986816e-02
2.830000000000000000e+02 4.834090918302536011e-02 6.837669759988784790e-02
2.840000000000000000e+02 4.824528470635414124e-02 6.845606863498687744e-02
2.850000000000000000e+02 4.814057797193527222e-02 6.821512430906295776e-02
2.860000000000000000e+02 4.815318807959556580e-02 6.822047382593154907e-02
2.870000000000000000e+02 4.803308099508285522e-02 6.832631677389144897e-02
2.880000000000000000e+02 4.802672564983367920e-02 6.816790252923965454e-02
2.890000000000000000e+02 4.800026863813400269e-02 6.817014515399932861e-02
2.900000000000000000e+02 4.792854934930801392e-02 6.794456392526626587e-02
2.910000000000000000e+02 4.790028184652328491e-02 6.797529757022857666e-02
2.920000000000000000e+02 4.791058972477912903e-02 6.783696264028549194e-02
2.930000000000000000e+02 4.777179658412933350e-02 6.803099066019058228e-02
2.940000000000000000e+02 4.778903722763061523e-02 6.777700781822204590e-02
2.950000000000000000e+02 4.770575091242790222e-02 6.781948357820510864e-02
2.960000000000000000e+02 4.761220514774322510e-02 6.766357272863388062e-02
2.970000000000000000e+02 4.765195772051811218e-02 6.756197661161422729e-02
2.980000000000000000e+02 4.761954024434089661e-02 6.754701584577560425e-02
2.990000000000000000e+02 4.760257899761199951e-02 6.747871637344360352e-02
3.000000000000000000e+02 4.748362675309181213e-02 6.758065521717071533e-02
3.010000000000000000e+02 4.745737090706825256e-02 6.745900213718414307e-02
3.020000000000000000e+02 4.735519737005233765e-02 6.749652326107025146e-02
3.030000000000000000e+02 4.731794446706771851e-02 6.731444597244262695e-02
3.040000000000000000e+02 4.737325012683868408e-02 6.738739460706710815e-02
3.050000000000000000e+02 4.729553312063217163e-02 6.731986254453659058e-02
3.060000000000000000e+02 4.721427336335182190e-02 6.729868799448013306e-02
3.070000000000000000e+02 4.720897227525711060e-02 6.724584102630615234e-02
3.080000000000000000e+02 4.719244316220283508e-02 6.716106086969375610e-02
3.090000000000000000e+02 4.709975048899650574e-02 6.694851815700531006e-02
3.100000000000000000e+02 4.701508954167366028e-02 6.709662079811096191e-02
3.110000000000000000e+02 4.704163223505020142e-02 6.681489944458007812e-02
3.120000000000000000e+02 4.697308689355850220e-02 6.693049520254135132e-02
3.130000000000000000e+02 4.691440612077713013e-02 6.703109294176101685e-02
3.140000000000000000e+02 4.685763642191886902e-02 6.681112945079803467e-02
3.150000000000000000e+02 4.688737168908119202e-02 6.670773774385452271e-02
3.160000000000000000e+02 4.685347527265548706e-02 6.673855334520339966e-02
3.170000000000000000e+02 4.679145663976669312e-02 6.665640324354171753e-02
3.180000000000000000e+02 4.671533405780792236e-02 6.667175889015197754e-02
3.190000000000000000e+02 4.673784226179122925e-02 6.670168787240982056e-02
3.200000000000000000e+02 4.664519056677818298e-02 6.662505120038986206e-02
3.210000000000000000e+02 4.667178541421890259e-02 6.664364784955978394e-02
3.220000000000000000e+02 4.659448564052581787e-02 6.646255403757095337e-02
3.230000000000000000e+02 4.648642241954803467e-02 6.644086539745330811e-02
3.240000000000000000e+02 4.651730507612228394e-02 6.632260233163833618e-02
3.250000000000000000e+02 4.645186290144920349e-02 6.638572365045547485e-02
3.260000000000000000e+02 4.643928259611129761e-02 6.635741889476776123e-02
3.270000000000000000e+02 4.640375077724456787e-02 6.620944291353225708e-02
3.280000000000000000e+02 4.636408388614654541e-02 6.619447469711303711e-02
3.290000000000000000e+02 4.627130180597305298e-02 6.615561246871948242e-02
3.300000000000000000e+02 4.628408327698707581e-02 6.604159623384475708e-02
3.310000000000000000e+02 4.622806236147880554e-02 6.610114127397537231e-02
3.320000000000000000e+02 4.618066176772117615e-02 6.603841483592987061e-02
3.330000000000000000e+02 4.620563238859176636e-02 6.601086258888244629e-02
3.340000000000000000e+02 4.612315073609352112e-02 6.593828648328781128e-02
3.350000000000000000e+02 4.610151425004005432e-02 6.578584015369415283e-02
3.360000000000000000e+02 4.599780589342117310e-02 6.583779305219650269e-02
3.370000000000000000e+02 4.598494619131088257e-02 6.578920781612396240e-02
3.380000000000000000e+02 4.597396031022071838e-02 6.570132821798324585e-02
3.390000000000000000e+02 4.586614295840263367e-02 6.571978330612182617e-02
3.400000000000000000e+02 4.592149332165718079e-02 6.577081233263015747e-02
3.410000000000000000e+02 4.590460658073425293e-02 6.557837128639221191e-02
3.420000000000000000e+02 4.579710960388183594e-02 6.550674140453338623e-02
3.430000000000000000e+02 4.574808850884437561e-02 6.544368714094161987e-02
3.440000000000000000e+02 4.574212431907653809e-02 6.541933119297027588e-02
3.450000000000000000e+02 4.572505131363868713e-02 6.541404873132705688e-02
3.460000000000000000e+02 4.565128311514854431e-02 6.543175131082534790e-02
3.470000000000000000e+02 4.561587795615196228e-02 6.530165672302246094e-02
3.480000000000000000e+02 4.558363556861877441e-02 6.535124033689498901e-02
3.490000000000000000e+02 4.554997384548187256e-02 6.531555950641632080e-02
3.500000000000000000e+02 4.547619819641113281e-02 6.515454500913619995e-02
3.510000000000000000e+02 4.547007754445075989e-02 6.521466374397277832e-02
3.520000000000000000e+02 4.542583972215652466e-02 6.511113792657852173e-02
3.530000000000000000e+02 4.540583118796348572e-02 6.506342440843582153e-02
3.540000000000000000e+02 4.537905752658843994e-02 6.504463404417037964e-02
3.550000000000000000e+02 4.537611454725265503e-02 6.500713527202606201e-02
3.560000000000000000e+02 4.530846327543258667e-02 6.507932394742965698e-02
3.570000000000000000e+02 4.532533138990402222e-02 6.505227833986282349e-02
3.580000000000000000e+02 4.529042541980743408e-02 6.476052850484848022e-02
3.590000000000000000e+02 4.526032134890556335e-02 6.484579294919967651e-02
3.600000000000000000e+02 4.520770162343978882e-02 6.473626941442489624e-02
3.610000000000000000e+02 4.516161978244781494e-02 6.480807811021804810e-02
3.620000000000000000e+02 4.510055109858512878e-02 6.478804349899291992e-02
3.630000000000000000e+02 4.507968202233314514e-02 6.461074203252792358e-02
3.640000000000000000e+02 4.511068388819694519e-02 6.464060395956039429e-02
3.650000000000000000e+02 4.505066573619842529e-02 6.456184387207031250e-02
3.660000000000000000e+02 4.503348469734191895e-02 6.458575278520584106e-02
3.670000000000000000e+02 4.501355811953544617e-02 6.462745368480682373e-02
3.680000000000000000e+02 4.492072016000747681e-02 6.452880799770355225e-02
3.690000000000000000e+02 4.492432996630668640e-02 6.441713124513626099e-02
3.700000000000000000e+02 4.486400261521339417e-02 6.443672627210617065e-02
3.710000000000000000e+02 4.487266018986701965e-02 6.447022408246994019e-02
3.720000000000000000e+02 4.481905698776245117e-02 6.420681625604629517e-02
3.730000000000000000e+02 4.477445036172866821e-02 6.427066028118133545e-02
3.740000000000000000e+02 4.477388784289360046e-02 6.411299109458923340e-02
3.750000000000000000e+02 4.481105878949165344e-02 6.423772871494293213e-02
3.760000000000000000e+02 4.475800693035125732e-02 6.423033028841018677e-02
3.770000000000000000e+02 4.467381909489631653e-02 6.419708579778671265e-02
3.780000000000000000e+02 4.474045708775520325e-02 6.429289281368255615e-02
3.790000000000000000e+02 4.461074247956275940e-02 6.413789838552474976e-02
3.800000000000000000e+02 4.463082551956176758e-02 6.412304937839508057e-02
3.810000000000000000e+02 4.460905119776725769e-02 6.414472311735153198e-02
3.820000000000000000e+02 4.458362981677055359e-02 6.398205459117889404e-02
3.830000000000000000e+02 4.454450681805610657e-02 6.395728141069412231e-02
3.840000000000000000e+02 4.450599104166030884e-02 6.386747956275939941e-02
3.850000000000000000e+02 4.452136531472206116e-02 6.384488195180892944e-02
3.860000000000000000e+02 4.450291767716407776e-02 6.384799629449844360e-02
3.870000000000000000e+02 4.444758221507072449e-02 6.377058476209640503e-02
3.880000000000000000e+02 4.442469030618667603e-02 6.386821717023849487e-02
3.890000000000000000e+02 4.439018666744232178e-02 6.371875107288360596e-02
3.900000000000000000e+02 4.438120871782302856e-02 6.379984319210052490e-02
3.910000000000000000e+02 4.433399066329002380e-02 6.396725773811340332e-02
3.920000000000000000e+02 4.431728646159172058e-02 6.383145600557327271e-02
3.930000000000000000e+02 4.426123946905136108e-02 6.382707506418228149e-02
3.940000000000000000e+02 4.423870146274566650e-02 6.367009878158569336e-02
3.950000000000000000e+02 4.427457228302955627e-02 6.361695379018783569e-02
3.960000000000000000e+02 4.427417740225791931e-02 6.370896100997924805e-02
3.970000000000000000e+02 4.420745372772216797e-02 6.355249136686325073e-02
3.980000000000000000e+02 4.422210529446601868e-02 6.357756257057189941e-02
3.990000000000000000e+02 4.412935674190521240e-02 6.358714401721954346e-02
4.000000000000000000e+02 4.411065950989723206e-02 6.348899751901626587e-02
4.010000000000000000e+02 4.414480179548263550e-02 6.356164813041687012e-02
4.020000000000000000e+02 4.403996840119361877e-02 6.347738951444625854e-02
4.030000000000000000e+02 4.404497519135475159e-02 6.352633237838745117e-02
4.040000000000000000e+02 4.405606910586357117e-02 6.342449784278869629e-02
4.050000000000000000e+02 4.398666694760322571e-02 6.329154968261718750e-02
4.060000000000000000e+02 4.404731467366218567e-02 6.329920142889022827e-02
4.070000000000000000e+02 4.394660145044326782e-02 6.321035325527191162e-02
4.080000000000000000e+02 4.395447671413421631e-02 6.330587714910507202e-02
4.090000000000000000e+02 4.391579702496528625e-02 6.316011399030685425e-02
4.100000000000000000e+02 4.392148554325103760e-02 6.318125873804092407e-02
4.110000000000000000e+02 4.387602582573890686e-02 6.320036202669143677e-02
4.120000000000000000e+02 4.384736716747283936e-02 6.319217383861541748e-02
4.130000000000000000e+02 4.382918030023574829e-02 6.314634531736373901e-02
4.140000000000000000e+02 4.379808902740478516e-02 6.302564591169357300e-02
4.150000000000000000e+02 4.378981888294219971e-02 6.318830698728561401e-02
4.160000000000000000e+02 4.380499199032783508e-02 6.307097524404525757e-02
4.170000000000000000e+02 4.376760125160217285e-02 6.292840093374252319e-02
4.180000000000000000e+02 4.376686736941337585e-02 6.301975995302200317e-02
4.190000000000000000e+02 4.368173331022262573e-02 6.288641691207885742e-02
4.200000000000000000e+02 4.364368692040443420e-02 6.300530582666397095e-02
4.210000000000000000e+02 4.367880150675773621e-02 6.293842941522598267e-02
4.220000000000000000e+02 4.365490376949310303e-02 6.282773613929748535e-02
4.230000000000000000e+02 4.356950893998146057e-02 6.277452409267425537e-02
4.240000000000000000e+02 4.351547732949256897e-02 6.288675218820571899e-02
4.250000000000000000e+02 4.357044398784637451e-02 6.297912448644638062e-02
4.260000000000000000e+02 4.353661462664604187e-02 6.277739256620407104e-02
4.270000000000000000e+02 4.351170361042022705e-02 6.288655847311019897e-02
4.280000000000000000e+02 4.352111741900444031e-02 6.282025575637817383e-02
4.290000000000000000e+02 4.345452040433883667e-02 6.271799653768539429e-02
4.300000000000000000e+02 4.342604801058769226e-02 6.277230381965637207e-02
4.310000000000000000e+02 4.345142841339111328e-02 6.262092292308807373e-02
4.320000000000000000e+02 4.343624040484428406e-02 6.263913214206695557e-02
4.330000000000000000e+02 4.348788037896156311e-02 6.264758110046386719e-02
4.340000000000000000e+02 4.338554665446281433e-02 6.251953542232513428e-02
4.350000000000000000e+02 4.341709613800048828e-02 6.261292845010757446e-02
4.360000000000000000e+02 4.334461688995361328e-02 6.272942572832107544e-02
4.370000000000000000e+02 4.336752742528915405e-02 6.257224082946777344e-02
4.380000000000000000e+02 4.333652555942535400e-02 6.253705173730850220e-02
4.390000000000000000e+02 4.328371584415435791e-02 6.251359730958938599e-02
4.400000000000000000e+02 4.325529560446739197e-02 6.241460144519805908e-02
4.410000000000000000e+02 4.325781390070915222e-02 6.241346523165702820e-02
4.420000000000000000e+02 4.324325546622276306e-02 6.250057369470596313e-02
4.430000000000000000e+02 4.325079172849655151e-02 6.248553097248077393e-02
4.440000000000000000e+02 4.321938380599021912e-02 6.249418109655380249e-02
4.450000000000000000e+02 4.317158460617065430e-02 6.237680837512016296e-02
4.460000000000000000e+02 4.311844334006309509e-02 6.232806295156478882e-02
4.470000000000000000e+02 4.311390221118927002e-02 6.246606260538101196e-02
4.480000000000000000e+02 4.315710067749023438e-02 6.225821748375892639e-02
4.490000000000000000e+02 4.304779693484306335e-02 6.218343973159790039e-02
4.500000000000000000e+02 4.306001216173171997e-02 6.231768801808357239e-02
4.510000000000000000e+02 4.307799786329269409e-02 6.217536702752113342e-02
4.520000000000000000e+02 4.307761415839195251e-02 6.222369894385337830e-02
4.530000000000000000e+02 4.307937994599342346e-02 6.212210655212402344e-02
4.540000000000000000e+02 4.298389330506324768e-02 6.221915781497955322e-02
4.550000000000000000e+02 4.301459342241287231e-02 6.210647523403167725e-02
4.560000000000000000e+02 4.297050461173057556e-02 6.214928627014160156e-02
4.570000000000000000e+02 4.292063787579536438e-02 6.199686229228973389e-02
4.580000000000000000e+02 4.294669255614280701e-02 6.205590441823005676e-02
4.590000000000000000e+02 4.284822195768356323e-02 6.197683885693550110e-02
4.600000000000000000e+02 4.290465265512466431e-02 6.186190992593765259e-02
4.610000000000000000e+02 4.281714931130409241e-02 6.201744824647903442e-02
4.620000000000000000e+02 4.289069399237632751e-02 6.197354197502136230e-02
4.630000000000000000e+02 4.287713021039962769e-02 6.199812889099121094e-02
4.640000000000000000e+02 4.286553710699081421e-02 6.193419173359870911e-02
4.650000000000000000e+02 4.284608364105224609e-02 6.190714240074157715e-02
4.660000000000000000e+02 4.282680898904800415e-02 6.191398575901985168e-02
4.670000000000000000e+02 4.276841506361961365e-02 6.194051727652549744e-02
4.680000000000000000e+02 4.271851107478141785e-02 6.190224736928939819e-02
4.690000000000000000e+02 4.272823035717010498e-02 6.195912137627601624e-02
4.700000000000000000e+02 4.274759814143180847e-02 6.181029230356216431e-02
4.710000000000000000e+02 4.270171374082565308e-02 6.187208741903305054e-02
4.720000000000000000e+02 4.269105941057205200e-02 6.181216239929199219e-02
4.730000000000000000e+02 4.272168502211570740e-02 6.168371811509132385e-02
4.740000000000000000e+02 4.271316528320312500e-02 6.171372905373573303e-02
4.750000000000000000e+02 4.265487566590309143e-02 6.174254044890403748e-02
4.760000000000000000e+02 4.262154176831245422e-02 6.171279773116111755e-02
4.770000000000000000e+02 4.260767623782157898e-02 6.153376772999763489e-02
4.780000000000000000e+02 4.260671511292457581e-02 6.147623434662818909e-02
4.790000000000000000e+02 4.253990948200225830e-02 6.178827583789825439e-02
4.800000000000000000e+02 4.253615811467170715e-02 6.155179068446159363e-02
4.810000000000000000e+02 4.252750426530838013e-02 6.182764098048210144e-02
4.820000000000000000e+02 4.250431433320045471e-02 6.165705621242523193e-02
4.830000000000000000e+02 4.253431409597396851e-02 6.156119331717491150e-02
4.840000000000000000e+02 4.257285594940185547e-02 6.156899034976959229e-02
4.850000000000000000e+02 4.248366132378578186e-02 6.141089275479316711e-02
4.860000000000000000e+02 4.248945787549018860e-02 6.149188056588172913e-02
4.870000000000000000e+02 4.251484945416450500e-02 6.154345721006393433e-02
4.880000000000000000e+02 4.246483370661735535e-02 6.136519089341163635e-02
4.890000000000000000e+02 4.245008155703544617e-02 6.144183129072189331e-02
4.900000000000000000e+02 4.241170361638069153e-02 6.148841604590415955e-02
4.910000000000000000e+02 4.241571202874183655e-02 6.157640367746353149e-02
4.920000000000000000e+02 4.237635806202888489e-02 6.124333664774894714e-02
4.930000000000000000e+02 4.236661642789840698e-02 6.144796311855316162e-02
4.940000000000000000e+02 4.234395921230316162e-02 6.137384474277496338e-02
4.950000000000000000e+02 4.236717522144317627e-02 6.115119904279708862e-02
4.960000000000000000e+02 4.229991137981414795e-02 6.129953265190124512e-02
4.970000000000000000e+02 4.233319312334060669e-02 6.137154251337051392e-02
4.980000000000000000e+02 4.236093163490295410e-02 6.133283302187919617e-02
4.990000000000000000e+02 4.234219342470169067e-02 6.125191971659660339e-02
5.000000000000000000e+02 4.227436706423759460e-02 6.128576770424842834e-02
5.010000000000000000e+02 4.224839434027671814e-02 6.115064024925231934e-02
5.020000000000000000e+02 4.224020242691040039e-02 6.120172142982482910e-02
5.030000000000000000e+02 4.225086420774459839e-02 6.112178415060043335e-02
5.040000000000000000e+02 4.222468659281730652e-02 6.110560148954391479e-02
5.050000000000000000e+02 4.222828894853591919e-02 6.111160293221473694e-02
5.060000000000000000e+02 4.222736135125160217e-02 6.105115264654159546e-02
5.070000000000000000e+02 4.220249131321907043e-02 6.103419885039329529e-02
5.080000000000000000e+02 4.213315993547439575e-02 6.106785312294960022e-02
5.090000000000000000e+02 4.213202744722366333e-02 6.110390275716781616e-02
5.100000000000000000e+02 4.216035082936286926e-02 6.099356338381767273e-02
5.110000000000000000e+02 4.213001206517219543e-02 6.113272160291671753e-02
5.120000000000000000e+02 4.209087416529655457e-02 6.107647716999053955e-02
5.130000000000000000e+02 4.207946732640266418e-02 6.104742735624313354e-02
5.140000000000000000e+02 4.203479737043380737e-02 6.104552373290061951e-02
5.150000000000000000e+02 4.203423857688903809e-02 6.102035194635391235e-02
5.160000000000000000e+02 4.205421358346939087e-02 6.084972620010375977e-02
5.170000000000000000e+02 4.202952608466148376e-02 6.107841804623603821e-02
5.180000000000000000e+02 4.200049117207527161e-02 6.096515432000160217e-02
5.190000000000000000e+02 4.207270592451095581e-02 6.090315058827400208e-02
5.200000000000000000e+02 4.199314117431640625e-02 6.095715612173080444e-02
5.210000000000000000e+02 4.198062047362327576e-02 6.093167141079902649e-02
5.220000000000000000e+02 4.198285192251205444e-02 6.082091480493545532e-02
5.230000000000000000e+02 4.194230586290359497e-02 6.079341471195220947e-02
5.240000000000000000e+02 4.193722829222679138e-02 6.089061498641967773e-02
5.250000000000000000e+02 4.195525497198104858e-02 6.081581860780715942e-02
5.260000000000000000e+02 4.190183803439140320e-02 6.079927831888198853e-02
5.270000000000000000e+02 4.188638925552368164e-02 6.080399453639984131e-02
5.280000000000000000e+02 4.191937297582626343e-02 6.091317534446716309e-02
5.290000000000000000e+02 4.187047109007835388e-02 6.076667085289955139e-02
5.300000000000000000e+02 4.192750155925750732e-02 6.077950820326805115e-02
5.310000000000000000e+02 4.188334569334983826e-02 6.066704541444778442e-02
5.320000000000000000e+02 4.189233481884002686e-02 6.068234518170356750e-02
5.330000000000000000e+02 4.183765873312950134e-02 6.089060381054878235e-02
5.340000000000000000e+02 4.181207716464996338e-02 6.065078824758529663e-02
5.350000000000000000e+02 4.183087125420570374e-02 6.072094291448593140e-02
5.360000000000000000e+02 4.174247756600379944e-02 6.062087789177894592e-02
5.370000000000000000e+02 4.179614409804344177e-02 6.066779419779777527e-02
5.380000000000000000e+02 4.177871346473693848e-02 6.056250259280204773e-02
5.390000000000000000e+02 4.173574969172477722e-02 6.063229963183403015e-02
5.400000000000000000e+02 4.173726961016654968e-02 6.060424819588661194e-02
5.410000000000000000e+02 4.169356450438499451e-02 6.047638505697250366e-02
5.420000000000000000e+02 4.166236147284507751e-02 6.047941744327545166e-02
5.430000000000000000e+02 4.170382395386695862e-02 6.068985164165496826e-02
5.440000000000000000e+02 4.167872294783592224e-02 6.050850078463554382e-02
5.450000000000000000e+02 4.166635125875473022e-02 6.039638444781303406e-02
5.460000000000000000e+02 4.168278351426124573e-02 6.050834432244300842e-02
5.470000000000000000e+02 4.160628467798233032e-02 6.054304540157318115e-02
5.480000000000000000e+02 4.163271561264991760e-02 6.058942526578903198e-02
5.490000000000000000e+02 4.162373766303062439e-02 6.045939773321151733e-02
5.500000000000000000e+02 4.160288348793983459e-02 6.051169708371162415e-02
5.510000000000000000e+02 4.154079407453536987e-02 6.050011143088340759e-02
5.520000000000000000e+02 4.156609624624252319e-02 6.050344929099082947e-02
5.530000000000000000e+02 4.158103466033935547e-02 6.031562015414237976e-02
5.540000000000000000e+02 4.160347208380699158e-02 6.041586399078369141e-02
5.550000000000000000e+02 4.160538688302040100e-02 6.045452505350112915e-02
5.560000000000000000e+02 4.151810333132743835e-02 6.031410396099090576e-02
5.570000000000000000e+02 4.152457043528556824e-02 6.032477319240570068e-02
5.580000000000000000e+02 4.149543121457099915e-02 6.024773791432380676e-02
5.590000000000000000e+02 4.144768044352531433e-02 6.039064377546310425e-02
5.600000000000000000e+02 4.146192595362663269e-02 6.042043119668960571e-02
5.610000000000000000e+02 4.148786887526512146e-02 6.040429323911666870e-02
5.620000000000000000e+02 4.143192246556282043e-02 6.038709729909896851e-02
5.630000000000000000e+02 4.145279154181480408e-02 6.031258404254913330e-02
5.640000000000000000e+02 4.140479117631912231e-02 6.031184643507003784e-02
5.650000000000000000e+02 4.140574485063552856e-02 6.025594472885131836e-02
5.660000000000000000e+02 4.136595129966735840e-02 6.023433431982994080e-02
5.670000000000000000e+02 4.139286652207374573e-02 6.034420430660247803e-02
5.680000000000000000e+02 4.137115553021430969e-02 6.026670336723327637e-02
5.690000000000000000e+02 4.141636565327644348e-02 6.027822941541671753e-02
5.700000000000000000e+02 4.135272651910781860e-02 6.012900546193122864e-02
5.710000000000000000e+02 4.137643426656723022e-02 6.012730672955513000e-02
5.720000000000000000e+02 4.132390022277832031e-02 6.017391383647918701e-02
5.730000000000000000e+02 4.131813719868659973e-02 6.015585362911224365e-02
5.740000000000000000e+02 4.130602255463600159e-02 6.016581505537033081e-02
5.750000000000000000e+02 4.127062484622001648e-02 6.017029285430908203e-02
5.760000000000000000e+02 4.127214476466178894e-02 6.002990901470184326e-02
5.770000000000000000e+02 4.123236238956451416e-02 6.016756594181060791e-02
5.780000000000000000e+02 4.127628728747367859e-02 6.004293635487556458e-02
5.790000000000000000e+02 4.118981584906578064e-02 6.004283204674720764e-02
5.800000000000000000e+02 4.119213670492172241e-02 6.004486232995986938e-02
5.810000000000000000e+02 4.126171767711639404e-02 6.012022495269775391e-02
5.820000000000000000e+02 4.118663445115089417e-02 6.004811078310012817e-02
5.830000000000000000e+02 4.123611003160476685e-02 6.008763983845710754e-02
5.840000000000000000e+02 4.118806868791580200e-02 6.007135659456253052e-02
5.850000000000000000e+02 4.112188518047332764e-02 5.988555774092674255e-02
5.860000000000000000e+02 4.112005606293678284e-02 6.005088239908218384e-02
5.870000000000000000e+02 4.114692285656929016e-02 5.994781851768493652e-02
5.880000000000000000e+02 4.112332686781883240e-02 5.996139720082283020e-02
5.890000000000000000e+02 4.114030674099922180e-02 6.001667305827140808e-02
5.900000000000000000e+02 4.109185189008712769e-02 5.987646803259849548e-02
5.910000000000000000e+02 4.102958366274833679e-02 5.996796488761901855e-02
5.920000000000000000e+02 4.104351624846458435e-02 5.994144454598426819e-02
5.930000000000000000e+02 4.108226671814918518e-02 5.990494787693023682e-02
5.940000000000000000e+02 4.104851558804512024e-02 5.980129912495613098e-02
5.950000000000000000e+02 4.105843976140022278e-02 5.983388051390647888e-02
5.960000000000000000e+02 4.105688259005546570e-02 5.982570350170135498e-02
5.970000000000000000e+02 4.103110730648040771e-02 5.991921201348304749e-02
5.980000000000000000e+02 4.098954051733016968e-02 5.988918244838714600e-02
5.990000000000000000e+02 4.098709300160408020e-02 5.983333662152290344e-02
6.000000000000000000e+02 4.100768640637397766e-02 5.979688093066215515e-02
6.010000000000000000e+02 4.098954424262046814e-02 5.977277457714080811e-02
6.020000000000000000e+02 4.095062986016273499e-02 5.974205583333969116e-02
6.030000000000000000e+02 4.093362390995025635e-02 5.981900170445442200e-02
6.040000000000000000e+02 4.095096886157989502e-02 5.978287383913993835e-02
6.050000000000000000e+02 4.090359434485435486e-02 5.966642126441001892e-02
6.060000000000000000e+02 4.094620794057846069e-02 5.965031683444976807e-02
6.070000000000000000e+02 4.093460366129875183e-02 5.984156951308250427e-02
6.080000000000000000e+02 4.093185067176818848e-02 5.983482301235198975e-02
6.090000000000000000e+02 4.084790870547294617e-02 5.972464755177497864e-02
6.100000000000000000e+02 4.083836451172828674e-02 5.967958271503448486e-02
6.110000000000000000e+02 4.083175957202911377e-02 5.968640372157096863e-02
6.120000000000000000e+02 4.084336012601852417e-02 5.966858193278312683e-02
6.130000000000000000e+02 4.088719561696052551e-02 5.973521247506141663e-02
6.140000000000000000e+02 4.082217440009117126e-02 5.957677215337753296e-02
6.150000000000000000e+02 4.075412824749946594e-02 5.961800739169120789e-02
6.160000000000000000e+02 4.084018990397453308e-02 5.962076410651206970e-02
6.170000000000000000e+02 4.076007381081581116e-02 5.948748439550399780e-02
6.180000000000000000e+02 4.076421633362770081e-02 5.958127230405807495e-02
6.190000000000000000e+02 4.075967893004417419e-02 5.963663011789321899e-02
6.200000000000000000e+02 4.075188562273979187e-02 5.940424650907516479e-02
6.210000000000000000e+02 4.075389727950096130e-02 5.959932878613471985e-02
6.220000000000000000e+02 4.072747379541397095e-02 5.962525308132171631e-02
6.230000000000000000e+02 4.074861481785774231e-02 5.960108712315559387e-02
6.240000000000000000e+02 4.069271311163902283e-02 5.966517329216003418e-02
6.250000000000000000e+02 4.070920869708061218e-02 5.941704288125038147e-02
6.260000000000000000e+02 4.068263620138168335e-02 5.941580981016159058e-02
6.270000000000000000e+02 4.063832387328147888e-02 5.962720513343811035e-02
6.280000000000000000e+02 4.069184139370918274e-02 5.954806506633758545e-02
6.290000000000000000e+02 4.068028554320335388e-02 5.955399200320243835e-02
