0.000000000000000000e+00 1.081553176045417786e-01 1.272878050804138184e-01
1.000000000000000000e+00 1.075123399496078491e-01 1.268007010221481323e-01
2.000000000000000000e+00 1.068775728344917297e-01 1.263141483068466187e-01
3.000000000000000000e+00 1.062502562999725342e-01 1.258784979581832886e-01
4.000000000000000000e+00 1.056459173560142517e-01 1.253957301378250122e-01
5.000000000000000000e+00 1.050335019826889038e-01 1.249566227197647095e-01
6.000000000000000000e+00 1.044416502118110657e-01 1.244791448116302490e-01
7.000000000000000000e+00 1.038487777113914490e-01 1.240189298987388611e-01
8.000000000000000000e+00 1.032708734273910522e-01 1.235806345939636230e-01
9.000000000000000000e+00 1.026912629604339600e-01 1.231116354465484619e-01
1.000000000000000000e+01 1.021187230944633484e-01 1.226753816008567810e-01
1.100000000000000000e+01 1.015530228614807129e-01 1.221839115023612976e-01
1.200000000000000000e+01 1.009914204478263855e-01 1.217506453394889832e-01
1.300000000000000000e+01 1.004276797175407410e-01 1.212807819247245789e-01
1.400000000000000000e+01 9.986320137977600098e-02 1.208561137318611145e-01
1.500000000000000000e+01 9.929570555686950684e-02 1.204096600413322449e-01
1.600000000000000000e+01 9.874392300844192505e-02 1.199572533369064331e-01
1.700000000000000000e+01 9.818623960018157959e-02 1.194648370146751404e-01
1.800000000000000000e+01 9.762379527091979980e-02 1.190052032470703125e-01
1.900000000000000000e+01 9.706982970237731934e-02 1.185785308480262756e-01
2.000000000000000000e+01 9.650664031505584717e-02 1.181052848696708679e-01
2.100000000000000000e+01 9.595258533954620361e-02 1.176241636276245117e-01
2.200000000000000000e+01 9.537734836339950562e-02 1.171049177646636963e-01
2.300000000000000000e+01 9.481569379568099976e-02 1.166424006223678589e-01
2.400000000000000000e+01 9.425590187311172485e-02 1.161706671118736267e-01
2.500000000000000000e+01 9.370403736829757690e-02 1.156800761818885803e-01
2.600000000000000000e+01 9.313652664422988892e-02 1.151522696018218994e-01
2.700000000000000000e+01 9.257207065820693970e-02 1.146972030401229858e-01
2.800000000000000000e+01 9.200547635555267334e-02 1.141882315278053284e-01
2.900000000000000000e+01 9.145210683345794678e-02 1.136106327176094055e-01
3.000000000000000000e+01 9.090601652860641479e-02 1.132105514407157898e-01
3.100000000000000000e+01 9.034613519906997681e-02 1.126004904508590698e-01
3.200000000000000000e+01 8.979599922895431519e-02 1.120998039841651917e-01
3.300000000000000000e+01 8.925554156303405762e-02 1.115772426128387451e-01
3.400000000000000000e+01 8.870956301689147949e-02 1.110328584909439087e-01
3.500000000000000000e+01 8.815723657608032227e-02 1.104537025094032288e-01
3.600000000000000000e+01 8.761933445930480957e-02 1.099429726600646973e-01
3.700000000000000000e+01 8.706261962652206421e-02 1.094543859362602234e-01
3.800000000000000000e+01 8.654194325208663940e-02 1.088818758726119995e-01
3.900000000000000000e+01 8.600340038537979126e-02 1.083875745534896851e-01
4.000000000000000000e+01 8.544306457042694092e-02 1.078122332692146301e-01
4.100000000000000000e+01 8.491162955760955811e-02 1.072704866528511047e-01
4.200000000000000000e+01 8.436294645071029663e-02 1.067821681499481201e-01
4.300000000000000000e+01 8.381742984056472778e-02 1.061355769634246826e-01
4.400000000000000000e+01 8.327689766883850098e-02 1.056493967771530151e-01
4.500000000000000000e+01 8.273348212242126465e-02 1.051697134971618652e-01
4.600000000000000000e+01 8.218358457088470459e-02 1.045973151922225952e-01
4.700000000000000000e+01 8.161745220422744751e-02 1.040295809507369995e-01
4.800000000000000000e+01 8.109005540609359741e-02 1.035222932696342468e-01
4.900000000000000000e+01 8.056224882602691650e-02 1.029283851385116577e-01
5.000000000000000000e+01 8.001198619604110718e-02 1.024380922317504883e-01
5.100000000000000000e+01 7.947169244289398193e-02 1.018121019005775452e-01
5.200000000000000000e+01 7.898029685020446777e-02 1.012885048985481262e-01
5.300000000000000000e+01 7.846485078334808350e-02 1.007286757230758667e-01
5.400000000000000000e+01 7.793774455785751343e-02 1.002206504344940186e-01
5.500000000000000000e+01 7.749549299478530884e-02 9.965812414884567261e-02
5.600000000000000000e+01 7.698872685432434082e-02 9.912021458148956299e-02
5.700000000000000000e+01 7.652901858091354370e-02 9.854565560817718506e-02
5.800000000000000000e+01 7.609851658344268799e-02 9.799447655677795410e-02
5.900000000000000000e+01 7.565148174762725830e-02 9.752990305423736572e-02
6.000000000000000000e+01 7.520829886198043823e-02 9.689830243587493896e-02
6.100000000000000000e+01 7.487468421459197998e-02 9.637026488780975342e-02
6.200000000000000000e+01 7.444638013839721680e-02 9.582124650478363037e-02
6.300000000000000000e+01 7.411075383424758911e-02 9.529908001422882080e-02
6.400000000000000000e+01 7.372082024812698364e-02 9.484084695577621460e-02
6.500000000000000000e+01 7.339049875736236572e-02 9.430079162120819092e-02
6.600000000000000000e+01 7.308331131935119629e-02 9.383140504360198975e-02
6.700000000000000000e+01 7.276309281587600708e-02 9.337472915649414062e-02
6.800000000000000000e+01 7.241282612085342407e-02 9.284596890211105347e-02
6.900000000000000000e+01 7.216380536556243896e-02 9.232528507709503174e-02
7.000000000000000000e+01 7.186953723430633545e-02 9.189820289611816406e-02
7.100000000000000000e+01 7.160206884145736694e-02 9.157332777976989746e-02
7.200000000000000000e+01 7.136007398366928101e-02 9.105609357357025146e-02
7.300000000000000000e+01 7.102556526660919189e-02 9.080322086811065674e-02
7.400000000000000000e+01 7.082036137580871582e-02 9.033694863319396973e-02
7.500000000000000000e+01 7.057072222232818604e-02 8.998621255159378052e-02
7.600000000000000000e+01 7.030472159385681152e-02 8.953304588794708252e-02
7.700000000000000000e+01 7.004366815090179443e-02 8.935285359621047974e-02
7.800000000000000000e+01 6.981502473354339600e-02 8.897301554679870605e-02
7.900000000000000000e+01 6.956362724304199219e-02 8.868084102869033813e-02
8.000000000000000000e+01 6.931132078170776367e-02 8.837962895631790161e-02
8.100000000000000000e+01 6.907999515533447266e-02 8.814071863889694214e-02
8.200000000000000000e+01 6.884757429361343384e-02 8.793368190526962280e-02
8.300000000000000000e+01 6.857329607009887695e-02 8.756119757890701294e-02
8.400000000000000000e+01 6.830935925245285034e-02 8.740768581628799438e-02
8.500000000000000000e+01 6.806911528110504150e-02 8.724366128444671631e-02
8.600000000000000000e+01 6.781042367219924927e-02 8.690763264894485474e-02
8.700000000000000000e+01 6.758132576942443848e-02 8.674177527427673340e-02
8.800000000000000000e+01 6.729353219270706177e-02 8.644562959671020508e-02
8.900000000000000000e+01 6.710252910852432251e-02 8.639083802700042725e-02
9.000000000000000000e+01 6.684475392103195190e-02 8.619185537099838257e-02
9.100000000000000000e+01 6.663047522306442261e-02 8.609998971223831177e-02
9.200000000000000000e+01 6.636402010917663574e-02 8.574730157852172852e-02
9.300000000000000000e+01 6.616158038377761841e-02 8.549088984727859497e-02
9.400000000000000000e+01 6.589021533727645874e-02 8.534553647041320801e-02
9.500000000000000000e+01 6.569828838109970093e-02 8.516161888837814331e-02
9.600000000000000000e+01 6.545625627040863037e-02 8.485157787799835205e-02
9.700000000000000000e+01 6.523273140192031860e-02 8.468111604452133179e-02
9.800000000000000000e+01 6.498984247446060181e-02 8.449049293994903564e-02
9.900000000000000000e+01 6.479872763156890869e-02 8.447590470314025879e-02
1.000000000000000000e+02 6.460751593112945557e-02 8.421061933040618896e-02
1.010000000000000000e+02 6.444447487592697144e-02 8.407286554574966431e-02
1.020000000000000000e+02 6.422469019889831543e-02 8.389723300933837891e-02
1.030000000000000000e+02 6.401730328798294067e-02 8.361218869686126709e-02
1.040000000000000000e+02 6.383319944143295288e-02 8.335837721824645996e-02
1.050000000000000000e+02 6.358587741851806641e-02 8.333099633455276489e-02
1.060000000000000000e+02 6.343019753694534302e-02 8.302158862352371216e-02
1.070000000000000000e+02 6.325963884592056274e-02 8.291049301624298096e-02
1.080000000000000000e+02 6.307411938905715942e-02 8.268772810697555542e-02
1.090000000000000000e+02 6.284816563129425049e-02 8.253505080938339233e-02
1.100000000000000000e+02 6.269326806068420410e-02 8.217199891805648804e-02
1.110000000000000000e+02 6.252539157867431641e-02 8.214161545038223267e-02
1.120000000000000000e+02 6.234358251094818115e-02 8.187204599380493164e-02
1.130000000000000000e+02 6.220269948244094849e-02 8.179930597543716431e-02
1.140000000000000000e+02 6.202895566821098328e-02 8.149850368499755859e-02
1.150000000000000000e+02 6.186361610889434814e-02 8.143768459558486938e-02
1.160000000000000000e+02 6.170647963881492615e-02 8.123458176851272583e-02
1.170000000000000000e+02 6.156975030899047852e-02 8.120907843112945557e-02
1.180000000000000000e+02 6.141841039061546326e-02 8.092094212770462036e-02
1.190000000000000000e+02 6.127201020717620850e-02 8.085605502128601074e-02
1.200000000000000000e+02 6.114234775304794312e-02 8.058885484933853149e-02
1.210000000000000000e+02 6.094218790531158447e-02 8.055029064416885376e-02
1.220000000000000000e+02 6.081255897879600525e-02 8.032412081956863403e-02
1.230000000000000000e+02 6.064086407423019409e-02 8.025463670492172241e-02
1.240000000000000000e+02 6.056863442063331604e-02 8.017481863498687744e-02
1.250000000000000000e+02 6.038551777601242065e-02 7.999437302350997925e-02
1.260000000000000000e+02 6.026520952582359314e-02 7.965819537639617920e-02
1.270000000000000000e+02 6.012547388672828674e-02 7.973538339138031006e-02
1.280000000000000000e+02 6.000231951475143433e-02 7.941493391990661621e-02
1.290000000000000000e+02 5.983362719416618347e-02 7.941804081201553345e-02
1.300000000000000000e+02 5.972508713603019714e-02 7.908596098423004150e-02
1.310000000000000000e+02 5.961253121495246887e-02 7.928050309419631958e-02
1.320000000000000000e+02 5.946440622210502625e-02 7.904064655303955078e-02
1.330000000000000000e+02 5.937823653221130371e-02 7.901464402675628662e-02
1.340000000000000000e+02 5.921167507767677307e-02 7.886968553066253662e-02
1.350000000000000000e+02 5.912385508418083191e-02 7.865622639656066895e-02
1.360000000000000000e+02 5.899659916758537292e-02 7.861248403787612915e-02
1.370000000000000000e+02 5.886078625917434692e-02 7.836447656154632568e-02
1.380000000000000000e+02 5.878501385450363159e-02 7.841628789901733398e-02
1.390000000000000000e+02 5.869641900062561035e-02 7.812953740358352661e-02
1.400000000000000000e+02 5.855088308453559875e-02 7.810477912425994873e-02
1.410000000000000000e+02 5.848219990730285645e-02 7.796724885702133179e-02
1.420000000000000000e+02 5.833175033330917358e-02 7.787474244832992554e-02
1.430000000000000000e+02 5.822126939892768860e-02 7.775703072547912598e-02
1.440000000000000000e+02 5.819101259112358093e-02 7.781568914651870728e-02
1.450000000000000000e+02 5.805490165948867798e-02 7.756230235099792480e-02
1.460000000000000000e+02 5.799071490764617920e-02 7.771828025579452515e-02
1.470000000000000000e+02 5.785969272255897522e-02 7.738631963729858398e-02
1.480000000000000000e+02 5.778051167726516724e-02 7.740776240825653076e-02
1.490000000000000000e+02 5.768539756536483765e-02 7.721699029207229614e-02
1.500000000000000000e+02 5.756926909089088440e-02 7.719666510820388794e-02
1.510000000000000000e+02 5.743662267923355103e-02 7.709590345621109009e-02
1.520000000000000000e+02 5.741623789072036743e-02 7.693073153495788574e-02
1.530000000000000000e+02 5.737287178635597229e-02 7.692597806453704834e-02
1.540000000000000000e+02 5.721246823668479919e-02 7.677215337753295898e-02
1.550000000000000000e+02 5.713808536529541016e-02 7.667682319879531860e-02
1.560000000000000000e+02 5.705506354570388794e-02 7.664983719587326050e-02
1.570000000000000000e+02 5.700262263417243958e-02 7.660419493913650513e-02
1.580000000000000000e+02 5.694254487752914429e-02 7.649097591638565063e-02
1.590000000000000000e+02 5.686480924487113953e-02 7.635213434696197510e-02
1.600000000000000000e+02 5.674414336681365967e-02 7.644952088594436646e-02
1.610000000000000000e+02 5.660461634397506714e-02 7.632289081811904907e-02
1.620000000000000000e+02 5.655689164996147156e-02 7.622011750936508179e-02
1.630000000000000000e+02 5.652153491973876953e-02 7.612049579620361328e-02
1.640000000000000000e+02 5.642354860901832581e-02 7.600653171539306641e-02
1.650000000000000000e+02 5.637517943978309631e-02 7.601116597652435303e-02
1.660000000000000000e+02 5.627131089568138123e-02 7.606580108404159546e-02
1.670000000000000000e+02 5.620719492435455322e-02 7.601430267095565796e-02
1.680000000000000000e+02 5.611184611916542053e-02 7.568461447954177856e-02
1.690000000000000000e+02 5.606864392757415771e-02 7.574455440044403076e-02
1.700000000000000000e+02 5.592333525419235229e-02 7.551956921815872192e-02
1.710000000000000000e+02 5.588685348629951477e-02 7.545425742864608765e-02
1.720000000000000000e+02 5.578198656439781189e-02 7.532823085784912109e-02
1.730000000000000000e+02 5.573946610093116760e-02 7.537306845188140869e-02
1.740000000000000000e+02 5.571655184030532837e-02 7.535360753536224365e-02
1.750000000000000000e+02 5.558388680219650269e-02 7.512427121400833130e-02
1.760000000000000000e+02 5.550441518425941467e-02 7.522206008434295654e-02
1.770000000000000000e+02 5.541679635643959045e-02 7.506420463323593140e-02
1.780000000000000000e+02 5.534759908914566040e-02 7.501225918531417847e-02
1.790000000000000000e+02 5.525417998433113098e-02 7.505194097757339478e-02
1.800000000000000000e+02 5.521202832460403442e-02 7.495641708374023438e-02
1.810000000000000000e+02 5.514632910490036011e-02 7.491096854209899902e-02
1.820000000000000000e+02 5.513752996921539307e-02 7.490759342908859253e-02
1.830000000000000000e+02 5.503620952367782593e-02 7.479149103164672852e-02
1.840000000000000000e+02 5.496741086244583130e-02 7.467388361692428589e-02
1.850000000000000000e+02 5.490292236208915710e-02 7.486750185489654541e-02
1.860000000000000000e+02 5.480485036969184875e-02 7.456722110509872437e-02
1.870000000000000000e+02 5.476060137152671814e-02 7.438251376152038574e-02
1.880000000000000000e+02 5.469195172190666199e-02 7.435287535190582275e-02
1.890000000000000000e+02 5.459963530302047729e-02 7.446310669183731079e-02
1.900000000000000000e+02 5.456605926156044006e-02 7.435133308172225952e-02
1.910000000000000000e+02 5.450199171900749207e-02 7.422805577516555786e-02
1.920000000000000000e+02 5.439374595880508423e-02 7.433351129293441772e-02
1.930000000000000000e+02 5.435214191675186157e-02 7.409998774528503418e-02
1.940000000000000000e+02 5.431660637259483337e-02 7.406727969646453857e-02
1.950000000000000000e+02 5.421437695622444153e-02 7.405079901218414307e-02
1.960000000000000000e+02 5.415251106023788452e-02 7.394241541624069214e-02
1.970000000000000000e+02 5.406241118907928467e-02 7.402649521827697754e-02
1.980000000000000000e+02 5.406221002340316772e-02 7.385771721601486206e-02
1.990000000000000000e+02 5.398931726813316345e-02 7.379079610109329224e-02
2.000000000000000000e+02 5.385337397456169128e-02 7.369434088468551636e-02
2.010000000000000000e+02 5.380071699619293213e-02 7.359807938337326050e-02
2.020000000000000000e+02 5.374712496995925903e-02 7.351155579090118408e-02
2.030000000000000000e+02 5.371868982911109924e-02 7.358925789594650269e-02
2.040000000000000000e+02 5.367803573608398438e-02 7.346609979867935181e-02
2.050000000000000000e+02 5.361850559711456299e-02 7.335925847291946411e-02
2.060000000000000000e+02 5.352329462766647339e-02 7.343998551368713379e-02
2.070000000000000000e+02 5.343841016292572021e-02 7.341673970222473145e-02
2.080000000000000000e+02 5.339542403817176819e-02 7.311172038316726685e-02
2.090000000000000000e+02 5.335882306098937988e-02 7.315573096275329590e-02
2.100000000000000000e+02 5.327606946229934692e-02 7.328647375106811523e-02
2.110000000000000000e+02 5.325536802411079407e-02 7.318427413702011108e-02
2.120000000000000000e+02 5.320489779114723206e-02 7.299935817718505859e-02
2.130000000000000000e+02 5.313569679856300354e-02 7.297214865684509277e-02
2.140000000000000000e+02 5.310288816690444946e-02 7.317563146352767944e-02
2.150000000000000000e+02 5.299216881394386292e-02 7.290358841419219971e-02
2.160000000000000000e+02 5.293794721364974976e-02 7.284408062696456909e-02
2.170000000000000000e+02 5.288450792431831360e-02 7.273162156343460083e-02
2.180000000000000000e+02 5.281057581305503845e-02 7.280644774436950684e-02
2.190000000000000000e+02 5.280831083655357361e-02 7.261454313993453979e-02
2.200000000000000000e+02 5.272973328828811646e-02 7.260151207447052002e-02
2.210000000000000000e+02 5.265504494309425354e-02 7.254996150732040405e-02
2.220000000000000000e+02 5.259905010461807251e-02 7.246472686529159546e-02
2.230000000000000000e+02 5.253514647483825684e-02 7.243893295526504517e-02
2.240000000000000000e+02 5.244230851531028748e-02 7.232667505741119385e-02
2.250000000000000000e+02 5.242305248975753784e-02 7.233972102403640747e-02
2.260000000000000000e+02 5.236498266458511353e-02 7.242930680513381958e-02
2.270000000000000000e+02 5.223128944635391235e-02 7.213381677865982056e-02
2.280000000000000000e+02 5.220827832818031311e-02 7.226911187171936035e-02
2.290000000000000000e+02 5.220079794526100159e-02 7.218554615974426270e-02
2.300000000000000000e+02 5.208397656679153442e-02 7.200795412063598633e-02
2.310000000000000000e+02 5.211481079459190369e-02 7.208514958620071411e-02
2.320000000000000000e+02 5.205588415265083313e-02 7.205288857221603394e-02
2.330000000000000000e+02 5.199379101395606995e-02 7.198873162269592285e-02
2.340000000000000000e+02 5.199318751692771912e-02 7.183284312486648560e-02
2.350000000000000000e+02 5.187680199742317200e-02 7.189111411571502686e-02
2.360000000000000000e+02 5.178703740239143372e-02 7.173673808574676514e-02
2.370000000000000000e+02 5.179478228092193604e-02 7.176754623651504517e-02
2.380000000000000000e+02 5.169982090592384338e-02 7.172826677560806274e-02
2.390000000000000000e+02 5.160408839583396912e-02 7.149293273687362671e-02
2.400000000000000000e+02 5.163359642028808594e-02 7.156622409820556641e-02
2.410000000000000000e+02 5.155799537897109985e-02 7.172614336013793945e-02
2.420000000000000000e+02 5.148180201649665833e-02 7.157953828573226929e-02
2.430000000000000000e+02 5.144282802939414978e-02 7.138042151927947998e-02
2.440000000000000000e+02 5.139213800430297852e-02 7.143840193748474121e-02
2.450000000000000000e+02 5.138185992836952209e-02 7.126129418611526489e-02
2.460000000000000000e+02 5.134001374244689941e-02 7.132593542337417603e-02
2.470000000000000000e+02 5.126243829727172852e-02 7.106677442789077759e-02
2.480000000000000000e+02 5.114057660102844238e-02 7.127333432435989380e-02
2.490000000000000000e+02 5.116859823465347290e-02 7.129124552011489868e-02
2.500000000000000000e+02 5.108070746064186096e-02 7.107488811016082764e-02
2.510000000000000000e+02 5.102224647998809814e-02 7.102348655462265015e-02
2.520000000000000000e+02 5.102389305830001831e-02 7.101587206125259399e-02
2.530000000000000000e+02 5.096044018864631653e-02 7.094331830739974976e-02
2.540000000000000000e+02 5.088088288903236389e-02 7.091008126735687256e-02
2.550000000000000000e+02 5.085631459951400757e-02 7.096447050571441650e-02
2.560000000000000000e+02 5.081520974636077881e-02 7.082246243953704834e-02
2.570000000000000000e+02 5.070774257183074951e-02 7.082978636026382446e-02
2.580000000000000000e+02 5.071017146110534668e-02 7.076486200094223022e-02
2.590000000000000000e+02 5.064041540026664734e-02 7.073707133531570435e-02
2.600000000000000000e+02 5.062539502978324890e-02 7.067108154296875000e-02
2.610000000000000000e+02 5.057287216186523438e-02 7.074282318353652954e-02
2.620000000000000000e+02 5.053673684597015381e-02 7.044092565774917603e-02
2.630000000000000000e+02 5.048761144280433655e-02 7.058728486299514771e-02
2.640000000000000000e+02 5.042481422424316406e-02 7.053886353969573975e-02
2.650000000000000000e+02 5.038939043879508972e-02 7.045846432447433472e-02
2.660000000000000000e+02 5.030840262770652771e-02 7.038389891386032104e-02
2.670000000000000000e+02 5.035592615604400635e-02 7.033529877662658691e-02
2.680000000000000000e+02 5.028164014220237732e-02 7.029694318771362305e-02
2.690000000000000000e+02 5.019882321357727051e-02 7.011988759040832520e-02
2.700000000000000000e+02 5.014190450310707092e-02 7.019460201263427734e-02
2.710000000000000000e+02 5.010034888982772827e-02 7.027796655893325806e-02
2.720000000000000000e+02 5.001773685216903687e-02 7.007779181003570557e-02
2.730000000000000000e+02 5.002577975392341614e-02 7.004412263631820679e-02
2.740000000000000000e+02 4.997413605451583862e-02 6.999456137418746948e-02
2.750000000000000000e+02 4.995582252740859985e-02 7.002291083335876465e-02
2.760000000000000000e+02 4.983638599514961243e-02 6.999773532152175903e-02
2.770000000000000000e+02 4.987349733710289001e-02 6.988022476434707642e-02
2.780000000000000000e+02 4.985043779015541077e-02 6.965298950672149658e-02
2.790000000000000000e+02 4.977401345968246460e-02 6.984941661357879639e-02
2.800000000000000000e+02 4.964617639780044556e-02 6.988906115293502808e-02
2.810000000000000000e+02 4.959302023053169250e-02 6.975153088569641113e-02
2.820000000000000000e+02 4.956744611263275146e-02 6.961532682180404663e-02
2.830000000000000000e+02 4.953594505786895752e-02 6.962544471025466919e-02
2.840000000000000000e+02 4.952657967805862427e-02 6.952572613954544067e-02
2.850000000000000000e+02 4.951639100909233093e-02 6.947065889835357666e-02
2.860000000000000000e+02 4.943737760186195374e-02 6.950319558382034302e-02
2.870000000000000000e+02 4.934854060411453247e-02 6.930577009916305542e-02
2.880000000000000000e+02 4.932039231061935425e-02 6.936910003423690796e-02
2.890000000000000000e+02 4.934358224272727966e-02 6.916036456823348999e-02
2.900000000000000000e+02 4.924407601356506348e-02 6.918851286172866821e-02
2.910000000000000000e+02 4.916650429368019104e-02 6.928545981645584106e-02
2.920000000000000000e+02 4.913714900612831116e-02 6.926491111516952515e-02
2.930000000000000000e+02 4.909230396151542664e-02 6.920807808637619019e-02
2.940000000000000000e+02 4.910489544272422791e-02 6.914458423852920532e-02
2.950000000000000000e+02 4.901245608925819397e-02 6.907221674919128418e-02
2.960000000000000000e+02 4.896406829357147217e-02 6.892546266317367554e-02
2.970000000000000000e+02 4.896942526102066040e-02 6.921062618494033813e-02
2.980000000000000000e+02 4.883886501193046570e-02 6.902667135000228882e-02
2.990000000000000000e+02 4.881846904754638672e-02 6.892580538988113403e-02
3.000000000000000000e+02 4.882872104644775391e-02 6.900817900896072388e-02
3.010000000000000000e+02 4.875201359391212463e-02 6.902121752500534058e-02
3.020000000000000000e+02 4.872981086373329163e-02 6.882651895284652710e-02
3.030000000000000000e+02 4.867228120565414429e-02 6.875483691692352295e-02
3.040000000000000000e+02 4.864523187279701233e-02 6.879466027021408081e-02
3.050000000000000000e+02 4.863615334033966064e-02 6.876529753208160400e-02
3.060000000000000000e+02 4.859236255288124084e-02 6.873892992734909058e-02
3.070000000000000000e+02 4.850139096379280090e-02 6.868274509906768799e-02
3.080000000000000000e+02 4.852833226323127747e-02 6.859571486711502075e-02
3.090000000000000000e+02 4.838801547884941101e-02 6.859103590250015259e-02
3.100000000000000000e+02 4.841903224587440491e-02 6.859084218740463257e-02
3.110000000000000000e+02 4.833817109465599060e-02 6.834200769662857056e-02
3.120000000000000000e+02 4.829819127917289734e-02 6.836246699094772339e-02
3.130000000000000000e+02 4.828735813498497009e-02 6.844630092382431030e-02
3.140000000000000000e+02 4.826747998595237732e-02 6.821502745151519775e-02
3.150000000000000000e+02 4.821281135082244873e-02 6.838278472423553467e-02
3.160000000000000000e+02 4.816533252596855164e-02 6.830109655857086182e-02
3.170000000000000000e+02 4.814974963665008545e-02 6.827188283205032349e-02
3.180000000000000000e+02 4.807063192129135132e-02 6.818569451570510864e-02
3.190000000000000000e+02 4.801382124423980713e-02 6.820254772901535034e-02
3.200000000000000000e+02 4.795643314719200134e-02 6.829355657100677490e-02
3.210000000000000000e+02 4.799212515354156494e-02 6.818074733018875122e-02
3.220000000000000000e+02 4.788738116621971130e-02 6.809436529874801636e-02
3.230000000000000000e+02 4.784880578517913818e-02 6.808806955814361572e-02
3.240000000000000000e+02 4.780504107475280762e-02 6.790924072265625000e-02
3.250000000000000000e+02 4.781523719429969788e-02 6.792353093624114990e-02
3.260000000000000000e+02 4.767381027340888977e-02 6.796146929264068604e-02
3.270000000000000000e+02 4.769933596253395081e-02 6.784326583147048950e-02
3.280000000000000000e+02 4.768595844507217407e-02 6.782707571983337402e-02
3.290000000000000000e+02 4.764090850949287415e-02 6.777521967887878418e-02
3.300000000000000000e+02 4.758658260107040405e-02 6.780087202787399292e-02
3.310000000000000000e+02 4.754845052957534790e-02 6.777020543813705444e-02
3.320000000000000000e+02 4.748383164405822754e-02 6.774285435676574707e-02
3.330000000000000000e+02 4.747493192553520203e-02 6.762464344501495361e-02
3.340000000000000000e+02 4.743140563368797302e-02 6.768709421157836914e-02
3.350000000000000000e+02 4.734960943460464478e-02 6.756818294525146484e-02
3.360000000000000000e+02 4.738758876919746399e-02 6.742049753665924072e-02
3.370000000000000000e+02 4.731231182813644409e-02 6.751449406147003174e-02
3.380000000000000000e+02 4.729487746953964233e-02 6.748031824827194214e-02
3.390000000000000000e+02 4.727120324969291687e-02 6.752514094114303589e-02
3.400000000000000000e+02 4.722870513796806335e-02 6.738442927598953247e-02
3.410000000000000000e+02 4.715768992900848389e-02 6.743314117193222046e-02
3.420000000000000000e+02 4.714680090546607971e-02 6.756870448589324951e-02
3.430000000000000000e+02 4.708683490753173828e-02 6.741813570261001587e-02
3.440000000000000000e+02 4.706894606351852417e-02 6.735279411077499390e-02
3.450000000000000000e+02 4.700604081153869629e-02 6.720332056283950806e-02
3.460000000000000000e+02 4.700837284326553345e-02 6.726523488759994507e-02
3.470000000000000000e+02 4.699537158012390137e-02 6.711260974407196045e-02
3.480000000000000000e+02 4.693664982914924622e-02 6.709909439086914062e-02
3.490000000000000000e+02 4.691588133573532104e-02 6.705246120691299438e-02
3.500000000000000000e+02 4.686378315091133118e-02 6.704394519329071045e-02
3.510000000000000000e+02 4.680471122264862061e-02 6.691122055053710938e-02
3.520000000000000000e+02 4.679360240697860718e-02 6.696281582117080688e-02
3.530000000000000000e+02 4.675505682826042175e-02 6.698792427778244019e-02
3.540000000000000000e+02 4.668013378977775574e-02 6.708284467458724976e-02
3.550000000000000000e+02 4.662686586380004883e-02 6.688237190246582031e-02
3.560000000000000000e+02 4.662872850894927979e-02 6.685757637023925781e-02
3.570000000000000000e+02 4.660058766603469849e-02 6.687378883361816406e-02
3.580000000000000000e+02 4.657731950283050537e-02 6.681309640407562256e-02
3.590000000000000000e+02 4.655221104621887207e-02 6.685162335634231567e-02
3.600000000000000000e+02 4.656072333455085754e-02 6.679811328649520874e-02
3.610000000000000000e+02 4.649875685572624207e-02 6.677631288766860962e-02
3.620000000000000000e+02 4.646769165992736816e-02 6.670828163623809814e-02
3.630000000000000000e+02 4.644498974084854126e-02 6.668812781572341919e-02
3.640000000000000000e+02 4.639607667922973633e-02 6.668721139430999756e-02
3.650000000000000000e+02 4.634799063205718994e-02 6.660013645887374878e-02
3.660000000000000000e+02 4.626988992094993591e-02 6.660806387662887573e-02
3.670000000000000000e+02 4.631012305617332458e-02 6.656823307275772095e-02
3.680000000000000000e+02 4.622866958379745483e-02 6.656919419765472412e-02
3.690000000000000000e+02 4.626619443297386169e-02 6.658964604139328003e-02
3.700000000000000000e+02 4.618959873914718628e-02 6.628110259771347046e-02
3.710000000000000000e+02 4.616401717066764832e-02 6.640455126762390137e-02
3.720000000000000000e+02 4.605346173048019409e-02 6.637448817491531372e-02
3.730000000000000000e+02 4.605453461408615112e-02 6.634154170751571655e-02
3.740000000000000000e+02 4.606758430600166321e-02 6.624543666839599609e-02
3.750000000000000000e+02 4.601655900478363037e-02 6.617770344018936157e-02
3.760000000000000000e+02 4.604404419660568237e-02 6.632039695978164673e-02
3.770000000000000000e+02 4.596627876162528992e-02 6.612576544284820557e-02
3.780000000000000000e+02 4.593547806143760681e-02 6.625345349311828613e-02
3.790000000000000000e+02 4.587331786751747131e-02 6.613034754991531372e-02
3.800000000000000000e+02 4.584774374961853027e-02 6.603918224573135376e-02
3.810000000000000000e+02 4.583061113953590393e-02 6.609203666448593140e-02
3.820000000000000000e+02 4.584410041570663452e-02 6.607969105243682861e-02
3.830000000000000000e+02 4.574844241142272949e-02 6.603602319955825806e-02
3.840000000000000000e+02 4.576504975557327271e-02 6.606283783912658691e-02
3.850000000000000000e+02 4.570810869336128235e-02 6.589862704277038574e-02
3.860000000000000000e+02 4.572056233882904053e-02 6.581728160381317139e-02
3.870000000000000000e+02 4.560496658086776733e-02 6.582427769899368286e-02
3.880000000000000000e+02 4.561509937047958374e-02 6.586272269487380981e-02
3.890000000000000000e+02 4.563671350479125977e-02 6.569144129753112793e-02
3.900000000000000000e+02 4.556693509221076965e-02 6.562404334545135498e-02
3.910000000000000000e+02 4.552146792411804199e-02 6.575397402048110962e-02
3.920000000000000000e+02 4.550497978925704956e-02 6.566651165485382080e-02
3.930000000000000000e+02 4.544703289866447449e-02 6.566105782985687256e-02
3.940000000000000000e+02 4.544756934046745300e-02 6.558983772993087769e-02
3.950000000000000000e+02 4.535752162337303162e-02 6.556375324726104736e-02
3.960000000000000000e+02 4.539243876934051514e-02 6.552214920520782471e-02
3.970000000000000000e+02 4.535439610481262207e-02 6.558685004711151123e-02
3.980000000000000000e+02 4.539210349321365356e-02 6.544444710016250610e-02
3.990000000000000000e+02 4.527249187231063843e-02 6.544462591409683228e-02
4.000000000000000000e+02 4.529798775911331177e-02 6.536937505006790161e-02
4.010000000000000000e+02 4.526622965931892395e-02 6.533540785312652588e-02
4.020000000000000000e+02 4.516116902232170105e-02 6.525844335556030273e-02
4.030000000000000000e+02 4.515500366687774658e-02 6.548174470663070679e-02
4.040000000000000000e+02 4.519209638237953186e-02 6.528885662555694580e-02
4.050000000000000000e+02 4.515025019645690918e-02 6.516303867101669312e-02
4.060000000000000000e+02 4.509775713086128235e-02 6.511544436216354370e-02
4.070000000000000000e+02 4.507734626531600952e-02 6.518878787755966187e-02
4.080000000000000000e+02 4.502807930111885071e-02 6.515908241271972656e-02
4.090000000000000000e+02 4.500022158026695251e-02 6.525669991970062256e-02
4.100000000000000000e+02 4.493663460016250610e-02 6.506613641977310181e-02
4.110000000000000000e+02 4.495581611990928650e-02 6.512264907360076904e-02
4.120000000000000000e+02 4.495718702673912048e-02 6.508489698171615601e-02
4.130000000000000000e+02 4.491859674453735352e-02 6.494791805744171143e-02
4.140000000000000000e+02 4.486874863505363464e-02 6.492637097835540771e-02
4.150000000000000000e+02 4.487234354019165039e-02 6.492310762405395508e-02
4.160000000000000000e+02 4.483389854431152344e-02 6.481730937957763672e-02
4.170000000000000000e+02 4.481489583849906921e-02 6.493317335844039917e-02
4.180000000000000000e+02 4.476376622915267944e-02 6.459562480449676514e-02
4.190000000000000000e+02 4.474290460348129272e-02 6.469380110502243042e-02
4.200000000000000000e+02 4.471858590841293335e-02 6.475253403186798096e-02
4.210000000000000000e+02 4.465232789516448975e-02 6.470610201358795166e-02
4.220000000000000000e+02 4.466788843274116516e-02 6.467942148447036743e-02
4.230000000000000000e+02 4.460138827562332153e-02 6.454943865537643433e-02
4.240000000000000000e+02 4.460120946168899536e-02 6.459096074104309082e-02
4.250000000000000000e+02 4.462699592113494873e-02 6.444630771875381470e-02
4.260000000000000000e+02 4.458334296941757202e-02 6.447535008192062378e-02
4.270000000000000000e+02 4.450258612632751465e-02 6.456489115953445435e-02
4.280000000000000000e+02 4.447227716445922852e-02 6.447162479162216187e-02
4.290000000000000000e+02 4.451998695731163025e-02 6.444893777370452881e-02
4.300000000000000000e+02 4.447894915938377380e-02 6.442560255527496338e-02
4.310000000000000000e+02 4.440253600478172302e-02 6.448638439178466797e-02
4.320000000000000000e+02 4.434560611844062805e-02 6.437799334526062012e-02
4.330000000000000000e+02 4.438145458698272705e-02 6.432206183671951294e-02
4.340000000000000000e+02 4.436394944787025452e-02 6.431388109922409058e-02
4.350000000000000000e+02 4.436073079705238342e-02 6.416418403387069702e-02
4.360000000000000000e+02 4.430469498038291931e-02 6.426255404949188232e-02
4.370000000000000000e+02 4.428785666823387146e-02 6.423442810773849487e-02
4.380000000000000000e+02 4.427637159824371338e-02 6.425529718399047852e-02
4.390000000000000000e+02 4.430545493960380554e-02 6.414762884378433228e-02
4.400000000000000000e+02 4.425884038209915161e-02 6.411629915237426758e-02
4.410000000000000000e+02 4.417121037840843201e-02 6.427253037691116333e-02
4.420000000000000000e+02 4.416737332940101624e-02 6.405531615018844604e-02
4.430000000000000000e+02 4.414480552077293396e-02 6.404451280832290649e-02
4.440000000000000000e+02 4.411786422133445740e-02 6.400986015796661377e-02
4.450000000000000000e+02 4.413504898548126221e-02 6.395166367292404175e-02
4.460000000000000000e+02 4.406022652983665466e-02 6.387019902467727661e-02
4.470000000000000000e+02 4.407361894845962524e-02 6.391974538564682007e-02
4.480000000000000000e+02 4.400151968002319336e-02 6.380034983158111572e-02
4.490000000000000000e+02 4.395011067390441895e-02 6.398678570985794067e-02
4.500000000000000000e+02 4.394363611936569214e-02 6.386535614728927612e-02
4.510000000000000000e+02 4.392649978399276733e-02 6.379674375057220459e-02
4.520000000000000000e+02 4.392244666814804077e-02 6.375326216220855713e-02
4.530000000000000000e+02 4.393316432833671570e-02 6.375800073146820068e-02
4.540000000000000000e+02 4.392098262906074524e-02 6.373360753059387207e-02
4.550000000000000000e+02 4.387498274445533752e-02 6.377398222684860229e-02
4.560000000000000000e+02 4.383998736739158630e-02 6.361305713653564453e-02
4.570000000000000000e+02 4.378455877304077148e-02 6.368368119001388550e-02
4.580000000000000000e+02 4.381365329027175903e-02 6.369396299123764038e-02
4.590000000000000000e+02 4.375376179814338684e-02 6.357239931821823120e-02
4.600000000000000000e+02 4.371735453605651855e-02 6.351078301668167114e-02
4.610000000000000000e+02 4.374057799577713013e-02 6.363360583782196045e-02
4.620000000000000000e+02 4.368600249290466309e-02 6.361224502325057983e-02
4.630000000000000000e+02 4.362949356436729431e-02 6.333579123020172119e-02
4.640000000000000000e+02 4.362455755472183228e-02 6.346549093723297119e-02
4.650000000000000000e+02 4.362254589796066284e-02 6.337782740592956543e-02
4.660000000000000000e+02 4.363041371107101440e-02 6.347291916608810425e-02
4.670000000000000000e+02 4.356818273663520813e-02 6.347140669822692871e-02
4.680000000000000000e+02 4.356752336025238037e-02 6.340573728084564209e-02
4.690000000000000000e+02 4.353523254394531250e-02 6.333858519792556763e-02
4.700000000000000000e+02 4.353768378496170044e-02 6.318711489439010620e-02
4.710000000000000000e+02 4.349770024418830872e-02 6.328373402357101440e-02
4.720000000000000000e+02 4.343958199024200439e-02 6.336910277605056763e-02
4.730000000000000000e+02 4.344679787755012512e-02 6.330596655607223511e-02
4.740000000000000000e+02 4.341188445687294006e-02 6.309258192777633667e-02
4.750000000000000000e+02 4.349609836935997009e-02 6.316635012626647949e-02
4.760000000000000000e+02 4.344709217548370361e-02 6.320191919803619385e-02
4.770000000000000000e+02 4.337495937943458557e-02 6.308397650718688965e-02
4.780000000000000000e+02 4.339526966214179993e-02 6.313370913267135620e-02
4.790000000000000000e+02 4.335889592766761780e-02 6.308030337095260620e-02
4.800000000000000000e+02 4.327630251646041870e-02 6.312774121761322021e-02
4.810000000000000000e+02 4.330610111355781555e-02 6.303608417510986328e-02
4.820000000000000000e+02 4.327849671244621277e-02 6.305605173110961914e-02
4.830000000000000000e+02 4.327781498432159424e-02 6.303604692220687866e-02
4.840000000000000000e+02 4.326612874865531921e-02 6.304316222667694092e-02
4.850000000000000000e+02 4.322941973805427551e-02 6.290746480226516724e-02
4.860000000000000000e+02 4.317453131079673767e-02 6.290301680564880371e-02
4.870000000000000000e+02 4.314992949366569519e-02 6.292627006769180298e-02
4.880000000000000000e+02 4.315249621868133545e-02 6.290332973003387451e-02
4.890000000000000000e+02 4.317405819892883301e-02 6.293838471174240112e-02
4.900000000000000000e+02 4.314478859305381775e-02 6.287713348865509033e-02
4.910000000000000000e+02 4.310115426778793335e-02 6.278090178966522217e-02
4.920000000000000000e+02 4.312730953097343445e-02 6.270883232355117798e-02
4.930000000000000000e+02 4.306452348828315735e-02 6.278256326913833618e-02
4.940000000000000000e+02 4.301538690924644470e-02 6.268212199211120605e-02
4.950000000000000000e+02 4.305347800254821777e-02 6.276119500398635864e-02
4.960000000000000000e+02 4.299899935722351074e-02 6.269302219152450562e-02
4.970000000000000000e+02 4.302062094211578369e-02 6.254856288433074951e-02
4.980000000000000000e+02 4.299822449684143066e-02 6.263612210750579834e-02
4.990000000000000000e+02 4.292514920234680176e-02 6.267582625150680542e-02
5.000000000000000000e+02 4.285958409309387207e-02 6.256425380706787109e-02
5.010000000000000000e+02 4.288905858993530273e-02 6.269777566194534302e-02
5.020000000000000000e+02 4.285046458244323730e-02 6.245665624737739563e-02
5.030000000000000000e+02 4.285639524459838867e-02 6.247691437602043152e-02
5.040000000000000000e+02 4.285607114434242249e-02 6.252568215131759644e-02
5.050000000000000000e+02 4.286664351820945740e-02 6.251641362905502319e-02
5.060000000000000000e+02 4.279011487960815430e-02 6.252004951238632202e-02
5.070000000000000000e+02 4.280829802155494690e-02 6.251087784767150879e-02
5.080000000000000000e+02 4.279542714357376099e-02 6.233242899179458618e-02
5.090000000000000000e+02 4.280099272727966309e-02 6.229263544082641602e-02
5.100000000000000000e+02 4.275923594832420349e-02 6.226811930537223816e-02
5.110000000000000000e+02 4.269057139754295349e-02 6.240577995777130127e-02
5.120000000000000000e+02 4.271582514047622681e-02 6.218763813376426697e-02
5.130000000000000000e+02 4.264229163527488708e-02 6.246355548501014709e-02
5.140000000000000000e+02 4.263981804251670837e-02 6.231477111577987671e-02
5.150000000000000000e+02 4.265261813998222351e-02 6.228439137339591980e-02
5.160000000000000000e+02 4.266477376222610474e-02 6.222918257117271423e-02
5.170000000000000000e+02 4.263944551348686218e-02 6.228565424680709839e-02
5.180000000000000000e+02 4.261067137122154236e-02 6.219962984323501587e-02
5.190000000000000000e+02 4.258969798684120178e-02 6.217795610427856445e-02
5.200000000000000000e+02 4.257411882281303406e-02 6.227576732635498047e-02
5.210000000000000000e+02 4.254265502095222473e-02 6.217694655060768127e-02
5.220000000000000000e+02 4.250936955213546753e-02 6.203300505876541138e-02
5.230000000000000000e+02 4.251106083393096924e-02 6.201579794287681580e-02
5.240000000000000000e+02 4.250394552946090698e-02 6.203719228506088257e-02
5.250000000000000000e+02 4.247546568512916565e-02 6.202582269906997681e-02
5.260000000000000000e+02 4.242763295769691467e-02 6.196395307779312134e-02
5.270000000000000000e+02 4.244500398635864258e-02 6.193731725215911865e-02
5.280000000000000000e+02 4.242143407464027405e-02 6.191772595047950745e-02
5.290000000000000000e+02 4.239111393690109253e-02 6.195839866995811462e-02
5.300000000000000000e+02 4.234216734766960144e-02 6.197465956211090088e-02
5.310000000000000000e+02 4.237147420644760132e-02 6.185594946146011353e-02
5.320000000000000000e+02 4.234781488776206970e-02 6.190149858593940735e-02
5.330000000000000000e+02 4.230451956391334534e-02 6.191676110029220581e-02
5.340000000000000000e+02 4.228844493627548218e-02 6.186011061072349548e-02
5.350000000000000000e+02 4.233505576848983765e-02 6.174699589610099792e-02
5.360000000000000000e+02 4.228146746754646301e-02 6.184355914592742920e-02
5.370000000000000000e+02 4.227495193481445312e-02 6.179216876626014709e-02
5.380000000000000000e+02 4.228782653808593750e-02 6.169852614402770996e-02
5.390000000000000000e+02 4.222932457923889160e-02 6.161496788263320923e-02
5.400000000000000000e+02 4.226784780621528625e-02 6.161475926637649536e-02
5.410000000000000000e+02 4.222081974148750305e-02 6.167157366871833801e-02
5.420000000000000000e+02 4.219846054911613464e-02 6.176393106579780579e-02
5.430000000000000000e+02 4.213940352201461792e-02 6.163546070456504822e-02
5.440000000000000000e+02 4.219602793455123901e-02 6.158918514847755432e-02
5.450000000000000000e+02 4.212861135601997375e-02 6.172330677509307861e-02
5.460000000000000000e+02 4.213790223002433777e-02 6.169027835130691528e-02
5.470000000000000000e+02 4.205305501818656921e-02 6.160701438784599304e-02
5.480000000000000000e+02 4.209239780902862549e-02 6.157135218381881714e-02
5.490000000000000000e+02 4.208436235785484314e-02 6.150051951408386230e-02
5.500000000000000000e+02 4.207861796021461487e-02 6.155741959810256958e-02
5.510000000000000000e+02 4.199470952153205872e-02 6.149372458457946777e-02
5.520000000000000000e+02 4.196920618414878845e-02 6.156146898865699768e-02
5.530000000000000000e+02 4.202112182974815369e-02 6.149024888873100281e-02
5.540000000000000000e+02 4.197271540760993958e-02 6.155663356184959412e-02
5.550000000000000000e+02 4.193537309765815735e-02 6.143458932638168335e-02
5.560000000000000000e+02 4.199169576168060303e-02 6.125383079051971436e-02
5.570000000000000000e+02 4.196500778198242188e-02 6.132771074771881104e-02
5.580000000000000000e+02 4.193184152245521545e-02 6.133311986923217773e-02
5.590000000000000000e+02 4.190888628363609314e-02 6.141497194766998291e-02
5.600000000000000000e+02 4.191671684384346008e-02 6.136099249124526978e-02
5.610000000000000000e+02 4.191429540514945984e-02 6.133975461125373840e-02
5.620000000000000000e+02 4.186364635825157166e-02 6.133166328072547913e-02
5.630000000000000000e+02 4.187675565481185913e-02 6.132607534527778625e-02
5.640000000000000000e+02 4.185443371534347534e-02 6.132890284061431885e-02
5.650000000000000000e+02 4.181793332099914551e-02 6.117251142859458923e-02
5.660000000000000000e+02 4.184880852699279785e-02 6.119266152381896973e-02
5.670000000000000000e+02 4.176501184701919556e-02 6.124829128384590149e-02
5.680000000000000000e+02 4.173066094517707825e-02 6.113145872950553894e-02
5.690000000000000000e+02 4.180620983242988586e-02 6.109542772173881531e-02
5.700000000000000000e+02 4.174905642867088318e-02 6.109341979026794434e-02
5.710000000000000000e+02 4.172466695308685303e-02 6.127582117915153503e-02
5.720000000000000000e+02 4.172473028302192688e-02 6.115663051605224609e-02
5.730000000000000000e+02 4.174076765775680542e-02 6.110580265522003174e-02
5.740000000000000000e+02 4.171707853674888611e-02 6.116388738155364990e-02
5.750000000000000000e+02 4.171431809663772583e-02 6.107207760214805603e-02
5.760000000000000000e+02 4.167038947343826294e-02 6.095457449555397034e-02
5.770000000000000000e+02 4.165703803300857544e-02 6.094808503985404968e-02
5.780000000000000000e+02 4.164917021989822388e-02 6.102431938052177429e-02
5.790000000000000000e+02 4.160008952021598816e-02 6.109259277582168579e-02
5.800000000000000000e+02 4.161066561937332153e-02 6.102598085999488831e-02
5.810000000000000000e+02 4.161468148231506348e-02 6.089814752340316772e-02
5.820000000000000000e+02 4.164000228047370911e-02 6.113668531179428101e-02
5.830000000000000000e+02 4.159750416874885559e-02 6.100912392139434814e-02
5.840000000000000000e+02 4.158914461731910706e-02 6.084930896759033203e-02
5.850000000000000000e+02 4.153456911444664001e-02 6.091812998056411743e-02
5.860000000000000000e+02 4.154822602868080139e-02 6.086069345474243164e-02
5.870000000000000000e+02 4.145048186182975769e-02 6.087913736701011658e-02
5.880000000000000000e+02 4.153050854802131653e-02 6.079578772187232971e-02
5.890000000000000000e+02 4.152001440525054932e-02 6.086099520325660706e-02
5.900000000000000000e+02 4.149421304464340210e-02 6.088078394532203674e-02
5.910000000000000000e+02 4.149295389652252197e-02 6.072292849421501160e-02
5.920000000000000000e+02 4.146611690521240234e-02 6.076189503073692322e-02
5.930000000000000000e+02 4.151791334152221680e-02 6.081172078847885132e-02
5.940000000000000000e+02 4.142794385552406311e-02 6.087255477905273438e-02
5.950000000000000000e+02 4.143377766013145447e-02 6.068376824259757996e-02
5.960000000000000000e+02 4.142914339900016785e-02 6.063661351799964905e-02
5.970000000000000000e+02 4.142389819025993347e-02 6.069045886397361755e-02
5.980000000000000000e+02 4.140533879399299622e-02 6.078210845589637756e-02
5.990000000000000000e+02 4.133071377873420715e-02 6.062049046158790588e-02
6.000000000000000000e+02 4.136380553245544434e-02 6.065119430422782898e-02
6.010000000000000000e+02 4.141034185886383057e-02 6.060998886823654175e-02
6.020000000000000000e+02 4.134031012654304504e-02 6.068122759461402893e-02
6.030000000000000000e+02 4.133217409253120422e-02 6.055659055709838867e-02
6.040000000000000000e+02 4.132887348532676697e-02 6.053576245903968811e-02
6.050000000000000000e+02 4.128557816147804260e-02 6.049923598766326904e-02
6.060000000000000000e+02 4.129717871546745300e-02 6.065705791115760803e-02
6.070000000000000000e+02 4.130442067980766296e-02 6.052491068840026855e-02
6.080000000000000000e+02 4.128221422433853149e-02 6.070019304752349854e-02
6.090000000000000000e+02 4.126422852277755737e-02 6.046222895383834839e-02
6.100000000000000000e+02 4.121848568320274353e-02 6.041636317968368530e-02
6.110000000000000000e+02 4.122176393866539001e-02 6.046757474541664124e-02
6.120000000000000000e+02 4.122841730713844299e-02 6.040680781006813049e-02
6.130000000000000000e+02 4.119801521301269531e-02 6.049518659710884094e-02
6.140000000000000000e+02 4.115818068385124207e-02 6.044414266943931580e-02
6.150000000000000000e+02 4.121067374944686890e-02 6.042301654815673828e-02
6.160000000000000000e+02 4.119197279214859009e-02 6.033961102366447449e-02
6.170000000000000000e+02 4.118111729621887207e-02 6.044012308120727539e-02
6.180000000000000000e+02 4.111277684569358826e-02 6.037517637014389038e-02
6.190000000000000000e+02 4.113996773958206177e-02 6.043021753430366516e-02
6.200000000000000000e+02 4.115251451730728149e-02 6.028478592634201050e-02
6.210000000000000000e+02 4.111855477094650269e-02 6.039042770862579346e-02
6.220000000000000000e+02 4.116391018033027649e-02 6.026812270283699036e-02
6.230000000000000000e+02 4.108589142560958862e-02 6.038293614983558655e-02
6.240000000000000000e+02 4.106415435671806335e-02 6.029086932539939880e-02
6.250000000000000000e+02 4.108679667115211487e-02 6.032451242208480835e-02
6.260000000000000000e+02 4.100080206990242004e-02 6.037826091051101685e-02
6.270000000000000000e+02 4.107178002595901489e-02 6.022438779473304749e-02
6.280000000000000000e+02 4.104677215218544006e-02 6.018125265836715698e-02
6.290000000000000000e+02 4.102892428636550903e-02 6.010834872722625732e-02
6.300000000000000000e+02 4.102279618382453918e-02 6.025799736380577087e-02
6.310000000000000000e+02 4.099577292799949646e-02 6.008578091859817505e-02
6.320000000000000000e+02 4.100933298468589783e-02 6.041763722896575928e-02
6.330000000000000000e+02 4.100257158279418945e-02 6.017166003584861755e-02
6.340000000000000000e+02 4.100333899259567261e-02 6.022285670042037964e-02
6.350000000000000000e+02 4.094599932432174683e-02 6.013111770153045654e-02
6.360000000000000000e+02 4.094288498163223267e-02 6.009470671415328979e-02
6.370000000000000000e+02 4.098239913582801819e-02 6.006246060132980347e-02
6.380000000000000000e+02 4.094579815864562988e-02 6.004811450839042664e-02
6.390000000000000000e+02 4.086669161915779114e-02 6.008461490273475647e-02
6.400000000000000000e+02 4.090593755245208740e-02 6.001898273825645447e-02
6.410000000000000000e+02 4.088737815618515015e-02 6.007236242294311523e-02
6.420000000000000000e+02 4.089231044054031372e-02 5.997318401932716370e-02
6.430000000000000000e+02 4.090607911348342896e-02 6.008999049663543701e-02
6.440000000000000000e+02 4.090004786849021912e-02 6.010094285011291504e-02
6.450000000000000000e+02 4.084936156868934631e-02 6.013159826397895813e-02
6.460000000000000000e+02 4.084317386150360107e-02 6.001432240009307861e-02
6.470000000000000000e+02 4.082172363996505737e-02 6.013155356049537659e-02
6.480000000000000000e+02 4.086191579699516296e-02 5.996014922857284546e-02
6.490000000000000000e+02 4.080605879426002502e-02 5.990225821733474731e-02
6.500000000000000000e+02 4.080215469002723694e-02 5.995547771453857422e-02
6.510000000000000000e+02 4.077461734414100647e-02 6.000328809022903442e-02
6.520000000000000000e+02 4.078699648380279541e-02 5.992208421230316162e-02
6.530000000000000000e+02 4.073594883084297180e-02 5.990472435951232910e-02
6.540000000000000000e+02 4.080587252974510193e-02 5.995977297425270081e-02
6.550000000000000000e+02 4.079791903495788574e-02 5.972014740109443665e-02
6.560000000000000000e+02 4.073631018400192261e-02 5.983101576566696167e-02
6.570000000000000000e+02 4.072824865579605103e-02 5.984912812709808350e-02
6.580000000000000000e+02 4.075388610363006592e-02 5.988080427050590515e-02
6.590000000000000000e+02 4.073894023895263672e-02 5.964118614792823792e-02
6.600000000000000000e+02 4.070128500461578369e-02 5.980888381600379944e-02
6.610000000000000000e+02 4.064992442727088928e-02 5.974790826439857483e-02
6.620000000000000000e+02 4.067151993513107300e-02 5.978417024016380310e-02
6.630000000000000000e+02 4.069816693663597107e-02 5.986771360039710999e-02
6.640000000000000000e+02 4.069482907652854919e-02 5.981554463505744934e-02
6.650000000000000000e+02 4.064118489623069763e-02 5.983946472406387329e-02
6.660000000000000000e+02 4.069896787405014038e-02 5.984716862440109253e-02
6.670000000000000000e+02 4.063823074102401733e-02 5.964692682027816772e-02
6.680000000000000000e+02 4.058067873120307922e-02 5.976928770542144775e-02
