0.000000000000000000e+00 1.061886772513389587e-01 1.295047551393508911e-01
1.000000000000000000e+00 1.056397184729576111e-01 1.289492845535278320e-01
2.000000000000000000e+00 1.050978228449821472e-01 1.283631771802902222e-01
3.000000000000000000e+00 1.045685112476348877e-01 1.277630776166915894e-01
4.000000000000000000e+00 1.040385589003562927e-01 1.272244900465011597e-01
5.000000000000000000e+00 1.035019233822822571e-01 1.266183704137802124e-01
6.000000000000000000e+00 1.029766425490379333e-01 1.260754317045211792e-01
7.000000000000000000e+00 1.024601384997367859e-01 1.255032569169998169e-01
8.000000000000000000e+00 1.019421368837356567e-01 1.249265596270561218e-01
9.000000000000000000e+00 1.014186888933181763e-01 1.243946552276611328e-01
1.000000000000000000e+01 1.009043529629707336e-01 1.237783804535865784e-01
1.100000000000000000e+01 1.003653109073638916e-01 1.232591345906257629e-01
1.200000000000000000e+01 9.984835982322692871e-02 1.226948723196983337e-01
1.300000000000000000e+01 9.931576997041702271e-02 1.221055984497070312e-01
1.400000000000000000e+01 9.879054874181747437e-02 1.215490475296974182e-01
1.500000000000000000e+01 9.825648367404937744e-02 1.209756806492805481e-01
1.600000000000000000e+01 9.772702306509017944e-02 1.204212605953216553e-01
1.700000000000000000e+01 9.718338400125503540e-02 1.198414340615272522e-01
1.800000000000000000e+01 9.662881493568420410e-02 1.192404851317405701e-01
1.900000000000000000e+01 9.608309715986251831e-02 1.186605095863342285e-01
2.000000000000000000e+01 9.552309662103652954e-02 1.180542036890983582e-01
2.100000000000000000e+01 9.496822208166122437e-02 1.174747720360755920e-01
2.200000000000000000e+01 9.441454708576202393e-02 1.168531700968742371e-01
2.300000000000000000e+01 9.384857863187789917e-02 1.162700653076171875e-01
2.400000000000000000e+01 9.326314181089401245e-02 1.156824454665184021e-01
2.500000000000000000e+01 9.267703443765640259e-02 1.151006668806076050e-01
2.600000000000000000e+01 9.209699183702468872e-02 1.144854873418807983e-01
2.700000000000000000e+01 9.150957316160202026e-02 1.139032840728759766e-01
2.800000000000000000e+01 9.091494977474212646e-02 1.133255138993263245e-01
2.900000000000000000e+01 9.032922238111495972e-02 1.127639040350914001e-01
3.000000000000000000e+01 8.974393457174301147e-02 1.121756806969642639e-01
3.100000000000000000e+01 8.914641290903091431e-02 1.116845384240150452e-01
3.200000000000000000e+01 8.852916955947875977e-02 1.110826656222343445e-01
3.300000000000000000e+01 8.792094141244888306e-02 1.104774400591850281e-01
3.400000000000000000e+01 8.729264885187149048e-02 1.099101901054382324e-01
3.500000000000000000e+01 8.670547604560852051e-02 1.094363778829574585e-01
3.600000000000000000e+01 8.605632185935974121e-02 1.089264377951622009e-01
3.700000000000000000e+01 8.542540669441223145e-02 1.084265485405921936e-01
3.800000000000000000e+01 8.479967713356018066e-02 1.079242527484893799e-01
3.900000000000000000e+01 8.415816724300384521e-02 1.073395162820816040e-01
4.000000000000000000e+01 8.352691680192947388e-02 1.068677082657814026e-01
4.100000000000000000e+01 8.289849013090133667e-02 1.064496338367462158e-01
4.200000000000000000e+01 8.226539194583892822e-02 1.059417277574539185e-01
4.300000000000000000e+01 8.161756396293640137e-02 1.055029034614562988e-01
4.400000000000000000e+01 8.103769272565841675e-02 1.050552651286125183e-01
4.500000000000000000e+01 8.040475100278854370e-02 1.045801639556884766e-01
4.600000000000000000e+01 7.978998869657516479e-02 1.041069775819778442e-01
4.700000000000000000e+01 7.921864837408065796e-02 1.037234216928482056e-01
4.800000000000000000e+01 7.863978296518325806e-02 1.033628359436988831e-01
4.900000000000000000e+01 7.808912545442581177e-02 1.029626503586769104e-01
5.000000000000000000e+01 7.754447311162948608e-02 1.025998964905738831e-01
5.100000000000000000e+01 7.702618092298507690e-02 1.023006886243820190e-01
5.200000000000000000e+01 7.653131335973739624e-02 1.018373519182205200e-01
5.300000000000000000e+01 7.602234929800033569e-02 1.014822348952293396e-01
5.400000000000000000e+01 7.552377879619598389e-02 1.011221483349800110e-01
5.500000000000000000e+01 7.509138435125350952e-02 1.007505655288696289e-01
5.600000000000000000e+01 7.466133683919906616e-02 1.005068197846412659e-01
5.700000000000000000e+01 7.419024407863616943e-02 1.001230776309967041e-01
5.800000000000000000e+01 7.377928495407104492e-02 9.971444308757781982e-02
5.900000000000000000e+01 7.338584959506988525e-02 9.948474168777465820e-02
6.000000000000000000e+01 7.299605011940002441e-02 9.915507584810256958e-02
6.100000000000000000e+01 7.257086783647537231e-02 9.875144809484481812e-02
6.200000000000000000e+01 7.224287092685699463e-02 9.850610047578811646e-02
6.300000000000000000e+01 7.186633348464965820e-02 9.808882325887680054e-02
6.400000000000000000e+01 7.150670886039733887e-02 9.774044901132583618e-02
6.500000000000000000e+01 7.115621119737625122e-02 9.737534821033477783e-02
6.600000000000000000e+01 7.086067646741867065e-02 9.685942530632019043e-02
6.700000000000000000e+01 7.048792392015457153e-02 9.661132842302322388e-02
6.800000000000000000e+01 7.014939188957214355e-02 9.616145491600036621e-02
6.900000000000000000e+01 6.985045969486236572e-02 9.579428285360336304e-02
7.000000000000000000e+01 6.954988092184066772e-02 9.536665678024291992e-02
7.100000000000000000e+01 6.923701614141464233e-02 9.500216692686080933e-02
7.200000000000000000e+01 6.893843412399291992e-02 9.471108019351959229e-02
7.300000000000000000e+01 6.868541985750198364e-02 9.423060715198516846e-02
7.400000000000000000e+01 6.839079409837722778e-02 9.387043863534927368e-02
7.500000000000000000e+01 6.813379377126693726e-02 9.344483911991119385e-02
7.600000000000000000e+01 6.787454336881637573e-02 9.317418187856674194e-02
7.700000000000000000e+01 6.760814040899276733e-02 9.272199124097824097e-02
7.800000000000000000e+01 6.733146309852600098e-02 9.237869828939437866e-02
7.900000000000000000e+01 6.711560487747192383e-02 9.203757345676422119e-02
8.000000000000000000e+01 6.685306876897811890e-02 9.180155396461486816e-02
8.100000000000000000e+01 6.659895181655883789e-02 9.126792848110198975e-02
8.200000000000000000e+01 6.639011949300765991e-02 9.118590503931045532e-02
8.300000000000000000e+01 6.614660471677780151e-02 9.080122411251068115e-02
8.400000000000000000e+01 6.595696508884429932e-02 9.070701152086257935e-02
8.500000000000000000e+01 6.575344502925872803e-02 9.028615802526473999e-02
8.600000000000000000e+01 6.552807241678237915e-02 9.016378968954086304e-02
8.700000000000000000e+01 6.532063335180282593e-02 8.993072062730789185e-02
8.800000000000000000e+01 6.514895707368850708e-02 8.968578279018402100e-02
8.900000000000000000e+01 6.493005156517028809e-02 8.957687020301818848e-02
9.000000000000000000e+01 6.474014371633529663e-02 8.945775032043457031e-02
9.100000000000000000e+01 6.455575674772262573e-02 8.905945718288421631e-02
9.200000000000000000e+01 6.438594311475753784e-02 8.882953971624374390e-02
9.300000000000000000e+01 6.418831646442413330e-02 8.893579989671707153e-02
9.400000000000000000e+01 6.403941661119461060e-02 8.843986690044403076e-02
9.500000000000000000e+01 6.384709477424621582e-02 8.841723948717117310e-02
9.600000000000000000e+01 6.366660445928573608e-02 8.821143954992294312e-02
9.700000000000000000e+01 6.354562193155288696e-02 8.798240870237350464e-02
9.800000000000000000e+01 6.338354200124740601e-02 8.778348565101623535e-02
9.900000000000000000e+01 6.321126222610473633e-02 8.769674599170684814e-02
1.000000000000000000e+02 6.305643916130065918e-02 8.746089786291122437e-02
1.010000000000000000e+02 6.292065232992172241e-02 8.729553222656250000e-02
1.020000000000000000e+02 6.277068704366683960e-02 8.704530447721481323e-02
1.030000000000000000e+02 6.262369453907012939e-02 8.683803677558898926e-02
1.040000000000000000e+02 6.245550140738487244e-02 8.673020452260971069e-02
1.050000000000000000e+02 6.233545765280723572e-02 8.661391586065292358e-02
1.060000000000000000e+02 6.217588111758232117e-02 8.653273433446884155e-02
1.070000000000000000e+02 6.207223236560821533e-02 8.641491085290908813e-02
1.080000000000000000e+02 6.191566586494445801e-02 8.615665137767791748e-02
1.090000000000000000e+02 6.181319430470466614e-02 8.594550192356109619e-02
1.100000000000000000e+02 6.165701150894165039e-02 8.593587577342987061e-02
1.110000000000000000e+02 6.153277680277824402e-02 8.575607836246490479e-02
1.120000000000000000e+02 6.138094514608383179e-02 8.545876294374465942e-02
1.130000000000000000e+02 6.125335022807121277e-02 8.530805259943008423e-02
1.140000000000000000e+02 6.118042394518852234e-02 8.528400212526321411e-02
1.150000000000000000e+02 6.103570759296417236e-02 8.510354161262512207e-02
1.160000000000000000e+02 6.091625615954399109e-02 8.486401289701461792e-02
1.170000000000000000e+02 6.076347082853317261e-02 8.471803367137908936e-02
1.180000000000000000e+02 6.068600341677665710e-02 8.459095656871795654e-02
1.190000000000000000e+02 6.055387482047080994e-02 8.448061347007751465e-02
1.200000000000000000e+02 6.043770164251327515e-02 8.424946665763854980e-02
1.210000000000000000e+02 6.034173816442489624e-02 8.424767106771469116e-02
1.220000000000000000e+02 6.022345647215843201e-02 8.395079523324966431e-02
1.230000000000000000e+02 6.010552495718002319e-02 8.375657349824905396e-02
1.240000000000000000e+02 6.000102683901786804e-02 8.362930268049240112e-02
1.250000000000000000e+02 5.988804623484611511e-02 8.352910727262496948e-02
1.260000000000000000e+02 5.981959402561187744e-02 8.342974632978439331e-02
1.270000000000000000e+02 5.969074741005897522e-02 8.314901590347290039e-02
1.280000000000000000e+02 5.955889448523521423e-02 8.304412662982940674e-02
1.290000000000000000e+02 5.948422476649284363e-02 8.296924829483032227e-02
1.300000000000000000e+02 5.940108746290206909e-02 8.283814787864685059e-02
1.310000000000000000e+02 5.934142321348190308e-02 8.274815976619720459e-02
1.320000000000000000e+02 5.918437615036964417e-02 8.253158628940582275e-02
1.330000000000000000e+02 5.912274122238159180e-02 8.260205388069152832e-02
1.340000000000000000e+02 5.900990590453147888e-02 8.232698589563369751e-02
1.350000000000000000e+02 5.890076979994773865e-02 8.215255290269851685e-02
1.360000000000000000e+02 5.887153372168540955e-02 8.204246312379837036e-02
1.370000000000000000e+02 5.875230953097343445e-02 8.189202100038528442e-02
1.380000000000000000e+02 5.864522978663444519e-02 8.191991597414016724e-02
1.390000000000000000e+02 5.856061354279518127e-02 8.186656981706619263e-02
1.400000000000000000e+02 5.850762128829956055e-02 8.174091577529907227e-02
1.410000000000000000e+02 5.837836489081382751e-02 8.148459345102310181e-02
1.420000000000000000e+02 5.829674005508422852e-02 8.137580007314682007e-02
1.430000000000000000e+02 5.823550000786781311e-02 8.124742656946182251e-02
1.440000000000000000e+02 5.815149843692779541e-02 8.105006068944931030e-02
1.450000000000000000e+02 5.802696943283081055e-02 8.107342571020126343e-02
1.460000000000000000e+02 5.797281488776206970e-02 8.110509067773818970e-02
1.470000000000000000e+02 5.788505077362060547e-02 8.102428913116455078e-02
1.480000000000000000e+02 5.777247250080108643e-02 8.072777837514877319e-02
1.490000000000000000e+02 5.771945416927337646e-02 8.054815232753753662e-02
1.500000000000000000e+02 5.762635171413421631e-02 8.070883154869079590e-02
1.510000000000000000e+02 5.754702538251876831e-02 8.035960048437118530e-02
1.520000000000000000e+02 5.749857425689697266e-02 8.030021935701370239e-02
1.530000000000000000e+02 5.744339898228645325e-02 8.024614304304122925e-02
1.540000000000000000e+02 5.733059346675872803e-02 8.026824891567230225e-02
1.550000000000000000e+02 5.728247016668319702e-02 7.993426918983459473e-02
1.560000000000000000e+02 5.722564831376075745e-02 8.001050353050231934e-02
1.570000000000000000e+02 5.711462348699569702e-02 7.988671213388442993e-02
1.580000000000000000e+02 5.701576545834541321e-02 7.989300042390823364e-02
1.590000000000000000e+02 5.698122084140777588e-02 7.972671091556549072e-02
1.600000000000000000e+02 5.686245113611221313e-02 7.950664311647415161e-02
1.610000000000000000e+02 5.678080394864082336e-02 7.945296913385391235e-02
1.620000000000000000e+02 5.673449113965034485e-02 7.934251427650451660e-02
1.630000000000000000e+02 5.663541331887245178e-02 7.929348945617675781e-02
1.640000000000000000e+02 5.654086917638778687e-02 7.910716533660888672e-02
1.650000000000000000e+02 5.654637143015861511e-02 7.904417812824249268e-02
1.660000000000000000e+02 5.646589770913124084e-02 7.891814410686492920e-02
1.670000000000000000e+02 5.633402243256568909e-02 7.883523404598236084e-02
1.680000000000000000e+02 5.625344067811965942e-02 7.873883843421936035e-02
1.690000000000000000e+02 5.626138299703598022e-02 7.875482738018035889e-02
1.700000000000000000e+02 5.619034916162490845e-02 7.841829955577850342e-02
1.710000000000000000e+02 5.610018596053123474e-02 7.855326682329177856e-02
1.720000000000000000e+02 5.602109804749488831e-02 7.825757563114166260e-02
1.730000000000000000e+02 5.596528947353363037e-02 7.825640588998794556e-02
1.740000000000000000e+02 5.583767965435981750e-02 7.817963510751724243e-02
1.750000000000000000e+02 5.577877163887023926e-02 7.803209871053695679e-02
1.760000000000000000e+02 5.576592683792114258e-02 7.806617766618728638e-02
1.770000000000000000e+02 5.570237711071968079e-02 7.790414988994598389e-02
1.780000000000000000e+02 5.555723980069160461e-02 7.791641354560852051e-02
1.790000000000000000e+02 5.555522069334983826e-02 7.781910896301269531e-02
1.800000000000000000e+02 5.542857944965362549e-02 7.769533991813659668e-02
1.810000000000000000e+02 5.538653582334518433e-02 7.764835655689239502e-02
1.820000000000000000e+02 5.531737953424453735e-02 7.756087929010391235e-02
1.830000000000000000e+02 5.527081713080406189e-02 7.742892205715179443e-02
1.840000000000000000e+02 5.520555749535560608e-02 7.749281078577041626e-02
1.850000000000000000e+02 5.514673516154289246e-02 7.737848162651062012e-02
1.860000000000000000e+02 5.508982017636299133e-02 7.724641263484954834e-02
1.870000000000000000e+02 5.501805618405342102e-02 7.704557478427886963e-02
1.880000000000000000e+02 5.494550988078117371e-02 7.711752504110336304e-02
1.890000000000000000e+02 5.486052110791206360e-02 7.713773846626281738e-02
1.900000000000000000e+02 5.485187843441963196e-02 7.695305347442626953e-02
1.910000000000000000e+02 5.479514971375465393e-02 7.688356935977935791e-02
1.920000000000000000e+02 5.468143150210380554e-02 7.678731530904769897e-02
1.930000000000000000e+02 5.456595495343208313e-02 7.668701559305191040e-02
1.940000000000000000e+02 5.451004952192306519e-02 7.664653658866882324e-02
1.950000000000000000e+02 5.448656156659126282e-02 7.660387456417083740e-02
1.960000000000000000e+02 5.444890633225440979e-02 7.660333067178726196e-02
1.970000000000000000e+02 5.438113585114479065e-02 7.655210793018341064e-02
1.980000000000000000e+02 5.431867763400077820e-02 7.618708163499832153e-02
1.990000000000000000e+02 5.426453426480293274e-02 7.615972310304641724e-02
2.000000000000000000e+02 5.419430881738662720e-02 7.641054689884185791e-02
2.010000000000000000e+02 5.409001931548118591e-02 7.617639750242233276e-02
2.020000000000000000e+02 5.407467857003211975e-02 7.604014128446578979e-02
2.030000000000000000e+02 5.399901419878005981e-02 7.602461427450180054e-02
2.040000000000000000e+02 5.395304039120674133e-02 7.612480968236923218e-02
2.050000000000000000e+02 5.394541472196578979e-02 7.607205957174301147e-02
2.060000000000000000e+02 5.385866388678550720e-02 7.582082599401473999e-02
2.070000000000000000e+02 5.381562560796737671e-02 7.587962597608566284e-02
2.080000000000000000e+02 5.378011241555213928e-02 7.567331939935684204e-02
2.090000000000000000e+02 5.367311090230941772e-02 7.551889866590499878e-02
2.100000000000000000e+02 5.364529043436050415e-02 7.553718984127044678e-02
2.110000000000000000e+02 5.362076312303543091e-02 7.555121928453445435e-02
2.120000000000000000e+02 5.354655534029006958e-02 7.525599002838134766e-02
2.130000000000000000e+02 5.345806106925010681e-02 7.547964155673980713e-02
2.140000000000000000e+02 5.335314199328422546e-02 7.521943002939224243e-02
2.150000000000000000e+02 5.335563048720359802e-02 7.516130805015563965e-02
2.160000000000000000e+02 5.336254090070724487e-02 7.518898695707321167e-02
2.170000000000000000e+02 5.325349047780036926e-02 7.498747855424880981e-02
2.180000000000000000e+02 5.326988548040390015e-02 7.491356134414672852e-02
2.190000000000000000e+02 5.318957567214965820e-02 7.489712536334991455e-02
2.200000000000000000e+02 5.312862619757652283e-02 7.484965771436691284e-02
2.210000000000000000e+02 5.306265130639076233e-02 7.474911212921142578e-02
2.220000000000000000e+02 5.295210704207420349e-02 7.487261295318603516e-02
2.230000000000000000e+02 5.291052907705307007e-02 7.470609247684478760e-02
2.240000000000000000e+02 5.292938277125358582e-02 7.458364218473434448e-02
2.250000000000000000e+02 5.288854241371154785e-02 7.444550842046737671e-02
2.260000000000000000e+02 5.277128890156745911e-02 7.444418221712112427e-02
2.270000000000000000e+02 5.277590453624725342e-02 7.433556765317916870e-02
2.280000000000000000e+02 5.270542949438095093e-02 7.427921891212463379e-02
2.290000000000000000e+02 5.265457928180694580e-02 7.434057444334030151e-02
2.300000000000000000e+02 5.255433917045593262e-02 7.436902076005935669e-02
2.310000000000000000e+02 5.255651101469993591e-02 7.429607957601547241e-02
2.320000000000000000e+02 5.245051905512809753e-02 7.414553314447402954e-02
2.330000000000000000e+02 5.249872058629989624e-02 7.402647286653518677e-02
2.340000000000000000e+02 5.237953737378120422e-02 7.387336343526840210e-02
2.350000000000000000e+02 5.230341479182243347e-02 7.397169619798660278e-02
2.360000000000000000e+02 5.232247337698936462e-02 7.381219416856765747e-02
2.370000000000000000e+02 5.225797742605209351e-02 7.381956279277801514e-02
2.380000000000000000e+02 5.224087834358215332e-02 7.397865504026412964e-02
2.390000000000000000e+02 5.215147882699966431e-02 7.372789084911346436e-02
2.400000000000000000e+02 5.211441591382026672e-02 7.356826215982437134e-02
2.410000000000000000e+02 5.199567601084709167e-02 7.360655069351196289e-02
2.420000000000000000e+02 5.200573429465293884e-02 7.359737157821655273e-02
2.430000000000000000e+02 5.194897204637527466e-02 7.352352142333984375e-02
2.440000000000000000e+02 5.187789723277091980e-02 7.335866987705230713e-02
2.450000000000000000e+02 5.183792486786842346e-02 7.318984717130661011e-02
2.460000000000000000e+02 5.186110362410545349e-02 7.330094277858734131e-02
2.470000000000000000e+02 5.174376443028450012e-02 7.324348390102386475e-02
2.480000000000000000e+02 5.171267688274383545e-02 7.307454943656921387e-02
2.490000000000000000e+02 5.168969929218292236e-02 7.315653562545776367e-02
2.500000000000000000e+02 5.161519721150398254e-02 7.312631607055664062e-02
2.510000000000000000e+02 5.159658566117286682e-02 7.305570691823959351e-02
2.520000000000000000e+02 5.148810893297195435e-02 7.299339771270751953e-02
2.530000000000000000e+02 5.147405341267585754e-02 7.283796370029449463e-02
2.540000000000000000e+02 5.137016624212265015e-02 7.283771783113479614e-02
2.550000000000000000e+02 5.139558017253875732e-02 7.258760929107666016e-02
2.560000000000000000e+02 5.131534859538078308e-02 7.273393869400024414e-02
2.570000000000000000e+02 5.127740278840065002e-02 7.253547757863998413e-02
2.580000000000000000e+02 5.122385546565055847e-02 7.273342460393905640e-02
2.590000000000000000e+02 5.116640031337738037e-02 7.245874404907226562e-02
2.600000000000000000e+02 5.116186663508415222e-02 7.248427718877792358e-02
2.610000000000000000e+02 5.113176628947257996e-02 7.241765409708023071e-02
2.620000000000000000e+02 5.106236040592193604e-02 7.249924540519714355e-02
2.630000000000000000e+02 5.100967362523078918e-02 7.228495180606842041e-02
2.640000000000000000e+02 5.095563828945159912e-02 7.231272011995315552e-02
2.650000000000000000e+02 5.093742534518241882e-02 7.224208861589431763e-02
2.660000000000000000e+02 5.092406272888183594e-02 7.217203825712203979e-02
2.670000000000000000e+02 5.088388919830322266e-02 7.228837907314300537e-02
2.680000000000000000e+02 5.078379809856414795e-02 7.211256772279739380e-02
2.690000000000000000e+02 5.079606175422668457e-02 7.188757508993148804e-02
2.700000000000000000e+02 5.070974305272102356e-02 7.198113203048706055e-02
2.710000000000000000e+02 5.061791092157363892e-02 7.188659906387329102e-02
2.720000000000000000e+02 5.060763657093048096e-02 7.193040847778320312e-02
2.730000000000000000e+02 5.058180540800094604e-02 7.186863571405410767e-02
2.740000000000000000e+02 5.052973702549934387e-02 7.172816991806030273e-02
2.750000000000000000e+02 5.048384889960289001e-02 7.161216437816619873e-02
2.760000000000000000e+02 5.039762333035469055e-02 7.176827639341354370e-02
2.770000000000000000e+02 5.043685436248779297e-02 7.154085487127304077e-02
2.780000000000000000e+02 5.040272697806358337e-02 7.164321094751358032e-02
2.790000000000000000e+02 5.034966766834259033e-02 7.156683504581451416e-02
2.800000000000000000e+02 5.030413717031478882e-02 7.148074358701705933e-02
2.810000000000000000e+02 5.025604367256164551e-02 7.146293669939041138e-02
2.820000000000000000e+02 5.017418414354324341e-02 7.137436419725418091e-02
2.830000000000000000e+02 5.018652603030204773e-02 7.138401269912719727e-02
2.840000000000000000e+02 5.012212693691253662e-02 7.151666283607482910e-02
2.850000000000000000e+02 5.005515739321708679e-02 7.126660645008087158e-02
2.860000000000000000e+02 5.000577867031097412e-02 7.125022262334823608e-02
2.870000000000000000e+02 4.997024312615394592e-02 7.109297811985015869e-02
2.880000000000000000e+02 4.996120557188987732e-02 7.116328924894332886e-02
2.890000000000000000e+02 4.991886764764785767e-02 7.105621695518493652e-02
2.900000000000000000e+02 4.988902807235717773e-02 7.102920860052108765e-02
2.910000000000000000e+02 4.982614889740943909e-02 7.094638049602508545e-02
2.920000000000000000e+02 4.981226846575737000e-02 7.094382494688034058e-02
2.930000000000000000e+02 4.969720169901847839e-02 7.086386531591415405e-02
2.940000000000000000e+02 4.971512407064437866e-02 7.092461735010147095e-02
2.950000000000000000e+02 4.969419911503791809e-02 7.082321494817733765e-02
2.960000000000000000e+02 4.963145777583122253e-02 7.080311328172683716e-02
2.970000000000000000e+02 4.964128136634826660e-02 7.070589065551757812e-02
2.980000000000000000e+02 4.957493022084236145e-02 7.083112746477127075e-02
2.990000000000000000e+02 4.940627515316009521e-02 7.066781073808670044e-02
3.000000000000000000e+02 4.950141906738281250e-02 7.066903263330459595e-02
3.010000000000000000e+02 4.943892732262611389e-02 7.043472677469253540e-02
3.020000000000000000e+02 4.940736666321754456e-02 7.039792835712432861e-02
3.030000000000000000e+02 4.939283058047294617e-02 7.035770267248153687e-02
3.040000000000000000e+02 4.926950111985206604e-02 7.032344490289688110e-02
3.050000000000000000e+02 4.930590093135833740e-02 7.030338048934936523e-02
3.060000000000000000e+02 4.918899759650230408e-02 7.015389204025268555e-02
3.070000000000000000e+02 4.915839806199073792e-02 7.035538554191589355e-02
3.080000000000000000e+02 4.915204644203186035e-02 7.025962322950363159e-02
3.090000000000000000e+02 4.907559230923652649e-02 7.034236937761306763e-02
3.100000000000000000e+02 4.911538213491439819e-02 7.022751122713088989e-02
3.110000000000000000e+02 4.912843927741050720e-02 7.007239013910293579e-02
3.120000000000000000e+02 4.897230491042137146e-02 7.012601941823959351e-02
3.130000000000000000e+02 4.903137683868408203e-02 7.009168714284896851e-02
3.140000000000000000e+02 4.894756525754928589e-02 7.001923769712448120e-02
3.150000000000000000e+02 4.894533380866050720e-02 6.985787302255630493e-02
3.160000000000000000e+02 4.884674772620201111e-02 7.000569999217987061e-02
3.170000000000000000e+02 4.886035993695259094e-02 6.996413320302963257e-02
3.180000000000000000e+02 4.883095249533653259e-02 6.975579261779785156e-02
3.190000000000000000e+02 4.878535121679306030e-02 6.989259272813796997e-02
3.200000000000000000e+02 4.866850003600120544e-02 6.978708505630493164e-02
3.210000000000000000e+02 4.873991757631301880e-02 6.964180618524551392e-02
3.220000000000000000e+02 4.871175810694694519e-02 6.966064125299453735e-02
3.230000000000000000e+02 4.859063401818275452e-02 6.958998739719390869e-02
3.240000000000000000e+02 4.861134290695190430e-02 6.951119750738143921e-02
3.250000000000000000e+02 4.858315363526344299e-02 6.940652430057525635e-02
3.260000000000000000e+02 4.854035004973411560e-02 6.933233886957168579e-02
3.270000000000000000e+02 4.848993197083473206e-02 6.950698792934417725e-02
3.280000000000000000e+02 4.845577105879783630e-02 6.928277015686035156e-02
3.290000000000000000e+02 4.843279346823692322e-02 6.929564476013183594e-02
3.300000000000000000e+02 4.844174906611442566e-02 6.927452236413955688e-02
3.310000000000000000e+02 4.832267761230468750e-02 6.935540586709976196e-02
3.320000000000000000e+02 4.832204803824424744e-02 6.902566552162170410e-02
3.330000000000000000e+02 4.826447367668151855e-02 6.913972645998001099e-02
3.340000000000000000e+02 4.828988388180732727e-02 6.905805319547653198e-02
3.350000000000000000e+02 4.825233668088912964e-02 6.895866245031356812e-02
3.360000000000000000e+02 4.817169159650802612e-02 6.902193278074264526e-02
3.370000000000000000e+02 4.822412878274917603e-02 6.919270753860473633e-02
3.380000000000000000e+02 4.816158860921859741e-02 6.896238774061203003e-02
3.390000000000000000e+02 4.805091768503189087e-02 6.872215867042541504e-02
3.400000000000000000e+02 4.807358607649803162e-02 6.889189779758453369e-02
3.410000000000000000e+02 4.802437871694564819e-02 6.883121281862258911e-02
3.420000000000000000e+02 4.801269993185997009e-02 6.886924803256988525e-02
3.430000000000000000e+02 4.795069247484207153e-02 6.880751997232437134e-02
3.440000000000000000e+02 4.795587807893753052e-02 6.872978806495666504e-02
3.450000000000000000e+02 4.793358221650123596e-02 6.860405951738357544e-02
3.460000000000000000e+02 4.792658984661102295e-02 6.865005195140838623e-02
3.470000000000000000e+02 4.790563136339187622e-02 6.854633241891860962e-02
3.480000000000000000e+02 4.780601337552070618e-02 6.861053407192230225e-02
3.490000000000000000e+02 4.780817776918411255e-02 6.848940253257751465e-02
3.500000000000000000e+02 4.781327024102210999e-02 6.846714019775390625e-02
3.510000000000000000e+02 4.780410602688789368e-02 6.853236258029937744e-02
3.520000000000000000e+02 4.772226884961128235e-02 6.838710606098175049e-02
3.530000000000000000e+02 4.769525304436683655e-02 6.831615418195724487e-02
3.540000000000000000e+02 4.765094071626663208e-02 6.841553747653961182e-02
3.550000000000000000e+02 4.763846099376678467e-02 6.835227459669113159e-02
3.560000000000000000e+02 4.759836941957473755e-02 6.823406368494033813e-02
3.570000000000000000e+02 4.758450016379356384e-02 6.829895824193954468e-02
3.580000000000000000e+02 4.756388068199157715e-02 6.802974641323089600e-02
3.590000000000000000e+02 4.752726480364799500e-02 6.806495040655136108e-02
3.600000000000000000e+02 4.748424515128135681e-02 6.811241060495376587e-02
3.610000000000000000e+02 4.744930192828178406e-02 6.829675287008285522e-02
3.620000000000000000e+02 4.739753901958465576e-02 6.819289922714233398e-02
3.630000000000000000e+02 4.740568995475769043e-02 6.789095699787139893e-02
3.640000000000000000e+02 4.742105677723884583e-02 6.798774749040603638e-02
3.650000000000000000e+02 4.736728221178054810e-02 6.806924194097518921e-02
3.660000000000000000e+02 4.738472774624824524e-02 6.784240901470184326e-02
3.670000000000000000e+02 4.735138267278671265e-02 6.776735186576843262e-02
3.680000000000000000e+02 4.733951389789581299e-02 6.797249615192413330e-02
3.690000000000000000e+02 4.724845290184020996e-02 6.789341568946838379e-02
3.700000000000000000e+02 4.720834270119667053e-02 6.785182654857635498e-02
3.710000000000000000e+02 4.723287373781204224e-02 6.782407313585281372e-02
3.720000000000000000e+02 4.717806354165077209e-02 6.766943633556365967e-02
3.730000000000000000e+02 4.714023321866989136e-02 6.772369891405105591e-02
3.740000000000000000e+02 4.716293513774871826e-02 6.768508255481719971e-02
3.750000000000000000e+02 4.708411172032356262e-02 6.747762113809585571e-02
3.760000000000000000e+02 4.705212637782096863e-02 6.734745204448699951e-02
3.770000000000000000e+02 4.702177643775939941e-02 6.759899109601974487e-02
3.780000000000000000e+02 4.706210643053054810e-02 6.751794368028640747e-02
3.790000000000000000e+02 4.697447270154953003e-02 6.740950793027877808e-02
3.800000000000000000e+02 4.695582762360572815e-02 6.737633049488067627e-02
3.810000000000000000e+02 4.694151878356933594e-02 6.725555658340454102e-02
3.820000000000000000e+02 4.693154990673065186e-02 6.733225286006927490e-02
3.830000000000000000e+02 4.695277661085128784e-02 6.737748533487319946e-02
3.840000000000000000e+02 4.689091816544532776e-02 6.725518405437469482e-02
3.850000000000000000e+02 4.686033353209495544e-02 6.720751523971557617e-02
3.860000000000000000e+02 4.676362499594688416e-02 6.732434034347534180e-02
3.870000000000000000e+02 4.679658263921737671e-02 6.715740263462066650e-02
3.880000000000000000e+02 4.677330702543258667e-02 6.722950935363769531e-02
3.890000000000000000e+02 4.671161994338035583e-02 6.726377457380294800e-02
3.900000000000000000e+02 4.669327288866043091e-02 6.709591299295425415e-02
3.910000000000000000e+02 4.670108109712600708e-02 6.694218516349792480e-02
3.920000000000000000e+02 4.667176678776741028e-02 6.703785806894302368e-02
3.930000000000000000e+02 4.669791460037231445e-02 6.696493178606033325e-02
3.940000000000000000e+02 4.665881767868995667e-02 6.690518558025360107e-02
3.950000000000000000e+02 4.661985859274864197e-02 6.696376949548721313e-02
3.960000000000000000e+02 4.660185053944587708e-02 6.704515963792800903e-02
3.970000000000000000e+02 4.647665843367576599e-02 6.682483106851577759e-02
3.980000000000000000e+02 4.651290550827980042e-02 6.676708161830902100e-02
3.990000000000000000e+02 4.642079025506973267e-02 6.679795682430267334e-02
4.000000000000000000e+02 4.648279398679733276e-02 6.661038845777511597e-02
4.010000000000000000e+02 4.640059918165206909e-02 6.688374280929565430e-02
4.020000000000000000e+02 4.647678136825561523e-02 6.677576154470443726e-02
4.030000000000000000e+02 4.641739279031753540e-02 6.673175841569900513e-02
4.040000000000000000e+02 4.636950418353080750e-02 6.677170842885971069e-02
4.050000000000000000e+02 4.632605612277984619e-02 6.657292693853378296e-02
4.060000000000000000e+02 4.637486860156059265e-02 6.655373424291610718e-02
4.070000000000000000e+02 4.635645076632499695e-02 6.641285121440887451e-02
4.080000000000000000e+02 4.633298516273498535e-02 6.651677191257476807e-02
4.090000000000000000e+02 4.624423757195472717e-02 6.649105995893478394e-02
4.100000000000000000e+02 4.623225703835487366e-02 6.643092632293701172e-02
4.110000000000000000e+02 4.623798280954360962e-02 6.644634157419204712e-02
4.120000000000000000e+02 4.623344540596008301e-02 6.651229411363601685e-02
4.130000000000000000e+02 4.611419886350631714e-02 6.632652878761291504e-02
4.140000000000000000e+02 4.613492265343666077e-02 6.631422787904739380e-02
4.150000000000000000e+02 4.619451612234115601e-02 6.640455871820449829e-02
4.160000000000000000e+02 4.606668278574943542e-02 6.624599546194076538e-02
4.170000000000000000e+02 4.610116034746170044e-02 6.619299203157424927e-02
4.180000000000000000e+02 4.609505832195281982e-02 6.618674844503402710e-02
4.190000000000000000e+02 4.604841396212577820e-02 6.619712710380554199e-02
4.200000000000000000e+02 4.599427804350852966e-02 6.620864570140838623e-02
4.210000000000000000e+02 4.597678408026695251e-02 6.620732694864273071e-02
4.220000000000000000e+02 4.602078348398208618e-02 6.604686379432678223e-02
4.230000000000000000e+02 4.595092684030532837e-02 6.596012413501739502e-02
4.240000000000000000e+02 4.595229402184486389e-02 6.606598943471908569e-02
4.250000000000000000e+02 4.595048725605010986e-02 6.610348075628280640e-02
4.260000000000000000e+02 4.589770361781120300e-02 6.599505990743637085e-02
4.270000000000000000e+02 4.587446153163909912e-02 6.589343398809432983e-02
4.280000000000000000e+02 4.583472386002540588e-02 6.595064699649810791e-02
4.290000000000000000e+02 4.584862664341926575e-02 6.586038321256637573e-02
4.300000000000000000e+02 4.576382040977478027e-02 6.603601574897766113e-02
4.310000000000000000e+02 4.581117630004882812e-02 6.579155474901199341e-02
4.320000000000000000e+02 4.575560986995697021e-02 6.582748889923095703e-02
4.330000000000000000e+02 4.574958235025405884e-02 6.573933362960815430e-02
4.340000000000000000e+02 4.575587436556816101e-02 6.574990600347518921e-02
4.350000000000000000e+02 4.565010592341423035e-02 6.572549045085906982e-02
4.360000000000000000e+02 4.570545628666877747e-02 6.578315794467926025e-02
4.370000000000000000e+02 4.567372798919677734e-02 6.571762263774871826e-02
4.380000000000000000e+02 4.563617333769798279e-02 6.570395082235336304e-02
4.390000000000000000e+02 4.559242725372314453e-02 6.558024883270263672e-02
4.400000000000000000e+02 4.559171572327613831e-02 6.573092937469482422e-02
4.410000000000000000e+02 4.563341289758682251e-02 6.562278419733047485e-02
4.420000000000000000e+02 4.561143741011619568e-02 6.558640301227569580e-02
4.430000000000000000e+02 4.554831981658935547e-02 6.542831659317016602e-02
4.440000000000000000e+02 4.551539197564125061e-02 6.560719013214111328e-02
4.450000000000000000e+02 4.547907039523124695e-02 6.557488441467285156e-02
4.460000000000000000e+02 4.549311846494674683e-02 6.556251645088195801e-02
4.470000000000000000e+02 4.548194631934165955e-02 6.555034965276718140e-02
4.480000000000000000e+02 4.548113793134689331e-02 6.536129117012023926e-02
4.490000000000000000e+02 4.544855281710624695e-02 6.536691635847091675e-02
4.500000000000000000e+02 4.543801024556159973e-02 6.544854491949081421e-02
4.510000000000000000e+02 4.536900296807289124e-02 6.540553271770477295e-02
4.520000000000000000e+02 4.534221068024635315e-02 6.523519754409790039e-02
4.530000000000000000e+02 4.540763422846794128e-02 6.531458348035812378e-02
4.540000000000000000e+02 4.535129293799400330e-02 6.530540436506271362e-02
4.550000000000000000e+02 4.534550011157989502e-02 6.530353426933288574e-02
4.560000000000000000e+02 4.523382335901260376e-02 6.520434468984603882e-02
4.570000000000000000e+02 4.521359875798225403e-02 6.525539606809616089e-02
4.580000000000000000e+02 4.523055627942085266e-02 6.514329463243484497e-02
4.590000000000000000e+02 4.527894407510757446e-02 6.525090336799621582e-02
4.600000000000000000e+02 4.519586637616157532e-02 6.513720750808715820e-02
4.610000000000000000e+02 4.526613280177116394e-02 6.506434828042984009e-02
4.620000000000000000e+02 4.517742618918418884e-02 6.519907712936401367e-02
4.630000000000000000e+02 4.516677185893058777e-02 6.507129967212677002e-02
4.640000000000000000e+02 4.516180232167243958e-02 6.491181254386901855e-02
4.650000000000000000e+02 4.511764645576477051e-02 6.495024263858795166e-02
4.660000000000000000e+02 4.517079144716262817e-02 6.510571390390396118e-02
4.670000000000000000e+02 4.510851204395294189e-02 6.494645774364471436e-02
4.680000000000000000e+02 4.510755836963653564e-02 6.488873809576034546e-02
4.690000000000000000e+02 4.498746618628501892e-02 6.500017642974853516e-02
4.700000000000000000e+02 4.505702480673789978e-02 6.489102542400360107e-02
4.710000000000000000e+02 4.497969895601272583e-02 6.481376290321350098e-02
4.720000000000000000e+02 4.504029825329780579e-02 6.490036100149154663e-02
4.730000000000000000e+02 4.501856863498687744e-02 6.496567279100418091e-02
4.740000000000000000e+02 4.490230232477188110e-02 6.491114944219589233e-02
4.750000000000000000e+02 4.496673494577407837e-02 6.477300077676773071e-02
4.760000000000000000e+02 4.488163441419601440e-02 6.472595781087875366e-02
4.770000000000000000e+02 4.489219188690185547e-02 6.468751281499862671e-02
4.780000000000000000e+02 4.491708427667617798e-02 6.474713236093521118e-02
4.790000000000000000e+02 4.491038993000984192e-02 6.458543241024017334e-02
4.800000000000000000e+02 4.491288214921951294e-02 6.474421918392181396e-02
4.810000000000000000e+02 4.480334743857383728e-02 6.462243944406509399e-02
4.820000000000000000e+02 4.486222192645072937e-02 6.438504904508590698e-02
4.830000000000000000e+02 4.477137327194213867e-02 6.466303020715713501e-02
4.840000000000000000e+02 4.479302465915679932e-02 6.452001631259918213e-02
4.850000000000000000e+02 4.476381093263626099e-02 6.450448185205459595e-02
4.860000000000000000e+02 4.472928121685981750e-02 6.461238861083984375e-02
4.870000000000000000e+02 4.476203396916389465e-02 6.456381827592849731e-02
4.880000000000000000e+02 4.466769471764564514e-02 6.450959295034408569e-02
4.890000000000000000e+02 4.470900818705558777e-02 6.452095508575439453e-02
4.900000000000000000e+02 4.466958343982696533e-02 6.437425315380096436e-02
4.910000000000000000e+02 4.465901106595993042e-02 6.447800248861312866e-02
4.920000000000000000e+02 4.462498798966407776e-02 6.432192027568817139e-02
4.930000000000000000e+02 4.463881254196166992e-02 6.433679163455963135e-02
4.940000000000000000e+02 4.460569098591804504e-02 6.440433114767074585e-02
4.950000000000000000e+02 4.458493739366531372e-02 6.425458192825317383e-02
4.960000000000000000e+02 4.457978159189224243e-02 6.429222971200942993e-02
4.970000000000000000e+02 4.456176608800888062e-02 6.421341001987457275e-02
4.980000000000000000e+02 4.452349990606307983e-02 6.418511271476745605e-02
4.990000000000000000e+02 4.458605498075485229e-02 6.425389647483825684e-02
5.000000000000000000e+02 4.448056221008300781e-02 6.422606855630874634e-02
5.010000000000000000e+02 4.445093870162963867e-02 6.425733119249343872e-02
5.020000000000000000e+02 4.450845345854759216e-02 6.413552910089492798e-02
5.030000000000000000e+02 4.443785175681114197e-02 6.412210315465927124e-02
5.040000000000000000e+02 4.443605989217758179e-02 6.416013836860656738e-02
5.050000000000000000e+02 4.444111883640289307e-02 6.414575129747390747e-02
5.060000000000000000e+02 4.443073645234107971e-02 6.417506188154220581e-02
5.070000000000000000e+02 4.444396495819091797e-02 6.394740939140319824e-02
5.080000000000000000e+02 4.440813139081001282e-02 6.410916149616241455e-02
5.090000000000000000e+02 4.437626153230667114e-02 6.397748738527297974e-02
5.100000000000000000e+02 4.429404065012931824e-02 6.383316963911056519e-02
5.110000000000000000e+02 4.429566487669944763e-02 6.405001878738403320e-02
5.120000000000000000e+02 4.427338391542434692e-02 6.384619325399398804e-02
5.130000000000000000e+02 4.426831007003784180e-02 6.393822282552719116e-02
5.140000000000000000e+02 4.428423941135406494e-02 6.383623927831649780e-02
5.150000000000000000e+02 4.423216730356216431e-02 6.401924043893814087e-02
5.160000000000000000e+02 4.418797791004180908e-02 6.390337646007537842e-02
5.170000000000000000e+02 4.417870938777923584e-02 6.397347152233123779e-02
5.180000000000000000e+02 4.419321566820144653e-02 6.377990543842315674e-02
5.190000000000000000e+02 4.413995519280433655e-02 6.376172602176666260e-02
5.200000000000000000e+02 4.423929750919342041e-02 6.366728991270065308e-02
5.210000000000000000e+02 4.415684193372726440e-02 6.359922885894775391e-02
5.220000000000000000e+02 4.413912817835807800e-02 6.376511603593826294e-02
5.230000000000000000e+02 4.409246891736984253e-02 6.374526023864746094e-02
5.240000000000000000e+02 4.409189522266387939e-02 6.375331431627273560e-02
5.250000000000000000e+02 4.405192658305168152e-02 6.376383453607559204e-02
5.260000000000000000e+02 4.408219456672668457e-02 6.360129266977310181e-02
5.270000000000000000e+02 4.403769969940185547e-02 6.356985121965408325e-02
5.280000000000000000e+02 4.404568672180175781e-02 6.360442191362380981e-02
5.290000000000000000e+02 4.403230920433998108e-02 6.359004229307174683e-02
5.300000000000000000e+02 4.407254233956336975e-02 6.368456035852432251e-02
5.310000000000000000e+02 4.400618746876716614e-02 6.363513320684432983e-02
5.320000000000000000e+02 4.401038214564323425e-02 6.342738866806030273e-02
5.330000000000000000e+02 4.400251433253288269e-02 6.360393017530441284e-02
5.340000000000000000e+02 4.392633959650993347e-02 6.365323811769485474e-02
5.350000000000000000e+02 4.392662271857261658e-02 6.345879286527633667e-02
5.360000000000000000e+02 4.393877834081649780e-02 6.352203339338302612e-02
5.370000000000000000e+02 4.385367408394813538e-02 6.353326886892318726e-02
5.380000000000000000e+02 4.388058185577392578e-02 6.345607340335845947e-02
5.390000000000000000e+02 4.389098286628723145e-02 6.345140188932418823e-02
5.400000000000000000e+02 4.384737461805343628e-02 6.339897960424423218e-02
5.410000000000000000e+02 4.385308176279067993e-02 6.345456838607788086e-02
5.420000000000000000e+02 4.379592463374137878e-02 6.337602436542510986e-02
5.430000000000000000e+02 4.379456862807273865e-02 6.331732869148254395e-02
5.440000000000000000e+02 4.372633993625640869e-02 6.324318796396255493e-02
5.450000000000000000e+02 4.374624416232109070e-02 6.335840374231338501e-02
5.460000000000000000e+02 4.369589313864707947e-02 6.337738782167434692e-02
5.470000000000000000e+02 4.375246167182922363e-02 6.334874778985977173e-02
5.480000000000000000e+02 4.365731775760650635e-02 6.327396631240844727e-02
5.490000000000000000e+02 4.368050768971443176e-02 6.330589205026626587e-02
5.500000000000000000e+02 4.369237646460533142e-02 6.315971165895462036e-02
5.510000000000000000e+02 4.369502142071723938e-02 6.331333518028259277e-02
5.520000000000000000e+02 4.356562718749046326e-02 6.320412456989288330e-02
5.530000000000000000e+02 4.363188520073890686e-02 6.325974315404891968e-02
5.540000000000000000e+02 4.367056116461753845e-02 6.327305734157562256e-02
5.550000000000000000e+02 4.362088441848754883e-02 6.319055706262588501e-02
5.560000000000000000e+02 4.362755268812179565e-02 6.320619583129882812e-02
5.570000000000000000e+02 4.359256476163864136e-02 6.316225975751876831e-02
5.580000000000000000e+02 4.359327256679534912e-02 6.320125609636306763e-02
5.590000000000000000e+02 4.350797086954116821e-02 6.296915560960769653e-02
5.600000000000000000e+02 4.348215833306312561e-02 6.307639926671981812e-02
5.610000000000000000e+02 4.353614524006843567e-02 6.315405666828155518e-02
5.620000000000000000e+02 4.343744367361068726e-02 6.288032233715057373e-02
5.630000000000000000e+02 4.346283897757530212e-02 6.297706812620162964e-02
5.640000000000000000e+02 4.348289221525192261e-02 6.298866122961044312e-02
5.650000000000000000e+02 4.337028041481971741e-02 6.292664259672164917e-02
5.660000000000000000e+02 4.342938587069511414e-02 6.294072419404983521e-02
5.670000000000000000e+02 4.340294748544692993e-02 6.285405158996582031e-02
5.680000000000000000e+02 4.335412010550498962e-02 6.291554123163223267e-02
5.690000000000000000e+02 4.330771043896675110e-02 6.292846798896789551e-02
5.700000000000000000e+02 4.332039132714271545e-02 6.288766860961914062e-02
5.710000000000000000e+02 4.337542876601219177e-02 6.286530196666717529e-02
5.720000000000000000e+02 4.337467998266220093e-02 6.279852241277694702e-02
5.730000000000000000e+02 4.327655583620071411e-02 6.286288797855377197e-02
5.740000000000000000e+02 4.333007708191871643e-02 6.293398886919021606e-02
5.750000000000000000e+02 4.325583204627037048e-02 6.287134438753128052e-02
5.760000000000000000e+02 4.331799596548080444e-02 6.271454691886901855e-02
5.770000000000000000e+02 4.329885914921760559e-02 6.279980391263961792e-02
5.780000000000000000e+02 4.326787590980529785e-02 6.277878582477569580e-02
5.790000000000000000e+02 4.312808811664581299e-02 6.282572448253631592e-02
5.800000000000000000e+02 4.324259236454963684e-02 6.275243312120437622e-02
5.810000000000000000e+02 4.318248108029365540e-02 6.269401311874389648e-02
5.820000000000000000e+02 4.314034432172775269e-02 6.265193969011306763e-02
5.830000000000000000e+02 4.322509095072746277e-02 6.267207115888595581e-02
5.840000000000000000e+02 4.312189295887947083e-02 6.261065602302551270e-02
5.850000000000000000e+02 4.317661002278327942e-02 6.255256384611129761e-02
5.860000000000000000e+02 4.311187192797660828e-02 6.255631893873214722e-02
5.870000000000000000e+02 4.309709370136260986e-02 6.263151019811630249e-02
5.880000000000000000e+02 4.312419518828392029e-02 6.254240125417709351e-02
5.890000000000000000e+02 4.306457936763763428e-02 6.265728175640106201e-02
5.900000000000000000e+02 4.302294924855232239e-02 6.246117129921913147e-02
5.910000000000000000e+02 4.305743053555488586e-02 6.261596083641052246e-02
5.920000000000000000e+02 4.305843636393547058e-02 6.272349506616592407e-02
5.930000000000000000e+02 4.304807260632514954e-02 6.240008398890495300e-02
5.940000000000000000e+02 4.302182421088218689e-02 6.262221187353134155e-02
5.950000000000000000e+02 4.301082342863082886e-02 6.235331296920776367e-02
5.960000000000000000e+02 4.302005097270011902e-02 6.241269037127494812e-02
5.970000000000000000e+02 4.292386025190353394e-02 6.245989352464675903e-02
5.980000000000000000e+02 4.298243299126625061e-02 6.237594410777091980e-02
5.990000000000000000e+02 4.293574765324592590e-02 6.241583079099655151e-02
6.000000000000000000e+02 4.290530830621719360e-02 6.244457885622978210e-02
6.010000000000000000e+02 4.289851337671279907e-02 6.226259842514991760e-02
6.020000000000000000e+02 4.288379475474357605e-02 6.238058581948280334e-02
6.030000000000000000e+02 4.283484816551208496e-02 6.237058341503143311e-02
6.040000000000000000e+02 4.285534843802452087e-02 6.233083829283714294e-02
6.050000000000000000e+02 4.282462969422340393e-02 6.230593472719192505e-02
6.060000000000000000e+02 4.288955405354499817e-02 6.225236877799034119e-02
6.070000000000000000e+02 4.286077618598937988e-02 6.215901300311088562e-02
6.080000000000000000e+02 4.286351054906845093e-02 6.235152110457420349e-02
6.090000000000000000e+02 4.275208711624145508e-02 6.219851598143577576e-02
6.100000000000000000e+02 4.279522597789764404e-02 6.229481101036071777e-02
6.110000000000000000e+02 4.277971014380455017e-02 6.210438907146453857e-02
6.120000000000000000e+02 4.269424825906753540e-02 6.201830133795738220e-02
6.130000000000000000e+02 4.274569824337959290e-02 6.207088381052017212e-02
6.140000000000000000e+02 4.274184256792068481e-02 6.206395477056503296e-02
6.150000000000000000e+02 4.271988198161125183e-02 6.219357997179031372e-02
6.160000000000000000e+02 4.270846024155616760e-02 6.220185011625289917e-02
6.170000000000000000e+02 4.261089116334915161e-02 6.210695952177047729e-02
6.180000000000000000e+02 4.266142100095748901e-02 6.203466653823852539e-02
6.190000000000000000e+02 4.261085018515586853e-02 6.196475401520729065e-02
6.200000000000000000e+02 4.261571168899536133e-02 6.207620725035667419e-02
6.210000000000000000e+02 4.262246191501617432e-02 6.201979145407676697e-02
6.220000000000000000e+02 4.259168729186058044e-02 6.192207708954811096e-02
6.230000000000000000e+02 4.257030785083770752e-02 6.186365708708763123e-02
6.240000000000000000e+02 4.257459565997123718e-02 6.196606904268264771e-02
6.250000000000000000e+02 4.259953275322914124e-02 6.196698918938636780e-02
6.260000000000000000e+02 4.252891242504119873e-02 6.213405728340148926e-02
6.270000000000000000e+02 4.255954176187515259e-02 6.204012036323547363e-02
6.280000000000000000e+02 4.254700988531112671e-02 6.181615963578224182e-02
6.290000000000000000e+02 4.245742782950401306e-02 6.185169890522956848e-02
6.300000000000000000e+02 4.249660670757293701e-02 6.194264814257621765e-02
6.310000000000000000e+02 4.248819127678871155e-02 6.180856749415397644e-02
6.320000000000000000e+02 4.244956001639366150e-02 6.179850921034812927e-02
6.330000000000000000e+02 4.242863878607749939e-02 6.162745133042335510e-02
6.340000000000000000e+02 4.243355244398117065e-02 6.166411191225051880e-02
6.350000000000000000e+02 4.241735115647315979e-02 6.168491020798683167e-02
6.360000000000000000e+02 4.241935163736343384e-02 6.160071119666099548e-02
6.370000000000000000e+02 4.234252125024795532e-02 6.165923550724983215e-02
6.380000000000000000e+02 4.232634603977203369e-02 6.176618114113807678e-02
6.390000000000000000e+02 4.234427213668823242e-02 6.151872873306274414e-02
6.400000000000000000e+02 4.234191775321960449e-02 6.154996901750564575e-02
6.410000000000000000e+02 4.232972487807273865e-02 6.137430667877197266e-02
6.420000000000000000e+02 4.228510335087776184e-02 6.161694601178169250e-02
6.430000000000000000e+02 4.229034855961799622e-02 6.153121590614318848e-02
6.440000000000000000e+02 4.226906970143318176e-02 6.154760718345642090e-02
6.450000000000000000e+02 4.227501153945922852e-02 6.146335601806640625e-02
6.460000000000000000e+02 4.221298545598983765e-02 6.144946813583374023e-02
6.470000000000000000e+02 4.225158691406250000e-02 6.146099045872688293e-02
6.480000000000000000e+02 4.222426936030387878e-02 6.143786013126373291e-02
6.490000000000000000e+02 4.219542816281318665e-02 6.140218675136566162e-02
6.500000000000000000e+02 4.212680459022521973e-02 6.143520399928092957e-02
6.510000000000000000e+02 4.216620326042175293e-02 6.134233251214027405e-02
6.520000000000000000e+02 4.212793335318565369e-02 6.126169115304946899e-02
6.530000000000000000e+02 4.210422188043594360e-02 6.134772673249244690e-02
6.540000000000000000e+02 4.205663502216339111e-02 6.119320541620254517e-02
6.550000000000000000e+02 4.208600148558616638e-02 6.130038574337959290e-02
6.560000000000000000e+02 4.209156334400177002e-02 6.115177646279335022e-02
6.570000000000000000e+02 4.210263118147850037e-02 6.124012917280197144e-02
6.580000000000000000e+02 4.198047146201133728e-02 6.099687516689300537e-02
6.590000000000000000e+02 4.201833903789520264e-02 6.123110279440879822e-02
6.600000000000000000e+02 4.196856170892715454e-02 6.112907826900482178e-02
6.610000000000000000e+02 4.199983179569244385e-02 6.114218756556510925e-02
6.620000000000000000e+02 4.190413653850555420e-02 6.108671799302101135e-02
6.630000000000000000e+02 4.196162149310112000e-02 6.107963249087333679e-02
6.640000000000000000e+02 4.193296656012535095e-02 6.096703931689262390e-02
6.650000000000000000e+02 4.188951849937438965e-02 6.095656380057334900e-02
6.660000000000000000e+02 4.188041388988494873e-02 6.095610186457633972e-02
6.670000000000000000e+02 4.185704886913299561e-02 6.098078936338424683e-02
6.680000000000000000e+02 4.184164851903915405e-02 6.100825592875480652e-02
6.690000000000000000e+02 4.186399653553962708e-02 6.081091240048408508e-02
6.700000000000000000e+02 4.183188825845718384e-02 6.079843267798423767e-02
6.710000000000000000e+02 4.176481440663337708e-02 6.086035445332527161e-02
6.720000000000000000e+02 4.178634285926818848e-02 6.089812144637107849e-02
6.730000000000000000e+02 4.178192093968391418e-02 6.075320020318031311e-02
6.740000000000000000e+02 4.177685454487800598e-02 6.065186113119125366e-02
6.750000000000000000e+02 4.175561666488647461e-02 6.060121208429336548e-02
6.760000000000000000e+02 4.178573191165924072e-02 6.065239757299423218e-02
6.770000000000000000e+02 4.171586781740188599e-02 6.084300950169563293e-02
6.780000000000000000e+02 4.168169945478439331e-02 6.066894531250000000e-02
6.790000000000000000e+02 4.172453656792640686e-02 6.076980382204055786e-02
6.800000000000000000e+02 4.169616848230361938e-02 6.055248156189918518e-02
6.810000000000000000e+02 4.169493168592453003e-02 6.059623137116432190e-02
6.820000000000000000e+02 4.166168347001075745e-02 6.059656664729118347e-02
6.830000000000000000e+02 4.164702817797660828e-02 6.055410578846931458e-02
6.840000000000000000e+02 4.164725169539451599e-02 6.067756563425064087e-02
6.850000000000000000e+02 4.160410910844802856e-02 6.052474677562713623e-02
6.860000000000000000e+02 4.161319509148597717e-02 6.059043481945991516e-02
6.870000000000000000e+02 4.159537702798843384e-02 6.051924079656600952e-02
6.880000000000000000e+02 4.155955091118812561e-02 6.032345816493034363e-02
6.890000000000000000e+02 4.164109751582145691e-02 6.050992012023925781e-02
6.900000000000000000e+02 4.152622818946838379e-02 6.056043878197669983e-02
6.910000000000000000e+02 4.153797402977943420e-02 6.058379635214805603e-02
6.920000000000000000e+02 4.158874973654747009e-02 6.055545061826705933e-02
6.930000000000000000e+02 4.149712249636650085e-02 6.039540842175483704e-02
6.940000000000000000e+02 4.150253161787986755e-02 6.050942093133926392e-02
6.950000000000000000e+02 4.147286713123321533e-02 6.033982336521148682e-02
6.960000000000000000e+02 4.145780578255653381e-02 6.047445163130760193e-02
6.970000000000000000e+02 4.141752421855926514e-02 6.027645990252494812e-02
6.980000000000000000e+02 4.150868579745292664e-02 6.042759120464324951e-02
6.990000000000000000e+02 4.136738553643226624e-02 6.040823087096214294e-02
7.000000000000000000e+02 4.147620871663093567e-02 6.042605265974998474e-02
7.010000000000000000e+02 4.139546304941177368e-02 6.035193055868148804e-02
7.020000000000000000e+02 4.138861596584320068e-02 6.019960343837738037e-02
7.030000000000000000e+02 4.139968752861022949e-02 6.028624624013900757e-02
7.040000000000000000e+02 4.145840182900428772e-02 6.041394546627998352e-02
7.050000000000000000e+02 4.136439412832260132e-02 6.035169214010238647e-02
7.060000000000000000e+02 4.138706997036933899e-02 6.014635413885116577e-02
7.070000000000000000e+02 4.139388352632522583e-02 6.042171269655227661e-02
7.080000000000000000e+02 4.139512032270431519e-02 6.032221019268035889e-02
7.090000000000000000e+02 4.136005416512489319e-02 6.021967902779579163e-02
7.100000000000000000e+02 4.134660586714744568e-02 6.016517058014869690e-02
7.110000000000000000e+02 4.133417457342147827e-02 6.023492664098739624e-02
7.120000000000000000e+02 4.132212698459625244e-02 6.014702469110488892e-02
7.130000000000000000e+02 4.127309098839759827e-02 6.023850664496421814e-02
7.140000000000000000e+02 4.127814993262290955e-02 6.015263497829437256e-02
7.150000000000000000e+02 4.125852510333061218e-02 6.014260649681091309e-02
7.160000000000000000e+02 4.120575264096260071e-02 6.010584905743598938e-02
7.170000000000000000e+02 4.121280089020729065e-02 6.010136008262634277e-02
7.180000000000000000e+02 4.120502993464469910e-02 6.008728221058845520e-02
7.190000000000000000e+02 4.124634712934494019e-02 5.984773486852645874e-02
7.200000000000000000e+02 4.129167273640632629e-02 5.992517620325088501e-02
7.210000000000000000e+02 4.121039062738418579e-02 6.005417928099632263e-02
7.220000000000000000e+02 4.116232693195343018e-02 5.998844280838966370e-02
7.230000000000000000e+02 4.119943082332611084e-02 6.002007424831390381e-02
7.240000000000000000e+02 4.117983207106590271e-02 6.004989892244338989e-02
7.250000000000000000e+02 4.121565446257591248e-02 6.008252874016761780e-02
7.260000000000000000e+02 4.114693775773048401e-02 6.009680777788162231e-02
7.270000000000000000e+02 4.109529033303260803e-02 5.997036397457122803e-02
7.280000000000000000e+02 4.118914902210235596e-02 5.980911105871200562e-02
7.290000000000000000e+02 4.114807397127151489e-02 5.994155630469322205e-02
7.300000000000000000e+02 4.108127951622009277e-02 5.995955318212509155e-02
7.310000000000000000e+02 4.104005917906761169e-02 5.994886904954910278e-02
7.320000000000000000e+02 4.107601195573806763e-02 5.989403650164604187e-02
7.330000000000000000e+02 4.111187160015106201e-02 5.993881449103355408e-02
7.340000000000000000e+02 4.095974937081336975e-02 5.992370843887329102e-02
7.350000000000000000e+02 4.108092933893203735e-02 5.975967273116111755e-02
7.360000000000000000e+02 4.102652147412300110e-02 5.982286483049392700e-02
7.370000000000000000e+02 4.102998971939086914e-02 5.989132076501846313e-02
7.380000000000000000e+02 4.100884497165679932e-02 5.985430628061294556e-02
7.390000000000000000e+02 4.099626466631889343e-02 5.977848172187805176e-02
7.400000000000000000e+02 4.099900647997856140e-02 5.980063229799270630e-02
7.410000000000000000e+02 4.096905887126922607e-02 5.977572873234748840e-02
7.420000000000000000e+02 4.096807911992073059e-02 5.984478071331977844e-02
7.430000000000000000e+02 4.096767306327819824e-02 5.978660285472869873e-02
7.440000000000000000e+02 4.097576066851615906e-02 5.980761349201202393e-02
