0.000000000000000000e+00 1.033185720443725586e-01 1.250107288360595703e-01
1.000000000000000000e+00 1.029473841190338135e-01 1.247595474123954773e-01
2.000000000000000000e+00 1.025833040475845337e-01 1.245112344622612000e-01
3.000000000000000000e+00 1.022310778498649597e-01 1.242485046386718750e-01
4.000000000000000000e+00 1.018814295530319214e-01 1.240148916840553284e-01
5.000000000000000000e+00 1.015338227152824402e-01 1.237909495830535889e-01
6.000000000000000000e+00 1.011888012290000916e-01 1.235415041446685791e-01
7.000000000000000000e+00 1.008463054895401001e-01 1.233071386814117432e-01
8.000000000000000000e+00 1.005143448710441589e-01 1.230475455522537231e-01
9.000000000000000000e+00 1.001753434538841248e-01 1.228218972682952881e-01
1.000000000000000000e+01 9.983527660369873047e-02 1.225887537002563477e-01
1.100000000000000000e+01 9.949067234992980957e-02 1.223317682743072510e-01
1.200000000000000000e+01 9.914980083703994751e-02 1.220979839563369751e-01
1.300000000000000000e+01 9.880882501602172852e-02 1.218526214361190796e-01
1.400000000000000000e+01 9.845760464668273926e-02 1.216070502996444702e-01
1.500000000000000000e+01 9.810131788253784180e-02 1.213434413075447083e-01
1.600000000000000000e+01 9.773641824722290039e-02 1.210946068167686462e-01
1.700000000000000000e+01 9.736812114715576172e-02 1.208217889070510864e-01
1.800000000000000000e+01 9.698499739170074463e-02 1.205335706472396851e-01
1.900000000000000000e+01 9.660340845584869385e-02 1.202600672841072083e-01
2.000000000000000000e+01 9.620357304811477661e-02 1.199456006288528442e-01
2.100000000000000000e+01 9.579496830701828003e-02 1.196707636117935181e-01
2.200000000000000000e+01 9.537766873836517334e-02 1.193495392799377441e-01
2.300000000000000000e+01 9.494919329881668091e-02 1.190160512924194336e-01
2.400000000000000000e+01 9.451083093881607056e-02 1.186675056815147400e-01
2.500000000000000000e+01 9.406378865242004395e-02 1.183173507452011108e-01
2.600000000000000000e+01 9.360601752996444702e-02 1.179533451795578003e-01
2.700000000000000000e+01 9.312576800584793091e-02 1.175714582204818726e-01
2.800000000000000000e+01 9.263170510530471802e-02 1.172128617763519287e-01
2.900000000000000000e+01 9.213338047266006470e-02 1.167893558740615845e-01
3.000000000000000000e+01 9.163932502269744873e-02 1.163877397775650024e-01
3.100000000000000000e+01 9.112079441547393799e-02 1.159350275993347168e-01
3.200000000000000000e+01 9.061663597822189331e-02 1.154979541897773743e-01
3.300000000000000000e+01 9.008933603763580322e-02 1.150104478001594543e-01
3.400000000000000000e+01 8.954913914203643799e-02 1.145706400275230408e-01
3.500000000000000000e+01 8.903584629297256470e-02 1.140630319714546204e-01
3.600000000000000000e+01 8.849273622035980225e-02 1.135952174663543701e-01
3.700000000000000000e+01 8.795844763517379761e-02 1.130936071276664734e-01
3.800000000000000000e+01 8.743775635957717896e-02 1.125303953886032104e-01
3.900000000000000000e+01 8.689600229263305664e-02 1.120827719569206238e-01
4.000000000000000000e+01 8.635186403989791870e-02 1.115372553467750549e-01
4.100000000000000000e+01 8.582123368978500366e-02 1.110142394900321960e-01
4.200000000000000000e+01 8.530667424201965332e-02 1.104636564850807190e-01
4.300000000000000000e+01 8.474225550889968872e-02 1.099511906504631042e-01
4.400000000000000000e+01 8.420058339834213257e-02 1.094348579645156860e-01
4.500000000000000000e+01 8.368424326181411743e-02 1.088651046156883240e-01
4.600000000000000000e+01 8.312683552503585815e-02 1.084015667438507080e-01
4.700000000000000000e+01 8.258432149887084961e-02 1.078501418232917786e-01
4.800000000000000000e+01 8.205009251832962036e-02 1.072895526885986328e-01
4.900000000000000000e+01 8.148819953203201294e-02 1.068228632211685181e-01
5.000000000000000000e+01 8.094643801450729370e-02 1.063185185194015503e-01
5.100000000000000000e+01 8.038892596960067749e-02 1.058051511645317078e-01
5.200000000000000000e+01 7.986676692962646484e-02 1.052192077040672302e-01
5.300000000000000000e+01 7.930037379264831543e-02 1.048117876052856445e-01
5.400000000000000000e+01 7.876731455326080322e-02 1.043162271380424500e-01
5.500000000000000000e+01 7.824303209781646729e-02 1.036886945366859436e-01
5.600000000000000000e+01 7.772990316152572632e-02 1.032745465636253357e-01
5.700000000000000000e+01 7.722374051809310913e-02 1.026203483343124390e-01
5.800000000000000000e+01 7.673649489879608154e-02 1.021901667118072510e-01
5.900000000000000000e+01 7.623150944709777832e-02 1.016636341810226440e-01
6.000000000000000000e+01 7.582120597362518311e-02 1.012068241834640503e-01
6.100000000000000000e+01 7.532695680856704712e-02 1.006224900484085083e-01
6.200000000000000000e+01 7.490038871765136719e-02 1.001447439193725586e-01
6.300000000000000000e+01 7.446828484535217285e-02 9.951550513505935669e-02
6.400000000000000000e+01 7.406068593263626099e-02 9.925132244825363159e-02
6.500000000000000000e+01 7.368600368499755859e-02 9.852816164493560791e-02
6.600000000000000000e+01 7.330977916717529297e-02 9.804969280958175659e-02
6.700000000000000000e+01 7.295584678649902344e-02 9.756595641374588013e-02
6.800000000000000000e+01 7.259759306907653809e-02 9.707588702440261841e-02
6.900000000000000000e+01 7.223057001829147339e-02 9.652119874954223633e-02
7.000000000000000000e+01 7.193604111671447754e-02 9.610278159379959106e-02
7.100000000000000000e+01 7.162668555974960327e-02 9.563132375478744507e-02
7.200000000000000000e+01 7.133564352989196777e-02 9.523206949234008789e-02
7.300000000000000000e+01 7.104104757308959961e-02 9.474233537912368774e-02
7.400000000000000000e+01 7.077348232269287109e-02 9.431944042444229126e-02
7.500000000000000000e+01 7.044617831707000732e-02 9.388787299394607544e-02
7.600000000000000000e+01 7.011852413415908813e-02 9.355624020099639893e-02
7.700000000000000000e+01 6.986571103334426880e-02 9.302340447902679443e-02
7.800000000000000000e+01 6.952851265668869019e-02 9.269672632217407227e-02
7.900000000000000000e+01 6.928331404924392700e-02 9.225392341613769531e-02
8.000000000000000000e+01 6.894037872552871704e-02 9.192337095737457275e-02
8.100000000000000000e+01 6.866296380758285522e-02 9.165661036968231201e-02
8.200000000000000000e+01 6.839699298143386841e-02 9.118463099002838135e-02
8.300000000000000000e+01 6.808921694755554199e-02 9.101909399032592773e-02
8.400000000000000000e+01 6.788148730993270874e-02 9.071144461631774902e-02
8.500000000000000000e+01 6.755802035331726074e-02 9.035087376832962036e-02
8.600000000000000000e+01 6.729520857334136963e-02 8.999007940292358398e-02
8.700000000000000000e+01 6.698578596115112305e-02 8.974517136812210083e-02
8.800000000000000000e+01 6.670865416526794434e-02 8.930915594100952148e-02
8.900000000000000000e+01 6.647899001836776733e-02 8.909481018781661987e-02
9.000000000000000000e+01 6.625461578369140625e-02 8.871269226074218750e-02
9.100000000000000000e+01 6.601187586784362793e-02 8.849005401134490967e-02
9.200000000000000000e+01 6.575798243284225464e-02 8.827609568834304810e-02
9.300000000000000000e+01 6.551890075206756592e-02 8.796488493680953979e-02
9.400000000000000000e+01 6.528788805007934570e-02 8.773176372051239014e-02
9.500000000000000000e+01 6.508636474609375000e-02 8.716677874326705933e-02
9.600000000000000000e+01 6.487565487623214722e-02 8.699234575033187866e-02
9.700000000000000000e+01 6.466875225305557251e-02 8.670611679553985596e-02
9.800000000000000000e+01 6.442987173795700073e-02 8.663069456815719604e-02
9.900000000000000000e+01 6.420005857944488525e-02 8.622280508279800415e-02
1.000000000000000000e+02 6.402549147605895996e-02 8.605477213859558105e-02
1.010000000000000000e+02 6.385924667119979858e-02 8.580467104911804199e-02
1.020000000000000000e+02 6.364914029836654663e-02 8.570582419633865356e-02
1.030000000000000000e+02 6.353472173213958740e-02 8.532272279262542725e-02
1.040000000000000000e+02 6.339114159345626831e-02 8.498447388410568237e-02
1.050000000000000000e+02 6.320234388113021851e-02 8.475013822317123413e-02
1.060000000000000000e+02 6.303090602159500122e-02 8.449135720729827881e-02
1.070000000000000000e+02 6.281835585832595825e-02 8.427791297435760498e-02
1.080000000000000000e+02 6.269736588001251221e-02 8.410257101058959961e-02
1.090000000000000000e+02 6.259702146053314209e-02 8.382998406887054443e-02
1.100000000000000000e+02 6.242281198501586914e-02 8.360122889280319214e-02
1.110000000000000000e+02 6.225617229938507080e-02 8.337271213531494141e-02
1.120000000000000000e+02 6.213295087218284607e-02 8.311212062835693359e-02
1.130000000000000000e+02 6.198425963521003723e-02 8.302617818117141724e-02
1.140000000000000000e+02 6.185848265886306763e-02 8.287227898836135864e-02
1.150000000000000000e+02 6.169646605849266052e-02 8.256500214338302612e-02
1.160000000000000000e+02 6.162536144256591797e-02 8.248636126518249512e-02
1.170000000000000000e+02 6.143692880868911743e-02 8.219625800848007202e-02
1.180000000000000000e+02 6.132456287741661072e-02 8.203099668025970459e-02
1.190000000000000000e+02 6.122824922204017639e-02 8.199571818113327026e-02
1.200000000000000000e+02 6.109080836176872253e-02 8.179040253162384033e-02
1.210000000000000000e+02 6.096939370036125183e-02 8.157432079315185547e-02
1.220000000000000000e+02 6.087660044431686401e-02 8.150383830070495605e-02
1.230000000000000000e+02 6.074000895023345947e-02 8.138631284236907959e-02
1.240000000000000000e+02 6.057994812726974487e-02 8.116179704666137695e-02
1.250000000000000000e+02 6.048367545008659363e-02 8.105932921171188354e-02
1.260000000000000000e+02 6.033527851104736328e-02 8.079675585031509399e-02
1.270000000000000000e+02 6.027397140860557556e-02 8.070442080497741699e-02
1.280000000000000000e+02 6.009832397103309631e-02 8.054739981889724731e-02
1.290000000000000000e+02 5.999068170785903931e-02 8.053132891654968262e-02
1.300000000000000000e+02 5.993217602372169495e-02 8.041191101074218750e-02
1.310000000000000000e+02 5.987037718296051025e-02 8.016942441463470459e-02
1.320000000000000000e+02 5.970739573240280151e-02 8.003460615873336792e-02
1.330000000000000000e+02 5.964858829975128174e-02 7.988497614860534668e-02
1.340000000000000000e+02 5.948155373334884644e-02 7.993712276220321655e-02
1.350000000000000000e+02 5.942337960004806519e-02 7.976984977722167969e-02
1.360000000000000000e+02 5.932899191975593567e-02 7.972329854965209961e-02
1.370000000000000000e+02 5.918478220701217651e-02 7.959680259227752686e-02
1.380000000000000000e+02 5.906159430742263794e-02 7.952014356851577759e-02
1.390000000000000000e+02 5.902252346277236938e-02 7.936085015535354614e-02
1.400000000000000000e+02 5.896335467696189880e-02 7.915017753839492798e-02
1.410000000000000000e+02 5.878330394625663757e-02 7.908884435892105103e-02
1.420000000000000000e+02 5.874061957001686096e-02 7.911363989114761353e-02
1.430000000000000000e+02 5.861859023571014404e-02 7.890894263982772827e-02
1.440000000000000000e+02 5.857668444514274597e-02 7.872910052537918091e-02
1.450000000000000000e+02 5.853267386555671692e-02 7.869832962751388550e-02
1.460000000000000000e+02 5.835865810513496399e-02 7.861623167991638184e-02
1.470000000000000000e+02 5.832928791642189026e-02 7.842511683702468872e-02
1.480000000000000000e+02 5.824569240212440491e-02 7.839147001504898071e-02
1.490000000000000000e+02 5.811918899416923523e-02 7.831877470016479492e-02
1.500000000000000000e+02 5.802008137106895447e-02 7.831045240163803101e-02
1.510000000000000000e+02 5.800227075815200806e-02 7.794983685016632080e-02
1.520000000000000000e+02 5.782819539308547974e-02 7.788178324699401855e-02
1.530000000000000000e+02 5.778070166707038879e-02 7.788829505443572998e-02
1.540000000000000000e+02 5.766391381621360779e-02 7.770608365535736084e-02
1.550000000000000000e+02 5.762035772204399109e-02 7.755673676729202271e-02
1.560000000000000000e+02 5.749575793743133545e-02 7.751589268445968628e-02
1.570000000000000000e+02 5.739084631204605103e-02 7.756609469652175903e-02
1.580000000000000000e+02 5.738474801182746887e-02 7.755067199468612671e-02
1.590000000000000000e+02 5.727332830429077148e-02 7.713159173727035522e-02
1.600000000000000000e+02 5.720485374331474304e-02 7.710099220275878906e-02
1.610000000000000000e+02 5.706626921892166138e-02 7.722793519496917725e-02
1.620000000000000000e+02 5.703527852892875671e-02 7.707367092370986938e-02
1.630000000000000000e+02 5.694053694605827332e-02 7.686301320791244507e-02
1.640000000000000000e+02 5.689962208271026611e-02 7.697308063507080078e-02
1.650000000000000000e+02 5.676764994859695435e-02 7.677147537469863892e-02
1.660000000000000000e+02 5.667050927877426147e-02 7.675462961196899414e-02
1.670000000000000000e+02 5.662559717893600464e-02 7.651487737894058228e-02
1.680000000000000000e+02 5.655266717076301575e-02 7.655403017997741699e-02
1.690000000000000000e+02 5.647202208638191223e-02 7.641682773828506470e-02
1.700000000000000000e+02 5.633661523461341858e-02 7.639307528734207153e-02
1.710000000000000000e+02 5.631944164633750916e-02 7.625642418861389160e-02
1.720000000000000000e+02 5.619005486369132996e-02 7.629681378602981567e-02
1.730000000000000000e+02 5.612068250775337219e-02 7.621070742607116699e-02
1.740000000000000000e+02 5.602366104722023010e-02 7.591480016708374023e-02
1.750000000000000000e+02 5.602389201521873474e-02 7.598140090703964233e-02
1.760000000000000000e+02 5.593313649296760559e-02 7.602792978286743164e-02
1.770000000000000000e+02 5.581898987293243408e-02 7.584080100059509277e-02
1.780000000000000000e+02 5.577317252755165100e-02 7.580053806304931641e-02
1.790000000000000000e+02 5.565002188086509705e-02 7.571652531623840332e-02
1.800000000000000000e+02 5.558045953512191772e-02 7.556409388780593872e-02
1.810000000000000000e+02 5.552500858902931213e-02 7.538123428821563721e-02
1.820000000000000000e+02 5.541288480162620544e-02 7.532614469528198242e-02
1.830000000000000000e+02 5.535621941089630127e-02 7.526528090238571167e-02
1.840000000000000000e+02 5.527652055025100708e-02 7.520467787981033325e-02
1.850000000000000000e+02 5.518065765500068665e-02 7.528587430715560913e-02
1.860000000000000000e+02 5.511747673153877258e-02 7.496982812881469727e-02
1.870000000000000000e+02 5.501188710331916809e-02 7.491888105869293213e-02
1.880000000000000000e+02 5.492184311151504517e-02 7.501563429832458496e-02
1.890000000000000000e+02 5.488471686840057373e-02 7.482697069644927979e-02
1.900000000000000000e+02 5.474495515227317810e-02 7.457826286554336548e-02
1.910000000000000000e+02 5.467479303479194641e-02 7.462421059608459473e-02
1.920000000000000000e+02 5.464891716837882996e-02 7.451287657022476196e-02
1.930000000000000000e+02 5.458100512623786926e-02 7.448456436395645142e-02
1.940000000000000000e+02 5.450588092207908630e-02 7.447975873947143555e-02
1.950000000000000000e+02 5.442231893539428711e-02 7.432944327592849731e-02
1.960000000000000000e+02 5.432916805148124695e-02 7.426951080560684204e-02
1.970000000000000000e+02 5.427609384059906006e-02 7.419204711914062500e-02
1.980000000000000000e+02 5.417563766241073608e-02 7.422582060098648071e-02
1.990000000000000000e+02 5.411059036850929260e-02 7.424172759056091309e-02
2.000000000000000000e+02 5.402672290802001953e-02 7.395867258310317993e-02
2.010000000000000000e+02 5.397870764136314392e-02 7.402645796537399292e-02
2.020000000000000000e+02 5.388974770903587341e-02 7.385414838790893555e-02
2.030000000000000000e+02 5.378890782594680786e-02 7.361099869012832642e-02
2.040000000000000000e+02 5.368912965059280396e-02 7.344952970743179321e-02
2.050000000000000000e+02 5.359309911727905273e-02 7.365597784519195557e-02
2.060000000000000000e+02 5.357080325484275818e-02 7.343667745590209961e-02
2.070000000000000000e+02 5.350236967206001282e-02 7.334057241678237915e-02
2.080000000000000000e+02 5.342894047498703003e-02 7.326601445674896240e-02
2.090000000000000000e+02 5.335951969027519226e-02 7.326069474220275879e-02
2.100000000000000000e+02 5.325807258486747742e-02 7.308201491832733154e-02
2.110000000000000000e+02 5.320493876934051514e-02 7.309299707412719727e-02
2.120000000000000000e+02 5.309949442744255066e-02 7.302249968051910400e-02
2.130000000000000000e+02 5.307535827159881592e-02 7.293491810560226440e-02
2.140000000000000000e+02 5.299697816371917725e-02 7.282397896051406860e-02
2.150000000000000000e+02 5.287050455808639526e-02 7.281504571437835693e-02
2.160000000000000000e+02 5.287762358784675598e-02 7.273446023464202881e-02
2.170000000000000000e+02 5.275540053844451904e-02 7.265226542949676514e-02
2.180000000000000000e+02 5.266850069165229797e-02 7.260570675134658813e-02
2.190000000000000000e+02 5.263675004243850708e-02 7.257277518510818481e-02
2.200000000000000000e+02 5.251294746994972229e-02 7.237754017114639282e-02
2.210000000000000000e+02 5.249030143022537231e-02 7.222793996334075928e-02
2.220000000000000000e+02 5.247819051146507263e-02 7.218412309885025024e-02
2.230000000000000000e+02 5.233810842037200928e-02 7.222876697778701782e-02
2.240000000000000000e+02 5.224510654807090759e-02 7.204864919185638428e-02
2.250000000000000000e+02 5.219387263059616089e-02 7.196001708507537842e-02
2.260000000000000000e+02 5.207520350813865662e-02 7.200426608324050903e-02
2.270000000000000000e+02 5.204243957996368408e-02 7.172258198261260986e-02
2.280000000000000000e+02 5.204052850604057312e-02 7.179811596870422363e-02
2.290000000000000000e+02 5.195995792746543884e-02 7.182930409908294678e-02
2.300000000000000000e+02 5.189416557550430298e-02 7.164885848760604858e-02
2.310000000000000000e+02 5.184071511030197144e-02 7.159318774938583374e-02
2.320000000000000000e+02 5.173541978001594543e-02 7.151672989130020142e-02
2.330000000000000000e+02 5.167071893811225891e-02 7.152174413204193115e-02
2.340000000000000000e+02 5.160151422023773193e-02 7.129059731960296631e-02
2.350000000000000000e+02 5.154284089803695679e-02 7.126960903406143188e-02
2.360000000000000000e+02 5.157165974378585815e-02 7.121124863624572754e-02
2.370000000000000000e+02 5.143300071358680725e-02 7.113821059465408325e-02
2.380000000000000000e+02 5.136494338512420654e-02 7.113831490278244019e-02
2.390000000000000000e+02 5.131420120596885681e-02 7.108835875988006592e-02
2.400000000000000000e+02 5.125466734170913696e-02 7.077735662460327148e-02
2.410000000000000000e+02 5.121257528662681580e-02 7.080588489770889282e-02
2.420000000000000000e+02 5.115067213773727417e-02 7.068528980016708374e-02
2.430000000000000000e+02 5.106994882225990295e-02 7.058458030223846436e-02
2.440000000000000000e+02 5.102009698748588562e-02 7.052866369485855103e-02
2.450000000000000000e+02 5.091338232159614563e-02 7.049640268087387085e-02
2.460000000000000000e+02 5.093488842248916626e-02 7.043482363224029541e-02
2.470000000000000000e+02 5.081605911254882812e-02 7.039293646812438965e-02
2.480000000000000000e+02 5.074806883931159973e-02 7.031554728746414185e-02
2.490000000000000000e+02 5.070666968822479248e-02 7.037470489740371704e-02
2.500000000000000000e+02 5.066501721739768982e-02 7.013101130723953247e-02
2.510000000000000000e+02 5.061556771397590637e-02 7.016057521104812622e-02
2.520000000000000000e+02 5.053525790572166443e-02 7.002318650484085083e-02
2.530000000000000000e+02 5.049396678805351257e-02 7.011742144823074341e-02
2.540000000000000000e+02 5.047947168350219727e-02 6.990607827901840210e-02
2.550000000000000000e+02 5.038608610630035400e-02 6.997629255056381226e-02
2.560000000000000000e+02 5.033168196678161621e-02 6.976554542779922485e-02
2.570000000000000000e+02 5.030112341046333313e-02 6.969142705202102661e-02
2.580000000000000000e+02 5.020156130194664001e-02 6.952688097953796387e-02
2.590000000000000000e+02 5.018490552902221680e-02 6.947162002325057983e-02
2.600000000000000000e+02 5.013621971011161804e-02 6.950023025274276733e-02
2.610000000000000000e+02 5.005655810236930847e-02 6.940840184688568115e-02
2.620000000000000000e+02 5.003140121698379517e-02 6.935086101293563843e-02
2.630000000000000000e+02 4.992271959781646729e-02 6.919214874505996704e-02
2.640000000000000000e+02 4.995422437787055969e-02 6.927902996540069580e-02
2.650000000000000000e+02 4.985095188021659851e-02 6.909775733947753906e-02
2.660000000000000000e+02 4.977449029684066772e-02 6.905553489923477173e-02
2.670000000000000000e+02 4.976201057434082031e-02 6.909318268299102783e-02
2.680000000000000000e+02 4.972219467163085938e-02 6.911806017160415649e-02
2.690000000000000000e+02 4.959663748741149902e-02 6.897895038127899170e-02
2.700000000000000000e+02 4.956531524658203125e-02 6.893755495548248291e-02
2.710000000000000000e+02 4.956117272377014160e-02 6.881968677043914795e-02
2.720000000000000000e+02 4.951131343841552734e-02 6.861107051372528076e-02
2.730000000000000000e+02 4.941823706030845642e-02 6.886835396289825439e-02
2.740000000000000000e+02 4.938576370477676392e-02 6.882835924625396729e-02
2.750000000000000000e+02 4.937502369284629822e-02 6.860405951738357544e-02
2.760000000000000000e+02 4.927557334303855896e-02 6.855684518814086914e-02
2.770000000000000000e+02 4.927251487970352173e-02 6.850159168243408203e-02
2.780000000000000000e+02 4.918727651238441467e-02 6.831833720207214355e-02
2.790000000000000000e+02 4.910704493522644043e-02 6.848252564668655396e-02
2.800000000000000000e+02 4.903527721762657166e-02 6.826601177453994751e-02
2.810000000000000000e+02 4.908036440610885620e-02 6.824494898319244385e-02
2.820000000000000000e+02 4.896718263626098633e-02 6.833317875862121582e-02
2.830000000000000000e+02 4.895414039492607117e-02 6.817295402288436890e-02
2.840000000000000000e+02 4.885415732860565186e-02 6.799698621034622192e-02
2.850000000000000000e+02 4.884932935237884521e-02 6.794718652963638306e-02
2.860000000000000000e+02 4.881608486175537109e-02 6.791299581527709961e-02
2.870000000000000000e+02 4.882567375898361206e-02 6.799329817295074463e-02
2.880000000000000000e+02 4.868620634078979492e-02 6.790864467620849609e-02
2.890000000000000000e+02 4.867957532405853271e-02 6.786339730024337769e-02
2.900000000000000000e+02 4.861925542354583740e-02 6.776770949363708496e-02
2.910000000000000000e+02 4.854589700698852539e-02 6.752049177885055542e-02
2.920000000000000000e+02 4.849693924188613892e-02 6.762037426233291626e-02
2.930000000000000000e+02 4.849848896265029907e-02 6.759917736053466797e-02
2.940000000000000000e+02 4.840686917304992676e-02 6.741921603679656982e-02
2.950000000000000000e+02 4.835986346006393433e-02 6.755971163511276245e-02
2.960000000000000000e+02 4.831763356924057007e-02 6.744758039712905884e-02
2.970000000000000000e+02 4.827684909105300903e-02 6.734889745712280273e-02
2.980000000000000000e+02 4.827982932329177856e-02 6.737518310546875000e-02
2.990000000000000000e+02 4.819696396589279175e-02 6.730163097381591797e-02
3.000000000000000000e+02 4.816027358174324036e-02 6.716528534889221191e-02
3.010000000000000000e+02 4.806382954120635986e-02 6.707983464002609253e-02
3.020000000000000000e+02 4.808322340250015259e-02 6.706924736499786377e-02
3.030000000000000000e+02 4.806180670857429504e-02 6.708765774965286255e-02
3.040000000000000000e+02 4.797562956809997559e-02 6.697213649749755859e-02
3.050000000000000000e+02 4.792605713009834290e-02 6.709874421358108521e-02
3.060000000000000000e+02 4.788348451256752014e-02 6.690943241119384766e-02
3.070000000000000000e+02 4.781921207904815674e-02 6.686602532863616943e-02
3.080000000000000000e+02 4.777808859944343567e-02 6.686999648809432983e-02
3.090000000000000000e+02 4.773846641182899475e-02 6.682952493429183960e-02
3.100000000000000000e+02 4.770078137516975403e-02 6.678651273250579834e-02
3.110000000000000000e+02 4.768152534961700439e-02 6.675336509943008423e-02
3.120000000000000000e+02 4.762698709964752197e-02 6.662976741790771484e-02
3.130000000000000000e+02 4.754802957177162170e-02 6.658471375703811646e-02
3.140000000000000000e+02 4.751021414995193481e-02 6.646115332841873169e-02
3.150000000000000000e+02 4.747334122657775879e-02 6.644359976053237915e-02
3.160000000000000000e+02 4.746570810675621033e-02 6.662472337484359741e-02
3.170000000000000000e+02 4.745098575949668884e-02 6.639398634433746338e-02
3.180000000000000000e+02 4.740467295050621033e-02 6.643864512443542480e-02
3.190000000000000000e+02 4.733967781066894531e-02 6.625468283891677856e-02
3.200000000000000000e+02 4.733994603157043457e-02 6.631473451852798462e-02
3.210000000000000000e+02 4.723757505416870117e-02 6.623374670743942261e-02
3.220000000000000000e+02 4.723055660724639893e-02 6.628807634115219116e-02
3.230000000000000000e+02 4.715320840477943420e-02 6.617764383554458618e-02
3.240000000000000000e+02 4.715667665004730225e-02 6.604613363742828369e-02
3.250000000000000000e+02 4.709724336862564087e-02 6.612959504127502441e-02
3.260000000000000000e+02 4.708386957645416260e-02 6.592797487974166870e-02
3.270000000000000000e+02 4.698640853166580200e-02 6.580958515405654907e-02
3.280000000000000000e+02 4.694275557994842529e-02 6.592494994401931763e-02
3.290000000000000000e+02 4.692944511771202087e-02 6.596034765243530273e-02
3.300000000000000000e+02 4.692630097270011902e-02 6.579178571701049805e-02
3.310000000000000000e+02 4.681709781289100647e-02 6.575401872396469116e-02
3.320000000000000000e+02 4.679762199521064758e-02 6.578296422958374023e-02
3.330000000000000000e+02 4.678818210959434509e-02 6.565923243761062622e-02
3.340000000000000000e+02 4.677429795265197754e-02 6.579688936471939087e-02
3.350000000000000000e+02 4.667212814092636108e-02 6.564585119485855103e-02
3.360000000000000000e+02 4.666580632328987122e-02 6.559991091489791870e-02
3.370000000000000000e+02 4.665058106184005737e-02 6.554789096117019653e-02
3.380000000000000000e+02 4.657600820064544678e-02 6.555930525064468384e-02
3.390000000000000000e+02 4.652730375528335571e-02 6.533749401569366455e-02
3.400000000000000000e+02 4.650885239243507385e-02 6.538478285074234009e-02
3.410000000000000000e+02 4.651372507214546204e-02 6.544214487075805664e-02
3.420000000000000000e+02 4.640968516469001770e-02 6.539855152368545532e-02
3.430000000000000000e+02 4.640661180019378662e-02 6.527850776910781860e-02
3.440000000000000000e+02 4.634425416588783264e-02 6.532645225524902344e-02
3.450000000000000000e+02 4.639341309666633606e-02 6.531615555286407471e-02
3.460000000000000000e+02 4.630701243877410889e-02 6.518127769231796265e-02
3.470000000000000000e+02 4.622782766819000244e-02 6.508222222328186035e-02
3.480000000000000000e+02 4.622380807995796204e-02 6.487954407930374146e-02
3.490000000000000000e+02 4.619729146361351013e-02 6.501825898885726929e-02
3.500000000000000000e+02 4.617678001523017883e-02 6.494922935962677002e-02
3.510000000000000000e+02 4.613526538014411926e-02 6.495865434408187866e-02
3.520000000000000000e+02 4.607566073536872864e-02 6.488947570323944092e-02
3.530000000000000000e+02 4.605815187096595764e-02 6.490496546030044556e-02
3.540000000000000000e+02 4.604630544781684875e-02 6.479439139366149902e-02
3.550000000000000000e+02 4.595948383212089539e-02 6.496776640415191650e-02
3.560000000000000000e+02 4.593969136476516724e-02 6.473957002162933350e-02
3.570000000000000000e+02 4.589914530515670776e-02 6.474672257900238037e-02
3.580000000000000000e+02 4.590234532952308655e-02 6.465154886245727539e-02
3.590000000000000000e+02 4.586070403456687927e-02 6.468411535024642944e-02
3.600000000000000000e+02 4.581557586789131165e-02 6.451861560344696045e-02
3.610000000000000000e+02 4.580021649599075317e-02 6.450501084327697754e-02
3.620000000000000000e+02 4.575422778725624084e-02 6.447710841894149780e-02
3.630000000000000000e+02 4.572760313749313354e-02 6.448572129011154175e-02
3.640000000000000000e+02 4.567597806453704834e-02 6.451847404241561890e-02
3.650000000000000000e+02 4.564955085515975952e-02 6.437754631042480469e-02
3.660000000000000000e+02 4.559349268674850464e-02 6.436771899461746216e-02
3.670000000000000000e+02 4.554261267185211182e-02 6.423696875572204590e-02
3.680000000000000000e+02 4.552824050188064575e-02 6.426527351140975952e-02
3.690000000000000000e+02 4.551430046558380127e-02 6.418434530496597290e-02
3.700000000000000000e+02 4.539047181606292725e-02 6.412019580602645874e-02
3.710000000000000000e+02 4.542304575443267822e-02 6.407220661640167236e-02
3.720000000000000000e+02 4.538928717374801636e-02 6.409406661987304688e-02
3.730000000000000000e+02 4.546308517456054688e-02 6.401345133781433105e-02
3.740000000000000000e+02 4.532882198691368103e-02 6.408669799566268921e-02
3.750000000000000000e+02 4.532541334629058838e-02 6.398893147706985474e-02
3.760000000000000000e+02 4.523695632815361023e-02 6.394285708665847778e-02
3.770000000000000000e+02 4.527760297060012817e-02 6.392402946949005127e-02
3.780000000000000000e+02 4.517034441232681274e-02 6.402119994163513184e-02
3.790000000000000000e+02 4.520224779844284058e-02 6.391526013612747192e-02
3.800000000000000000e+02 4.517639800906181335e-02 6.375876069068908691e-02
3.810000000000000000e+02 4.509508237242698669e-02 6.380506604909896851e-02
3.820000000000000000e+02 4.504681378602981567e-02 6.374970823526382446e-02
3.830000000000000000e+02 4.506718367338180542e-02 6.362528353929519653e-02
3.840000000000000000e+02 4.501437395811080933e-02 6.369178742170333862e-02
3.850000000000000000e+02 4.498525336384773254e-02 6.387049704790115356e-02
3.860000000000000000e+02 4.500319063663482666e-02 6.357555091381072998e-02
3.870000000000000000e+02 4.490152746438980103e-02 6.361198425292968750e-02
3.880000000000000000e+02 4.487283527851104736e-02 6.352978199720382690e-02
3.890000000000000000e+02 4.484902694821357727e-02 6.346089392900466919e-02
3.900000000000000000e+02 4.481165856122970581e-02 6.354671716690063477e-02
3.910000000000000000e+02 4.480164498090744019e-02 6.351301074028015137e-02
3.920000000000000000e+02 4.479089379310607910e-02 6.340484321117401123e-02
3.930000000000000000e+02 4.472333565354347229e-02 6.346274167299270630e-02
3.940000000000000000e+02 4.466848820447921753e-02 6.324981153011322021e-02
3.950000000000000000e+02 4.467420279979705811e-02 6.334748119115829468e-02
3.960000000000000000e+02 4.461977630853652954e-02 6.330779194831848145e-02
3.970000000000000000e+02 4.463564231991767883e-02 6.318189203739166260e-02
3.980000000000000000e+02 4.458134993910789490e-02 6.322943419218063354e-02
3.990000000000000000e+02 4.451346769928932190e-02 6.311400979757308960e-02
4.000000000000000000e+02 4.451532661914825439e-02 6.322490423917770386e-02
4.010000000000000000e+02 4.452748596668243408e-02 6.315714120864868164e-02
4.020000000000000000e+02 4.447609931230545044e-02 6.300818920135498047e-02
4.030000000000000000e+02 4.442180320620536804e-02 6.298231333494186401e-02
4.040000000000000000e+02 4.442859068512916565e-02 6.301642209291458130e-02
4.050000000000000000e+02 4.435519129037857056e-02 6.309807300567626953e-02
4.060000000000000000e+02 4.438323527574539185e-02 6.297544389963150024e-02
4.070000000000000000e+02 4.430073499679565430e-02 6.290340423583984375e-02
4.080000000000000000e+02 4.434538260102272034e-02 6.284821778535842896e-02
4.090000000000000000e+02 4.425639286637306213e-02 6.288915127515792847e-02
4.100000000000000000e+02 4.421781376004219055e-02 6.282839924097061157e-02
4.110000000000000000e+02 4.420428350567817688e-02 6.278477609157562256e-02
4.120000000000000000e+02 4.418829455971717834e-02 6.274046748876571655e-02
4.130000000000000000e+02 4.411568865180015564e-02 6.277629733085632324e-02
4.140000000000000000e+02 4.412430524826049805e-02 6.280577927827835083e-02
4.150000000000000000e+02 4.405830428004264832e-02 6.261381506919860840e-02
4.160000000000000000e+02 4.407481104135513306e-02 6.270001083612442017e-02
4.170000000000000000e+02 4.404227063059806824e-02 6.261514872312545776e-02
4.180000000000000000e+02 4.398557916283607483e-02 6.256547570228576660e-02
4.190000000000000000e+02 4.399849101901054382e-02 6.265793740749359131e-02
4.200000000000000000e+02 4.396424070000648499e-02 6.247446313500404358e-02
4.210000000000000000e+02 4.395161569118499756e-02 6.249547004699707031e-02
4.220000000000000000e+02 4.384732991456985474e-02 6.250843405723571777e-02
4.230000000000000000e+02 4.386553913354873657e-02 6.249064207077026367e-02
4.240000000000000000e+02 4.386264830827713013e-02 6.235589459538459778e-02
4.250000000000000000e+02 4.376154020428657532e-02 6.244432181119918823e-02
4.260000000000000000e+02 4.375376924872398376e-02 6.227845698595046997e-02
4.270000000000000000e+02 4.376277700066566467e-02 6.219989061355590820e-02
4.280000000000000000e+02 4.368881136178970337e-02 6.215183436870574951e-02
4.290000000000000000e+02 4.366992041468620300e-02 6.208578869700431824e-02
4.300000000000000000e+02 4.364617168903350830e-02 6.217247247695922852e-02
4.310000000000000000e+02 4.368439316749572754e-02 6.220077723264694214e-02
4.320000000000000000e+02 4.360223188996315002e-02 6.209467351436614990e-02
4.330000000000000000e+02 4.355913773179054260e-02 6.209221854805946350e-02
4.340000000000000000e+02 4.354387149214744568e-02 6.198898330330848694e-02
4.350000000000000000e+02 4.355035349726676941e-02 6.209081783890724182e-02
4.360000000000000000e+02 4.355473443865776062e-02 6.206074357032775879e-02
4.370000000000000000e+02 4.354345798492431641e-02 6.193928048014640808e-02
4.380000000000000000e+02 4.351330548524856567e-02 6.195722520351409912e-02
4.390000000000000000e+02 4.341444745659828186e-02 6.189293786883354187e-02
4.400000000000000000e+02 4.341572150588035583e-02 6.192903220653533936e-02
4.410000000000000000e+02 4.335936158895492554e-02 6.177467480301856995e-02
4.420000000000000000e+02 4.338024184107780457e-02 6.178340688347816467e-02
4.430000000000000000e+02 4.336300864815711975e-02 6.158493831753730774e-02
4.440000000000000000e+02 4.331776127219200134e-02 6.173682212829589844e-02
4.450000000000000000e+02 4.327633231878280640e-02 6.171089410781860352e-02
4.460000000000000000e+02 4.328520223498344421e-02 6.177906692028045654e-02
4.470000000000000000e+02 4.323993250727653503e-02 6.168386712670326233e-02
4.480000000000000000e+02 4.327635839581489563e-02 6.179869920015335083e-02
4.490000000000000000e+02 4.317694902420043945e-02 6.160649657249450684e-02
4.500000000000000000e+02 4.318535327911376953e-02 6.162138655781745911e-02
4.510000000000000000e+02 4.317204281687736511e-02 6.149299815297126770e-02
4.520000000000000000e+02 4.316382855176925659e-02 6.151270866394042969e-02
4.530000000000000000e+02 4.308881238102912903e-02 6.141589954495429993e-02
4.540000000000000000e+02 4.308382794260978699e-02 6.150415539741516113e-02
4.550000000000000000e+02 4.302536696195602417e-02 6.148409098386764526e-02
4.560000000000000000e+02 4.297767579555511475e-02 6.134631112217903137e-02
4.570000000000000000e+02 4.289409145712852478e-02 6.138645112514495850e-02
4.580000000000000000e+02 4.294569790363311768e-02 6.141776964068412781e-02
4.590000000000000000e+02 4.294473305344581604e-02 6.133560836315155029e-02
4.600000000000000000e+02 4.288106411695480347e-02 6.129018962383270264e-02
4.610000000000000000e+02 4.290620237588882446e-02 6.127711758017539978e-02
4.620000000000000000e+02 4.287328571081161499e-02 6.123329699039459229e-02
4.630000000000000000e+02 4.286384955048561096e-02 6.126768141984939575e-02
4.640000000000000000e+02 4.282767325639724731e-02 6.136045232415199280e-02
4.650000000000000000e+02 4.281152412295341492e-02 6.118863821029663086e-02
4.660000000000000000e+02 4.282294958829879761e-02 6.113102287054061890e-02
4.670000000000000000e+02 4.279432073235511780e-02 6.102690473198890686e-02
4.680000000000000000e+02 4.272331669926643372e-02 6.105221807956695557e-02
4.690000000000000000e+02 4.267372563481330872e-02 6.100917607545852661e-02
4.700000000000000000e+02 4.273047298192977905e-02 6.108387187123298645e-02
4.710000000000000000e+02 4.265963286161422729e-02 6.112094968557357788e-02
4.720000000000000000e+02 4.259819537401199341e-02 6.097589433193206787e-02
4.730000000000000000e+02 4.265967011451721191e-02 6.080973893404006958e-02
4.740000000000000000e+02 4.261900857090950012e-02 6.098147109150886536e-02
4.750000000000000000e+02 4.255909472703933716e-02 6.091986969113349915e-02
4.760000000000000000e+02 4.262396320700645447e-02 6.095701828598976135e-02
4.770000000000000000e+02 4.256222397089004517e-02 6.088276207447052002e-02
4.780000000000000000e+02 4.250937700271606445e-02 6.080493330955505371e-02
4.790000000000000000e+02 4.250369966030120850e-02 6.077584996819496155e-02
4.800000000000000000e+02 4.250473901629447937e-02 6.072758883237838745e-02
4.810000000000000000e+02 4.242985695600509644e-02 6.068580597639083862e-02
4.820000000000000000e+02 4.241498932242393494e-02 6.057272851467132568e-02
4.830000000000000000e+02 4.243890568614006042e-02 6.062984466552734375e-02
4.840000000000000000e+02 4.238155484199523926e-02 6.069114431738853455e-02
4.850000000000000000e+02 4.239422827959060669e-02 6.048570573329925537e-02
4.860000000000000000e+02 4.238370433449745178e-02 6.073981523513793945e-02
4.870000000000000000e+02 4.234109818935394287e-02 6.058070063591003418e-02
4.880000000000000000e+02 4.231816902756690979e-02 6.052866205573081970e-02
4.890000000000000000e+02 4.229465126991271973e-02 6.049031764268875122e-02
4.900000000000000000e+02 4.226679727435112000e-02 6.062956154346466064e-02
4.910000000000000000e+02 4.225637391209602356e-02 6.048328429460525513e-02
4.920000000000000000e+02 4.223205149173736572e-02 6.051870062947273254e-02
4.930000000000000000e+02 4.224248230457305908e-02 6.036755442619323730e-02
4.940000000000000000e+02 4.217832535505294800e-02 6.042627990245819092e-02
4.950000000000000000e+02 4.214171320199966431e-02 6.035250425338745117e-02
4.960000000000000000e+02 4.220986738801002502e-02 6.038827821612358093e-02
4.970000000000000000e+02 4.211757332086563110e-02 6.031347438693046570e-02
4.980000000000000000e+02 4.217039048671722412e-02 6.013801321387290955e-02
4.990000000000000000e+02 4.210586845874786377e-02 6.028177589178085327e-02
5.000000000000000000e+02 4.209960624575614929e-02 6.007255241274833679e-02
5.010000000000000000e+02 4.206364601850509644e-02 6.029494479298591614e-02
5.020000000000000000e+02 4.203061386942863464e-02 6.024480983614921570e-02
5.030000000000000000e+02 4.203614220023155212e-02 6.020626798272132874e-02
5.040000000000000000e+02 4.200607165694236755e-02 6.010577827692031860e-02
5.050000000000000000e+02 4.197268933057785034e-02 6.011530384421348572e-02
5.060000000000000000e+02 4.196598380804061890e-02 5.999332293868064880e-02
5.070000000000000000e+02 4.194660112261772156e-02 6.011762842535972595e-02
5.080000000000000000e+02 4.196139052510261536e-02 6.003222241997718811e-02
5.090000000000000000e+02 4.189230501651763916e-02 5.999857187271118164e-02
5.100000000000000000e+02 4.186273738741874695e-02 5.993321910500526428e-02
5.110000000000000000e+02 4.187759011983871460e-02 5.995808914303779602e-02
5.120000000000000000e+02 4.183588922023773193e-02 5.985047295689582825e-02
5.130000000000000000e+02 4.185443371534347534e-02 5.997259169816970825e-02
5.140000000000000000e+02 4.184065386652946472e-02 5.992306396365165710e-02
5.150000000000000000e+02 4.182520881295204163e-02 5.981175601482391357e-02
5.160000000000000000e+02 4.178005829453468323e-02 5.998112633824348450e-02
5.170000000000000000e+02 4.176341369748115540e-02 5.978797748684883118e-02
5.180000000000000000e+02 4.177259281277656555e-02 5.984511226415634155e-02
5.190000000000000000e+02 4.174542799592018127e-02 5.991209298372268677e-02
5.200000000000000000e+02 4.173685982823371887e-02 5.973963811993598938e-02
5.210000000000000000e+02 4.171260446310043335e-02 5.961591005325317383e-02
5.220000000000000000e+02 4.172660410404205322e-02 5.974441766738891602e-02
5.230000000000000000e+02 4.169998690485954285e-02 5.971824377775192261e-02
5.240000000000000000e+02 4.168173670768737793e-02 5.977055802941322327e-02
5.250000000000000000e+02 4.164244234561920166e-02 5.978210642933845520e-02
5.260000000000000000e+02 4.164452105760574341e-02 5.965803936123847961e-02
5.270000000000000000e+02 4.160115122795104980e-02 5.960422754287719727e-02
5.280000000000000000e+02 4.155731201171875000e-02 5.953299254179000854e-02
5.290000000000000000e+02 4.157122969627380371e-02 5.953327566385269165e-02
5.300000000000000000e+02 4.156274348497390747e-02 5.941993370652198792e-02
5.310000000000000000e+02 4.151565954089164734e-02 5.965810269117355347e-02
5.320000000000000000e+02 4.151015728712081909e-02 5.936033651232719421e-02
5.330000000000000000e+02 4.147075116634368896e-02 5.947972089052200317e-02
5.340000000000000000e+02 4.144551232457160950e-02 5.960358679294586182e-02
5.350000000000000000e+02 4.150108620524406433e-02 5.948175862431526184e-02
5.360000000000000000e+02 4.139286279678344727e-02 5.936688184738159180e-02
5.370000000000000000e+02 4.142117500305175781e-02 5.933010578155517578e-02
5.380000000000000000e+02 4.147100448608398438e-02 5.943905189633369446e-02
5.390000000000000000e+02 4.136133939027786255e-02 5.941293016076087952e-02
5.400000000000000000e+02 4.138360172510147095e-02 5.933748185634613037e-02
5.410000000000000000e+02 4.137459769845008850e-02 5.926819518208503723e-02
5.420000000000000000e+02 4.131453856825828552e-02 5.930298194289207458e-02
5.430000000000000000e+02 4.133534058928489685e-02 5.936933308839797974e-02
5.440000000000000000e+02 4.131053760647773743e-02 5.928139388561248779e-02
5.450000000000000000e+02 4.128054901957511902e-02 5.912599712610244751e-02
5.460000000000000000e+02 4.128329083323478699e-02 5.929489061236381531e-02
5.470000000000000000e+02 4.124101996421813965e-02 5.919301137328147888e-02
5.480000000000000000e+02 4.126394540071487427e-02 5.927929654717445374e-02
5.490000000000000000e+02 4.119067639112472534e-02 5.917107313871383667e-02
5.500000000000000000e+02 4.121670499444007874e-02 5.900001153349876404e-02
5.510000000000000000e+02 4.118868708610534668e-02 5.917339399456977844e-02
5.520000000000000000e+02 4.120332747697830200e-02 5.914288014173507690e-02
5.530000000000000000e+02 4.113940149545669556e-02 5.914701148867607117e-02
5.540000000000000000e+02 4.117352887988090515e-02 5.901622772216796875e-02
5.550000000000000000e+02 4.116274416446685791e-02 5.909192562103271484e-02
5.560000000000000000e+02 4.111100733280181885e-02 5.904569849371910095e-02
5.570000000000000000e+02 4.116900637745857239e-02 5.891381949186325073e-02
5.580000000000000000e+02 4.109413921833038330e-02 5.890554189682006836e-02
5.590000000000000000e+02 4.103855043649673462e-02 5.892180278897285461e-02
5.600000000000000000e+02 4.104556888341903687e-02 5.895826965570449829e-02
5.610000000000000000e+02 4.104096442461013794e-02 5.897077918052673340e-02
5.620000000000000000e+02 4.100409895181655884e-02 5.893579497933387756e-02
5.630000000000000000e+02 4.102972149848937988e-02 5.898599326610565186e-02
5.640000000000000000e+02 4.104687273502349854e-02 5.901751294732093811e-02
5.650000000000000000e+02 4.104718193411827087e-02 5.893993005156517029e-02
5.660000000000000000e+02 4.101459681987762451e-02 5.889441817998886108e-02
5.670000000000000000e+02 4.094536602497100830e-02 5.877745151519775391e-02
5.680000000000000000e+02 4.093065857887268066e-02 5.892645940184593201e-02
5.690000000000000000e+02 4.095497354865074158e-02 5.878291651606559753e-02
5.700000000000000000e+02 4.091682657599449158e-02 5.892847850918769836e-02
5.710000000000000000e+02 4.088456183671951294e-02 5.859879031777381897e-02
5.720000000000000000e+02 4.092033207416534424e-02 5.870618671178817749e-02
5.730000000000000000e+02 4.087682068347930908e-02 5.875489115715026855e-02
5.740000000000000000e+02 4.085282608866691589e-02 5.872999131679534912e-02
5.750000000000000000e+02 4.080834612250328064e-02 5.868251994252204895e-02
5.760000000000000000e+02 4.084809124469757080e-02 5.869465693831443787e-02
5.770000000000000000e+02 4.082892835140228271e-02 5.895441025495529175e-02
5.780000000000000000e+02 4.080752655863761902e-02 5.871688202023506165e-02
5.790000000000000000e+02 4.084375500679016113e-02 5.863112956285476685e-02
5.800000000000000000e+02 4.077360033988952637e-02 5.873011797666549683e-02
