0.000000000000000000e+00 1.045745238661766052e-01 1.262587755918502808e-01
1.000000000000000000e+00 1.041592136025428772e-01 1.258588433265686035e-01
2.000000000000000000e+00 1.037508323788642883e-01 1.254695951938629150e-01
3.000000000000000000e+00 1.033403351902961731e-01 1.250958144664764404e-01
4.000000000000000000e+00 1.029448956251144409e-01 1.246949508786201477e-01
5.000000000000000000e+00 1.025443747639656067e-01 1.243374645709991455e-01
6.000000000000000000e+00 1.021522209048271179e-01 1.239697560667991638e-01
7.000000000000000000e+00 1.017582863569259644e-01 1.236033812165260315e-01
8.000000000000000000e+00 1.013657450675964355e-01 1.232432574033737183e-01
9.000000000000000000e+00 1.009767949581146240e-01 1.228756308555603027e-01
1.000000000000000000e+01 1.005820930004119873e-01 1.225122287869453430e-01
1.100000000000000000e+01 1.001891344785690308e-01 1.221667975187301636e-01
1.200000000000000000e+01 9.979829937219619751e-02 1.218160539865493774e-01
1.300000000000000000e+01 9.939787536859512329e-02 1.214347705245018005e-01
1.400000000000000000e+01 9.898349642753601074e-02 1.210569217801094055e-01
1.500000000000000000e+01 9.857936203479766846e-02 1.207231283187866211e-01
1.600000000000000000e+01 9.816675633192062378e-02 1.203508675098419189e-01
1.700000000000000000e+01 9.773103892803192139e-02 1.199809089303016663e-01
1.800000000000000000e+01 9.730884432792663574e-02 1.195811778306961060e-01
1.900000000000000000e+01 9.685938060283660889e-02 1.192004904150962830e-01
2.000000000000000000e+01 9.641356021165847778e-02 1.188535094261169434e-01
2.100000000000000000e+01 9.593124687671661377e-02 1.184037774801254272e-01
2.200000000000000000e+01 9.547107666730880737e-02 1.180148944258689880e-01
2.300000000000000000e+01 9.498360753059387207e-02 1.175988689064979553e-01
2.400000000000000000e+01 9.447991847991943359e-02 1.171681508421897888e-01
2.500000000000000000e+01 9.397591650485992432e-02 1.167161166667938232e-01
2.600000000000000000e+01 9.344782680273056030e-02 1.162588968873023987e-01
2.700000000000000000e+01 9.291045367717742920e-02 1.158131733536720276e-01
2.800000000000000000e+01 9.234954416751861572e-02 1.153635680675506592e-01
2.900000000000000000e+01 9.177339822053909302e-02 1.148479580879211426e-01
3.000000000000000000e+01 9.119997918605804443e-02 1.143306717276573181e-01
3.100000000000000000e+01 9.060142934322357178e-02 1.138399690389633179e-01
3.200000000000000000e+01 8.998939394950866699e-02 1.133752465248107910e-01
3.300000000000000000e+01 8.935505151748657227e-02 1.127496436238288879e-01
3.400000000000000000e+01 8.872129023075103760e-02 1.122055649757385254e-01
3.500000000000000000e+01 8.808343857526779175e-02 1.116537079215049744e-01
3.600000000000000000e+01 8.743705600500106812e-02 1.110617369413375854e-01
3.700000000000000000e+01 8.678550273180007935e-02 1.105556637048721313e-01
3.800000000000000000e+01 8.612853288650512695e-02 1.099812909960746765e-01
3.900000000000000000e+01 8.550123125314712524e-02 1.093881800770759583e-01
4.000000000000000000e+01 8.484277874231338501e-02 1.087718307971954346e-01
4.100000000000000000e+01 8.419974893331527710e-02 1.082449480891227722e-01
4.200000000000000000e+01 8.354377001523971558e-02 1.076076179742813110e-01
4.300000000000000000e+01 8.289863914251327515e-02 1.070383042097091675e-01
4.400000000000000000e+01 8.226311951875686646e-02 1.065009087324142456e-01
4.500000000000000000e+01 8.163794875144958496e-02 1.059010028839111328e-01
4.600000000000000000e+01 8.102949708700180054e-02 1.053266450762748718e-01
4.700000000000000000e+01 8.042165637016296387e-02 1.047393754124641418e-01
4.800000000000000000e+01 7.981451600790023804e-02 1.042449995875358582e-01
4.900000000000000000e+01 7.918679714202880859e-02 1.037015765905380249e-01
5.000000000000000000e+01 7.860468327999114990e-02 1.032454743981361389e-01
5.100000000000000000e+01 7.800625264644622803e-02 1.025695651769638062e-01
5.200000000000000000e+01 7.740477472543716431e-02 1.021573394536972046e-01
5.300000000000000000e+01 7.682872563600540161e-02 1.016447022557258606e-01
5.400000000000000000e+01 7.624099403619766235e-02 1.010788157582283020e-01
5.500000000000000000e+01 7.567697018384933472e-02 1.006702333688735962e-01
5.600000000000000000e+01 7.512835413217544556e-02 1.001486927270889282e-01
5.700000000000000000e+01 7.455434650182723999e-02 9.964133054018020630e-02
5.800000000000000000e+01 7.404770702123641968e-02 9.913986176252365112e-02
5.900000000000000000e+01 7.357664406299591064e-02 9.864817559719085693e-02
6.000000000000000000e+01 7.302520424127578735e-02 9.814803302288055420e-02
6.100000000000000000e+01 7.256032526493072510e-02 9.762837737798690796e-02
6.200000000000000000e+01 7.210399210453033447e-02 9.708879142999649048e-02
6.300000000000000000e+01 7.164855301380157471e-02 9.660193324089050293e-02
6.400000000000000000e+01 7.123556733131408691e-02 9.623062610626220703e-02
6.500000000000000000e+01 7.080089300870895386e-02 9.574610739946365356e-02
6.600000000000000000e+01 7.044608145952224731e-02 9.516544640064239502e-02
6.700000000000000000e+01 7.003153860569000244e-02 9.472256153821945190e-02
6.800000000000000000e+01 6.966949254274368286e-02 9.413141757249832153e-02
6.900000000000000000e+01 6.936290115118026733e-02 9.365388751029968262e-02
7.000000000000000000e+01 6.901323795318603516e-02 9.333323687314987183e-02
7.100000000000000000e+01 6.870549172163009644e-02 9.281667321920394897e-02
7.200000000000000000e+01 6.838759034872055054e-02 9.232354909181594849e-02
7.300000000000000000e+01 6.815461069345474243e-02 9.189530462026596069e-02
7.400000000000000000e+01 6.787184625864028931e-02 9.138953685760498047e-02
7.500000000000000000e+01 6.759969890117645264e-02 9.104771912097930908e-02
7.600000000000000000e+01 6.734841316938400269e-02 9.059881418943405151e-02
7.700000000000000000e+01 6.711401045322418213e-02 9.033586084842681885e-02
7.800000000000000000e+01 6.685982644557952881e-02 8.992697298526763916e-02
7.900000000000000000e+01 6.663291901350021362e-02 8.949625492095947266e-02
8.000000000000000000e+01 6.639263033866882324e-02 8.924335241317749023e-02
8.100000000000000000e+01 6.616928428411483765e-02 8.895035833120346069e-02
8.200000000000000000e+01 6.596216559410095215e-02 8.850397914648056030e-02
8.300000000000000000e+01 6.577534228563308716e-02 8.840797841548919678e-02
8.400000000000000000e+01 6.558331102132797241e-02 8.808131515979766846e-02
8.500000000000000000e+01 6.536921113729476929e-02 8.772280812263488770e-02
8.600000000000000000e+01 6.514905393123626709e-02 8.762245625257492065e-02
8.700000000000000000e+01 6.492810696363449097e-02 8.731772750616073608e-02
8.800000000000000000e+01 6.478740274906158447e-02 8.711457997560501099e-02
8.900000000000000000e+01 6.454258412122726440e-02 8.684137463569641113e-02
9.000000000000000000e+01 6.436830759048461914e-02 8.663117885589599609e-02
9.100000000000000000e+01 6.420272588729858398e-02 8.651650696992874146e-02
9.200000000000000000e+01 6.402079015970230103e-02 8.610360324382781982e-02
9.300000000000000000e+01 6.381305307149887085e-02 8.598084002733230591e-02
9.400000000000000000e+01 6.361809372901916504e-02 8.588423579931259155e-02
9.500000000000000000e+01 6.349039822816848755e-02 8.569706231355667114e-02
9.600000000000000000e+01 6.328215450048446655e-02 8.535557240247726440e-02
9.700000000000000000e+01 6.312455981969833374e-02 8.537916094064712524e-02
9.800000000000000000e+01 6.296531856060028076e-02 8.505348861217498779e-02
9.900000000000000000e+01 6.281699240207672119e-02 8.482866734266281128e-02
1.000000000000000000e+02 6.260854750871658325e-02 8.474162966012954712e-02
1.010000000000000000e+02 6.245762854814529419e-02 8.459742367267608643e-02
1.020000000000000000e+02 6.230860576033592224e-02 8.449427038431167603e-02
1.030000000000000000e+02 6.218395754694938660e-02 8.427446335554122925e-02
1.040000000000000000e+02 6.198429688811302185e-02 8.415845036506652832e-02
1.050000000000000000e+02 6.184912845492362976e-02 8.399875462055206299e-02
1.060000000000000000e+02 6.169590353965759277e-02 8.389956504106521606e-02
1.070000000000000000e+02 6.159524992108345032e-02 8.378423005342483521e-02
1.080000000000000000e+02 6.141165271401405334e-02 8.337914198637008667e-02
1.090000000000000000e+02 6.128394603729248047e-02 8.338855952024459839e-02
1.100000000000000000e+02 6.113778427243232727e-02 8.315414190292358398e-02
1.110000000000000000e+02 6.100155413150787354e-02 8.304813504219055176e-02
1.120000000000000000e+02 6.085995584726333618e-02 8.280489593744277954e-02
1.130000000000000000e+02 6.074912846088409424e-02 8.270407468080520630e-02
1.140000000000000000e+02 6.061283871531486511e-02 8.256445825099945068e-02
1.150000000000000000e+02 6.044566631317138672e-02 8.239411562681198120e-02
1.160000000000000000e+02 6.036486476659774780e-02 8.231145143508911133e-02
1.170000000000000000e+02 6.018794700503349304e-02 8.205804228782653809e-02
1.180000000000000000e+02 6.010309234261512756e-02 8.194028586149215698e-02
1.190000000000000000e+02 5.994148552417755127e-02 8.166100084781646729e-02
1.200000000000000000e+02 5.980727449059486389e-02 8.158013969659805298e-02
1.210000000000000000e+02 5.971305072307586670e-02 8.151147514581680298e-02
1.220000000000000000e+02 5.958427488803863525e-02 8.124678581953048706e-02
1.230000000000000000e+02 5.948633700609207153e-02 8.109848946332931519e-02
1.240000000000000000e+02 5.937210470438003540e-02 8.080030232667922974e-02
1.250000000000000000e+02 5.921287462115287781e-02 8.078789710998535156e-02
1.260000000000000000e+02 5.909125134348869324e-02 8.065979927778244019e-02
1.270000000000000000e+02 5.895529314875602722e-02 8.039024472236633301e-02
1.280000000000000000e+02 5.888154357671737671e-02 8.032999932765960693e-02
1.290000000000000000e+02 5.874703824520111084e-02 8.021508157253265381e-02
1.300000000000000000e+02 5.865833908319473267e-02 7.997134327888488770e-02
1.310000000000000000e+02 5.850455537438392639e-02 7.998315244913101196e-02
1.320000000000000000e+02 5.838598310947418213e-02 7.987715303897857666e-02
1.330000000000000000e+02 5.829168856143951416e-02 7.972113043069839478e-02
1.340000000000000000e+02 5.818198993802070618e-02 7.950579375028610229e-02
1.350000000000000000e+02 5.808107554912567139e-02 7.937169820070266724e-02
1.360000000000000000e+02 5.798687785863876343e-02 7.922060787677764893e-02
1.370000000000000000e+02 5.784565210342407227e-02 7.911042869091033936e-02
1.380000000000000000e+02 5.777727439999580383e-02 7.896586507558822632e-02
1.390000000000000000e+02 5.769211426377296448e-02 7.875292003154754639e-02
1.400000000000000000e+02 5.755321681499481201e-02 7.880713045597076416e-02
1.410000000000000000e+02 5.748571455478668213e-02 7.865326851606369019e-02
1.420000000000000000e+02 5.734536051750183105e-02 7.847014069557189941e-02
1.430000000000000000e+02 5.722863227128982544e-02 7.835582643747329712e-02
1.440000000000000000e+02 5.715665221214294434e-02 7.827658951282501221e-02
1.450000000000000000e+02 5.706458166241645813e-02 7.815773040056228638e-02
1.460000000000000000e+02 5.697116255760192871e-02 7.799357175827026367e-02
1.470000000000000000e+02 5.689015239477157593e-02 7.775542885065078735e-02
1.480000000000000000e+02 5.681137740612030029e-02 7.771759480237960815e-02
1.490000000000000000e+02 5.671378597617149353e-02 7.766233384609222412e-02
1.500000000000000000e+02 5.658008158206939697e-02 7.762096077203750610e-02
1.510000000000000000e+02 5.650614202022552490e-02 7.741084694862365723e-02
1.520000000000000000e+02 5.644833296537399292e-02 7.739391922950744629e-02
1.530000000000000000e+02 5.635202303528785706e-02 7.716474682092666626e-02
1.540000000000000000e+02 5.622291937470436096e-02 7.706756144762039185e-02
1.550000000000000000e+02 5.613569542765617371e-02 7.693249732255935669e-02
1.560000000000000000e+02 5.607645586133003235e-02 7.683996111154556274e-02
1.570000000000000000e+02 5.597710609436035156e-02 7.671213895082473755e-02
1.580000000000000000e+02 5.592181906104087830e-02 7.661610096693038940e-02
1.590000000000000000e+02 5.580024421215057373e-02 7.650230824947357178e-02
1.600000000000000000e+02 5.572579056024551392e-02 7.649657875299453735e-02
1.610000000000000000e+02 5.567383021116256714e-02 7.625553756952285767e-02
1.620000000000000000e+02 5.555422604084014893e-02 7.615993916988372803e-02
1.630000000000000000e+02 5.550429597496986389e-02 7.609493285417556763e-02
1.640000000000000000e+02 5.543283000588417053e-02 7.608391344547271729e-02
1.650000000000000000e+02 5.537565797567367554e-02 7.586148381233215332e-02
1.660000000000000000e+02 5.523627996444702148e-02 7.584764808416366577e-02
1.670000000000000000e+02 5.522201955318450928e-02 7.556561380624771118e-02
1.680000000000000000e+02 5.507269501686096191e-02 7.559044659137725830e-02
1.690000000000000000e+02 5.499077588319778442e-02 7.551530003547668457e-02
1.700000000000000000e+02 5.493812263011932373e-02 7.538612931966781616e-02
1.710000000000000000e+02 5.480321496725082397e-02 7.523965835571289062e-02
1.720000000000000000e+02 5.481125041842460632e-02 7.525371760129928589e-02
1.730000000000000000e+02 5.471784248948097229e-02 7.518348097801208496e-02
1.740000000000000000e+02 5.464316532015800476e-02 7.504364848136901855e-02
1.750000000000000000e+02 5.455453321337699890e-02 7.499648630619049072e-02
1.760000000000000000e+02 5.449619889259338379e-02 7.475395500659942627e-02
1.770000000000000000e+02 5.439393594861030579e-02 7.461858540773391724e-02
1.780000000000000000e+02 5.438767746090888977e-02 7.467904686927795410e-02
1.790000000000000000e+02 5.427135899662971497e-02 7.473243772983551025e-02
1.800000000000000000e+02 5.418778583407402039e-02 7.459518313407897949e-02
1.810000000000000000e+02 5.412912741303443909e-02 7.441820949316024780e-02
1.820000000000000000e+02 5.403236672282218933e-02 7.445962727069854736e-02
1.830000000000000000e+02 5.398013815283775330e-02 7.425212860107421875e-02
1.840000000000000000e+02 5.386840179562568665e-02 7.429237663745880127e-02
1.850000000000000000e+02 5.382832512259483337e-02 7.416710257530212402e-02
1.860000000000000000e+02 5.382353067398071289e-02 7.397613674402236938e-02
1.870000000000000000e+02 5.366430431604385376e-02 7.386499643325805664e-02
1.880000000000000000e+02 5.361640080809593201e-02 7.385485619306564331e-02
1.890000000000000000e+02 5.357898771762847900e-02 7.392960786819458008e-02
1.900000000000000000e+02 5.348005518317222595e-02 7.362774759531021118e-02
1.910000000000000000e+02 5.341529101133346558e-02 7.342438399791717529e-02
1.920000000000000000e+02 5.332151427865028381e-02 7.346156984567642212e-02
1.930000000000000000e+02 5.327840521931648254e-02 7.342618703842163086e-02
1.940000000000000000e+02 5.318891629576683044e-02 7.332354784011840820e-02
1.950000000000000000e+02 5.312010273337364197e-02 7.333385199308395386e-02
1.960000000000000000e+02 5.303528532385826111e-02 7.311655580997467041e-02
1.970000000000000000e+02 5.304442346096038818e-02 7.323092222213745117e-02
1.980000000000000000e+02 5.297095701098442078e-02 7.305046170949935913e-02
1.990000000000000000e+02 5.285800620913505554e-02 7.287067174911499023e-02
2.000000000000000000e+02 5.274163931608200073e-02 7.276231795549392700e-02
2.010000000000000000e+02 5.271617323160171509e-02 7.273592799901962280e-02
2.020000000000000000e+02 5.270811542868614197e-02 7.279995083808898926e-02
2.030000000000000000e+02 5.263382196426391602e-02 7.270409166812896729e-02
2.040000000000000000e+02 5.257564038038253784e-02 7.263086736202239990e-02
2.050000000000000000e+02 5.245631560683250427e-02 7.251092791557312012e-02
2.060000000000000000e+02 5.237042158842086792e-02 7.238668203353881836e-02
2.070000000000000000e+02 5.233883485198020935e-02 7.234197854995727539e-02
2.080000000000000000e+02 5.226788297295570374e-02 7.223346829414367676e-02
2.090000000000000000e+02 5.219005048274993896e-02 7.213822752237319946e-02
2.100000000000000000e+02 5.219104513525962830e-02 7.200090587139129639e-02
2.110000000000000000e+02 5.209990218281745911e-02 7.208066433668136597e-02
2.120000000000000000e+02 5.203505605459213257e-02 7.196962833404541016e-02
2.130000000000000000e+02 5.190800875425338745e-02 7.189614325761795044e-02
2.140000000000000000e+02 5.193847790360450745e-02 7.180595397949218750e-02
2.150000000000000000e+02 5.183828994631767273e-02 7.170855253934860229e-02
2.160000000000000000e+02 5.178554728627204895e-02 7.157677412033081055e-02
2.170000000000000000e+02 5.167060717940330505e-02 7.153189927339553833e-02
2.180000000000000000e+02 5.166340619325637817e-02 7.163964211940765381e-02
2.190000000000000000e+02 5.159367620944976807e-02 7.148780673742294312e-02
2.200000000000000000e+02 5.147555470466613770e-02 7.125629484653472900e-02
2.210000000000000000e+02 5.142538622021675110e-02 7.137094438076019287e-02
2.220000000000000000e+02 5.140464380383491516e-02 7.130479812622070312e-02
2.230000000000000000e+02 5.129524692893028259e-02 7.125864923000335693e-02
2.240000000000000000e+02 5.130676180124282837e-02 7.121847569942474365e-02
2.250000000000000000e+02 5.117284506559371948e-02 7.098855823278427124e-02
2.260000000000000000e+02 5.118143185973167419e-02 7.093841582536697388e-02
2.270000000000000000e+02 5.105029046535491943e-02 7.093311101198196411e-02
2.280000000000000000e+02 5.103301256895065308e-02 7.086066901683807373e-02
2.290000000000000000e+02 5.098459497094154358e-02 7.084990292787551880e-02
2.300000000000000000e+02 5.092532187700271606e-02 7.076898217201232910e-02
2.310000000000000000e+02 5.086075887084007263e-02 7.070138305425643921e-02
2.320000000000000000e+02 5.080145969986915588e-02 7.073417305946350098e-02
2.330000000000000000e+02 5.070757120847702026e-02 7.058747112751007080e-02
2.340000000000000000e+02 5.066381022334098816e-02 7.043261080980300903e-02
2.350000000000000000e+02 5.062137916684150696e-02 7.048209756612777710e-02
2.360000000000000000e+02 5.055110901594161987e-02 7.047627121210098267e-02
2.370000000000000000e+02 5.049085617065429688e-02 7.044007629156112671e-02
2.380000000000000000e+02 5.045508965849876404e-02 7.044216245412826538e-02
2.390000000000000000e+02 5.040050670504570007e-02 7.018356770277023315e-02
2.400000000000000000e+02 5.028622969985008240e-02 7.023751735687255859e-02
2.410000000000000000e+02 5.032200366258621216e-02 7.017337530851364136e-02
2.420000000000000000e+02 5.021186918020248413e-02 7.010042667388916016e-02
2.430000000000000000e+02 5.019874870777130127e-02 7.008997350931167603e-02
2.440000000000000000e+02 5.008787661790847778e-02 7.002878934144973755e-02
2.450000000000000000e+02 5.009470880031585693e-02 6.992647796869277954e-02
2.460000000000000000e+02 5.003210529685020447e-02 6.992765516042709351e-02
2.470000000000000000e+02 4.998946189880371094e-02 6.988423317670822144e-02
2.480000000000000000e+02 4.988602176308631897e-02 6.964761763811111450e-02
2.490000000000000000e+02 4.985494166612625122e-02 6.967099010944366455e-02
2.500000000000000000e+02 4.982138797640800476e-02 6.961325556039810181e-02
2.510000000000000000e+02 4.979328066110610962e-02 6.968784332275390625e-02
2.520000000000000000e+02 4.973297193646430969e-02 6.958945095539093018e-02
2.530000000000000000e+02 4.962503910064697266e-02 6.936650723218917847e-02
2.540000000000000000e+02 4.964581504464149475e-02 6.936626136302947998e-02
2.550000000000000000e+02 4.956816881895065308e-02 6.950078904628753662e-02
2.560000000000000000e+02 4.952223598957061768e-02 6.939955800771713257e-02
2.570000000000000000e+02 4.948580265045166016e-02 6.922610849142074585e-02
2.580000000000000000e+02 4.940383881330490112e-02 6.921042501926422119e-02
2.590000000000000000e+02 4.937934130430221558e-02 6.923226267099380493e-02
2.600000000000000000e+02 4.932123422622680664e-02 6.914382427930831909e-02
2.610000000000000000e+02 4.928655922412872314e-02 6.911803036928176880e-02
2.620000000000000000e+02 4.920561984181404114e-02 6.910031288862228394e-02
2.630000000000000000e+02 4.917564615607261658e-02 6.896428763866424561e-02
2.640000000000000000e+02 4.909848421812057495e-02 6.896032392978668213e-02
2.650000000000000000e+02 4.910211637616157532e-02 6.902027875185012817e-02
2.660000000000000000e+02 4.903175681829452515e-02 6.893697381019592285e-02
2.670000000000000000e+02 4.899445921182632446e-02 6.877885013818740845e-02
2.680000000000000000e+02 4.895784705877304077e-02 6.887403130531311035e-02
2.690000000000000000e+02 4.889380931854248047e-02 6.867568939924240112e-02
2.700000000000000000e+02 4.887954518198966980e-02 6.864511966705322266e-02
2.710000000000000000e+02 4.882299154996871948e-02 6.880433857440948486e-02
2.720000000000000000e+02 4.879734292626380920e-02 6.864219158887863159e-02
2.730000000000000000e+02 4.875445365905761719e-02 6.855695694684982300e-02
2.740000000000000000e+02 4.869714379310607910e-02 6.839506328105926514e-02
2.750000000000000000e+02 4.863642156124114990e-02 6.852784752845764160e-02
2.760000000000000000e+02 4.864303395152091980e-02 6.845520436763763428e-02
2.770000000000000000e+02 4.859859868884086609e-02 6.841055303812026978e-02
2.780000000000000000e+02 4.849739000201225281e-02 6.823892891407012939e-02
2.790000000000000000e+02 4.844898730516433716e-02 6.841123849153518677e-02
2.800000000000000000e+02 4.844141751527786255e-02 6.830130517482757568e-02
2.810000000000000000e+02 4.844541102647781372e-02 6.830519437789916992e-02
2.820000000000000000e+02 4.837828874588012695e-02 6.827734410762786865e-02
2.830000000000000000e+02 4.828250780701637268e-02 6.814555823802947998e-02
2.840000000000000000e+02 4.828902706503868103e-02 6.806192547082901001e-02
2.850000000000000000e+02 4.818439483642578125e-02 6.816019117832183838e-02
2.860000000000000000e+02 4.817656427621841431e-02 6.805559247732162476e-02
2.870000000000000000e+02 4.817475751042366028e-02 6.788620352745056152e-02
2.880000000000000000e+02 4.809796065092086792e-02 6.801721453666687012e-02
2.890000000000000000e+02 4.813323542475700378e-02 6.787817925214767456e-02
2.900000000000000000e+02 4.802265390753746033e-02 6.802462786436080933e-02
2.910000000000000000e+02 4.804797470569610596e-02 6.785374134778976440e-02
2.920000000000000000e+02 4.794026911258697510e-02 6.767080724239349365e-02
2.930000000000000000e+02 4.793653637170791626e-02 6.790481507778167725e-02
2.940000000000000000e+02 4.795415699481964111e-02 6.779050081968307495e-02
2.950000000000000000e+02 4.792748764157295227e-02 6.785953789949417114e-02
2.960000000000000000e+02 4.783208295702934265e-02 6.766466051340103149e-02
2.970000000000000000e+02 4.778431728482246399e-02 6.756253540515899658e-02
2.980000000000000000e+02 4.775680601596832275e-02 6.758480519056320190e-02
2.990000000000000000e+02 4.768832400441169739e-02 6.766919046640396118e-02
3.000000000000000000e+02 4.767717048525810242e-02 6.764100492000579834e-02
3.010000000000000000e+02 4.762745648622512817e-02 6.763210147619247437e-02
3.020000000000000000e+02 4.759159311652183533e-02 6.746998429298400879e-02
3.030000000000000000e+02 4.754929989576339722e-02 6.741282343864440918e-02
3.040000000000000000e+02 4.754159972071647644e-02 6.756980717182159424e-02
3.050000000000000000e+02 4.752429574728012085e-02 6.745307892560958862e-02
3.060000000000000000e+02 4.749414697289466858e-02 6.745031476020812988e-02
3.070000000000000000e+02 4.742099344730377197e-02 6.719339638948440552e-02
3.080000000000000000e+02 4.733501747250556946e-02 6.733369827270507812e-02
3.090000000000000000e+02 4.732701927423477173e-02 6.730048358440399170e-02
3.100000000000000000e+02 4.736173525452613831e-02 6.717079132795333862e-02
3.110000000000000000e+02 4.723872989416122437e-02 6.719093769788742065e-02
3.120000000000000000e+02 4.730912297964096069e-02 6.741575151681900024e-02
3.130000000000000000e+02 4.724382236599922180e-02 6.701749563217163086e-02
3.140000000000000000e+02 4.719384387135505676e-02 6.708005070686340332e-02
3.150000000000000000e+02 4.712746292352676392e-02 6.721033900976181030e-02
3.160000000000000000e+02 4.710114374756813049e-02 6.710210442543029785e-02
3.170000000000000000e+02 4.709217697381973267e-02 6.693202257156372070e-02
3.180000000000000000e+02 4.709186032414436340e-02 6.701928377151489258e-02
3.190000000000000000e+02 4.698144271969795227e-02 6.684934347867965698e-02
3.200000000000000000e+02 4.691342636942863464e-02 6.679218262434005737e-02
3.210000000000000000e+02 4.691885039210319519e-02 6.672624498605728149e-02
3.220000000000000000e+02 4.690706357359886169e-02 6.680989265441894531e-02
3.230000000000000000e+02 4.684125259518623352e-02 6.686899065971374512e-02
3.240000000000000000e+02 4.683452844619750977e-02 6.678370386362075806e-02
3.250000000000000000e+02 4.680942744016647339e-02 6.674485653638839722e-02
3.260000000000000000e+02 4.675170034170150757e-02 6.686525791883468628e-02
3.270000000000000000e+02 4.674326255917549133e-02 6.664329022169113159e-02
3.280000000000000000e+02 4.672777280211448669e-02 6.664928793907165527e-02
3.290000000000000000e+02 4.666741564869880676e-02 6.665648519992828369e-02
3.300000000000000000e+02 4.669202864170074463e-02 6.675227731466293335e-02
3.310000000000000000e+02 4.657005518674850464e-02 6.646316498517990112e-02
3.320000000000000000e+02 4.658232256770133972e-02 6.649208068847656250e-02
3.330000000000000000e+02 4.658360406756401062e-02 6.638890504837036133e-02
3.340000000000000000e+02 4.650154337286949158e-02 6.653229147195816040e-02
3.350000000000000000e+02 4.650780558586120605e-02 6.651450693607330322e-02
3.360000000000000000e+02 4.642693325877189636e-02 6.624273955821990967e-02
3.370000000000000000e+02 4.640005901455879211e-02 6.622828543186187744e-02
3.380000000000000000e+02 4.641084372997283936e-02 6.621444225311279297e-02
3.390000000000000000e+02 4.631887376308441162e-02 6.624483317136764526e-02
3.400000000000000000e+02 4.631483182311058044e-02 6.618175655603408813e-02
3.410000000000000000e+02 4.631238058209419250e-02 6.634986400604248047e-02
3.420000000000000000e+02 4.627136141061782837e-02 6.611615419387817383e-02
3.430000000000000000e+02 4.626208171248435974e-02 6.605570763349533081e-02
3.440000000000000000e+02 4.619339108467102051e-02 6.601956486701965332e-02
3.450000000000000000e+02 4.621190577745437622e-02 6.608743220567703247e-02
3.460000000000000000e+02 4.617528244853019714e-02 6.600543856620788574e-02
3.470000000000000000e+02 4.609791561961174011e-02 6.616158783435821533e-02
3.480000000000000000e+02 4.607565328478813171e-02 6.604138016700744629e-02
3.490000000000000000e+02 4.606483131647109985e-02 6.596965342760086060e-02
3.500000000000000000e+02 4.601895809173583984e-02 6.586521118879318237e-02
3.510000000000000000e+02 4.599860310554504395e-02 6.591276824474334717e-02
3.520000000000000000e+02 4.598337784409523010e-02 6.591114401817321777e-02
3.530000000000000000e+02 4.593214765191078186e-02 6.594373285770416260e-02
3.540000000000000000e+02 4.592650756239891052e-02 6.578259915113449097e-02
3.550000000000000000e+02 4.583322256803512573e-02 6.565658748149871826e-02
3.560000000000000000e+02 4.585575312376022339e-02 6.569596379995346069e-02
3.570000000000000000e+02 4.573211818933486938e-02 6.573301553726196289e-02
3.580000000000000000e+02 4.577188938856124878e-02 6.577495485544204712e-02
3.590000000000000000e+02 4.572961106896400452e-02 6.565186381340026855e-02
3.600000000000000000e+02 4.572426155209541321e-02 6.559610366821289062e-02
3.610000000000000000e+02 4.570561274886131287e-02 6.559743732213973999e-02
3.620000000000000000e+02 4.567608982324600220e-02 6.546648591756820679e-02
3.630000000000000000e+02 4.565666988492012024e-02 6.543078273534774780e-02
3.640000000000000000e+02 4.558370634913444519e-02 6.543157994747161865e-02
3.650000000000000000e+02 4.558466374874114990e-02 6.555545330047607422e-02
3.660000000000000000e+02 4.554057493805885315e-02 6.562371551990509033e-02
3.670000000000000000e+02 4.551852494478225708e-02 6.550412625074386597e-02
3.680000000000000000e+02 4.549598693847656250e-02 6.537616252899169922e-02
3.690000000000000000e+02 4.551334306597709656e-02 6.526934355497360229e-02
3.700000000000000000e+02 4.545783996582031250e-02 6.534472107887268066e-02
3.710000000000000000e+02 4.544643685221672058e-02 6.523392349481582642e-02
3.720000000000000000e+02 4.539106041193008423e-02 6.526117026805877686e-02
3.730000000000000000e+02 4.530223086476325989e-02 6.514913588762283325e-02
3.740000000000000000e+02 4.534084722399711609e-02 6.531187891960144043e-02
3.750000000000000000e+02 4.531165212392807007e-02 6.511349976062774658e-02
3.760000000000000000e+02 4.524428769946098328e-02 6.511054933071136475e-02
3.770000000000000000e+02 4.523304477334022522e-02 6.504674255847930908e-02
3.780000000000000000e+02 4.520229250192642212e-02 6.487374752759933472e-02
3.790000000000000000e+02 4.523929581046104431e-02 6.503728032112121582e-02
3.800000000000000000e+02 4.521645233035087585e-02 6.498888880014419556e-02
3.810000000000000000e+02 4.518529400229454041e-02 6.488463282585144043e-02
3.820000000000000000e+02 4.514697194099426270e-02 6.496689468622207642e-02
3.830000000000000000e+02 4.502667486667633057e-02 6.482467055320739746e-02
3.840000000000000000e+02 4.498517885804176331e-02 6.490960717201232910e-02
3.850000000000000000e+02 4.504810273647308350e-02 6.476944684982299805e-02
3.860000000000000000e+02 4.501096159219741821e-02 6.474805623292922974e-02
3.870000000000000000e+02 4.500622674822807312e-02 6.482963263988494873e-02
3.880000000000000000e+02 4.494156315922737122e-02 6.473737210035324097e-02
3.890000000000000000e+02 4.497459903359413147e-02 6.465657800436019897e-02
3.900000000000000000e+02 4.487727209925651550e-02 6.468325108289718628e-02
3.910000000000000000e+02 4.494668170809745789e-02 6.467350572347640991e-02
3.920000000000000000e+02 4.482642933726310730e-02 6.465950608253479004e-02
3.930000000000000000e+02 4.484248533844947815e-02 6.467449665069580078e-02
3.940000000000000000e+02 4.483798146247863770e-02 6.453578919172286987e-02
3.950000000000000000e+02 4.478055238723754883e-02 6.453363597393035889e-02
3.960000000000000000e+02 4.475916177034378052e-02 6.455368548631668091e-02
3.970000000000000000e+02 4.467493295669555664e-02 6.448017060756683350e-02
3.980000000000000000e+02 4.467234387993812561e-02 6.443727761507034302e-02
3.990000000000000000e+02 4.467689990997314453e-02 6.445164233446121216e-02
4.000000000000000000e+02 4.462974891066551208e-02 6.446293741464614868e-02
4.010000000000000000e+02 4.458976164460182190e-02 6.450001895427703857e-02
4.020000000000000000e+02 4.454981908202171326e-02 6.434631347656250000e-02
4.030000000000000000e+02 4.455284029245376587e-02 6.422750651836395264e-02
4.040000000000000000e+02 4.452057555317878723e-02 6.426057219505310059e-02
4.050000000000000000e+02 4.457605630159378052e-02 6.432204693555831909e-02
4.060000000000000000e+02 4.451446235179901123e-02 6.413523107767105103e-02
4.070000000000000000e+02 4.451653733849525452e-02 6.413037329912185669e-02
4.080000000000000000e+02 4.450025781989097595e-02 6.409180164337158203e-02
4.090000000000000000e+02 4.444011300802230835e-02 6.421923637390136719e-02
4.100000000000000000e+02 4.441715404391288757e-02 6.407076120376586914e-02
4.110000000000000000e+02 4.439266771078109741e-02 6.403285264968872070e-02
4.120000000000000000e+02 4.435544461011886597e-02 6.405542045831680298e-02
4.130000000000000000e+02 4.436317458748817444e-02 6.409526616334915161e-02
4.140000000000000000e+02 4.431800544261932373e-02 6.405660510063171387e-02
4.150000000000000000e+02 4.432959482073783875e-02 6.406558305025100708e-02
4.160000000000000000e+02 4.427604749798774719e-02 6.394556164741516113e-02
4.170000000000000000e+02 4.425386711955070496e-02 6.393659859895706177e-02
4.180000000000000000e+02 4.421470314264297485e-02 6.386961787939071655e-02
4.190000000000000000e+02 4.425890743732452393e-02 6.389155983924865723e-02
4.200000000000000000e+02 4.418135434389114380e-02 6.384103000164031982e-02
4.210000000000000000e+02 4.415413737297058105e-02 6.386983394622802734e-02
4.220000000000000000e+02 4.410535842180252075e-02 6.372433900833129883e-02
4.230000000000000000e+02 4.418629780411720276e-02 6.378711014986038208e-02
4.240000000000000000e+02 4.407186061143875122e-02 6.384011358022689819e-02
4.250000000000000000e+02 4.410567507147789001e-02 6.368188560009002686e-02
4.260000000000000000e+02 4.403483122587203979e-02 6.382491439580917358e-02
4.270000000000000000e+02 4.405783489346504211e-02 6.376051157712936401e-02
4.280000000000000000e+02 4.404697194695472717e-02 6.375724077224731445e-02
4.290000000000000000e+02 4.400981962680816650e-02 6.366720795631408691e-02
4.300000000000000000e+02 4.398315772414207458e-02 6.361234188079833984e-02
4.310000000000000000e+02 4.391979798674583435e-02 6.360273808240890503e-02
4.320000000000000000e+02 4.395440220832824707e-02 6.361656635999679565e-02
4.330000000000000000e+02 4.391393065452575684e-02 6.359596550464630127e-02
4.340000000000000000e+02 4.392915591597557068e-02 6.352093815803527832e-02
4.350000000000000000e+02 4.383487254381179810e-02 6.357493996620178223e-02
4.360000000000000000e+02 4.379842802882194519e-02 6.345286220312118530e-02
4.370000000000000000e+02 4.372646287083625793e-02 6.348150968551635742e-02
4.380000000000000000e+02 4.378447309136390686e-02 6.342814862728118896e-02
4.390000000000000000e+02 4.375246167182922363e-02 6.339564174413681030e-02
4.400000000000000000e+02 4.372344166040420532e-02 6.354837119579315186e-02
4.410000000000000000e+02 4.371652007102966309e-02 6.333814561367034912e-02
4.420000000000000000e+02 4.369743913412094116e-02 6.337632983922958374e-02
4.430000000000000000e+02 4.371144995093345642e-02 6.338086724281311035e-02
4.440000000000000000e+02 4.360673204064369202e-02 6.327541917562484741e-02
4.450000000000000000e+02 4.358839243650436401e-02 6.321720778942108154e-02
4.460000000000000000e+02 4.362128674983978271e-02 6.316836178302764893e-02
4.470000000000000000e+02 4.360800236463546753e-02 6.315264850854873657e-02
4.480000000000000000e+02 4.356094077229499817e-02 6.320127099752426147e-02
4.490000000000000000e+02 4.356827586889266968e-02 6.325495243072509766e-02
4.500000000000000000e+02 4.349349066615104675e-02 6.313496083021163940e-02
4.510000000000000000e+02 4.345351830124855042e-02 6.326741725206375122e-02
4.520000000000000000e+02 4.346136003732681274e-02 6.310348957777023315e-02
4.530000000000000000e+02 4.350070655345916748e-02 6.303188949823379517e-02
4.540000000000000000e+02 4.342145472764968872e-02 6.306827813386917114e-02
4.550000000000000000e+02 4.345794022083282471e-02 6.298922747373580933e-02
4.560000000000000000e+02 4.336770996451377869e-02 6.287626922130584717e-02
4.570000000000000000e+02 4.339475929737091064e-02 6.297353655099868774e-02
4.580000000000000000e+02 4.336505010724067688e-02 6.286370009183883667e-02
4.590000000000000000e+02 4.331681877374649048e-02 6.296730786561965942e-02
4.600000000000000000e+02 4.330977424979209900e-02 6.277420371770858765e-02
4.610000000000000000e+02 4.326987266540527344e-02 6.265921145677566528e-02
4.620000000000000000e+02 4.326905682682991028e-02 6.283691525459289551e-02
4.630000000000000000e+02 4.324647411704063416e-02 6.291857361793518066e-02
4.640000000000000000e+02 4.326644912362098694e-02 6.285320222377777100e-02
4.650000000000000000e+02 4.322076216340065002e-02 6.276482343673706055e-02
4.660000000000000000e+02 4.324897006154060364e-02 6.284379959106445312e-02
4.670000000000000000e+02 4.319186136126518250e-02 6.280565261840820312e-02
4.680000000000000000e+02 4.319661110639572144e-02 6.274654716253280640e-02
4.690000000000000000e+02 4.310594126582145691e-02 6.267978250980377197e-02
4.700000000000000000e+02 4.314990341663360596e-02 6.260687112808227539e-02
4.710000000000000000e+02 4.315161332488059998e-02 6.270216405391693115e-02
4.720000000000000000e+02 4.308142885565757751e-02 6.264264136552810669e-02
4.730000000000000000e+02 4.309574514627456665e-02 6.258986890316009521e-02
4.740000000000000000e+02 4.309229180216789246e-02 6.258574128150939941e-02
4.750000000000000000e+02 4.304505884647369385e-02 6.258817762136459351e-02
4.760000000000000000e+02 4.305111989378929138e-02 6.268692761659622192e-02
4.770000000000000000e+02 4.292603954672813416e-02 6.252450495958328247e-02
4.780000000000000000e+02 4.292089864611625671e-02 6.263056397438049316e-02
4.790000000000000000e+02 4.297660663723945618e-02 6.243872269988059998e-02
4.800000000000000000e+02 4.295536130666732788e-02 6.230536475777626038e-02
4.810000000000000000e+02 4.292706400156021118e-02 6.250724196434020996e-02
4.820000000000000000e+02 4.293563216924667358e-02 6.226375326514244080e-02
4.830000000000000000e+02 4.290075600147247314e-02 6.233242526650428772e-02
4.840000000000000000e+02 4.284994676709175110e-02 6.223180517554283142e-02
4.850000000000000000e+02 4.290113225579261780e-02 6.252522021532058716e-02
4.860000000000000000e+02 4.286038130521774292e-02 6.244890019297599792e-02
4.870000000000000000e+02 4.282038286328315735e-02 6.231071799993515015e-02
4.880000000000000000e+02 4.277130588889122009e-02 6.237100437283515930e-02
4.890000000000000000e+02 4.278691485524177551e-02 6.220262870192527771e-02
4.900000000000000000e+02 4.276204109191894531e-02 6.221527978777885437e-02
4.910000000000000000e+02 4.275476187467575073e-02 6.224761530756950378e-02
4.920000000000000000e+02 4.275291785597801208e-02 6.208560243248939514e-02
4.930000000000000000e+02 4.275572299957275391e-02 6.222372502088546753e-02
4.940000000000000000e+02 4.269508272409439087e-02 6.221215426921844482e-02
4.950000000000000000e+02 4.271391779184341431e-02 6.208463758230209351e-02
4.960000000000000000e+02 4.260026291012763977e-02 6.211256980895996094e-02
4.970000000000000000e+02 4.260863736271858215e-02 6.198079884052276611e-02
4.980000000000000000e+02 4.263699799776077271e-02 6.209445744752883911e-02
4.990000000000000000e+02 4.259049519896507263e-02 6.209632381796836853e-02
5.000000000000000000e+02 4.260030388832092285e-02 6.203193962574005127e-02
5.010000000000000000e+02 4.255159571766853333e-02 6.182195991277694702e-02
5.020000000000000000e+02 4.255649074912071228e-02 6.201140955090522766e-02
5.030000000000000000e+02 4.253779724240303040e-02 6.189891323447227478e-02
5.040000000000000000e+02 4.252505302429199219e-02 6.183827668428421021e-02
5.050000000000000000e+02 4.248509183526039124e-02 6.186928972601890564e-02
5.060000000000000000e+02 4.247033968567848206e-02 6.203206628561019897e-02
5.070000000000000000e+02 4.246235638856887817e-02 6.183262169361114502e-02
5.080000000000000000e+02 4.245257005095481873e-02 6.181557849049568176e-02
5.090000000000000000e+02 4.244577512145042419e-02 6.184745579957962036e-02
5.100000000000000000e+02 4.236478358507156372e-02 6.180402636528015137e-02
5.110000000000000000e+02 4.244643449783325195e-02 6.180945038795471191e-02
5.120000000000000000e+02 4.235480353236198425e-02 6.172943115234375000e-02
5.130000000000000000e+02 4.237869009375572205e-02 6.184614822268486023e-02
5.140000000000000000e+02 4.233600944280624390e-02 6.161257252097129822e-02
5.150000000000000000e+02 4.231976717710494995e-02 6.176952645182609558e-02
5.160000000000000000e+02 4.232441261410713196e-02 6.180787086486816406e-02
5.170000000000000000e+02 4.226263239979743958e-02 6.178652122616767883e-02
5.180000000000000000e+02 4.228116199374198914e-02 6.158931553363800049e-02
5.190000000000000000e+02 4.221917316317558289e-02 6.162698939442634583e-02
5.200000000000000000e+02 4.225989803671836853e-02 6.164976209402084351e-02
5.210000000000000000e+02 4.224981367588043213e-02 6.155367568135261536e-02
5.220000000000000000e+02 4.222191497683525085e-02 6.175974756479263306e-02
5.230000000000000000e+02 4.221571981906890869e-02 6.159888952970504761e-02
5.240000000000000000e+02 4.221618175506591797e-02 6.154610961675643921e-02
5.250000000000000000e+02 4.215438291430473328e-02 6.141456961631774902e-02
5.260000000000000000e+02 4.205396026372909546e-02 6.154188141226768494e-02
5.270000000000000000e+02 4.215832799673080444e-02 6.154979765415191650e-02
5.280000000000000000e+02 4.208880290389060974e-02 6.141190230846405029e-02
5.290000000000000000e+02 4.209627211093902588e-02 6.138955429196357727e-02
5.300000000000000000e+02 4.207620024681091309e-02 6.142116338014602661e-02
5.310000000000000000e+02 4.207023233175277710e-02 6.139531359076499939e-02
5.320000000000000000e+02 4.208448901772499084e-02 6.150371953845024109e-02
5.330000000000000000e+02 4.208874329924583435e-02 6.149039790034294128e-02
5.340000000000000000e+02 4.202653467655181885e-02 6.131500005722045898e-02
5.350000000000000000e+02 4.198424145579338074e-02 6.137364357709884644e-02
5.360000000000000000e+02 4.199058935046195984e-02 6.129704415798187256e-02
5.370000000000000000e+02 4.195003211498260498e-02 6.138228625059127808e-02
5.380000000000000000e+02 4.194596409797668457e-02 6.129626184701919556e-02
5.390000000000000000e+02 4.199324920773506165e-02 6.125148385763168335e-02
5.400000000000000000e+02 4.194780066609382629e-02 6.129953265190124512e-02
5.410000000000000000e+02 4.194305092096328735e-02 6.129474565386772156e-02
5.420000000000000000e+02 4.195828735828399658e-02 6.122757121920585632e-02
5.430000000000000000e+02 4.191644117236137390e-02 6.122831627726554871e-02
5.440000000000000000e+02 4.196145012974739075e-02 6.114556267857551575e-02
5.450000000000000000e+02 4.187569394707679749e-02 6.121980771422386169e-02
5.460000000000000000e+02 4.185803234577178955e-02 6.142054498195648193e-02
5.470000000000000000e+02 4.184707254171371460e-02 6.112094223499298096e-02
5.480000000000000000e+02 4.183520749211311340e-02 6.114225834608078003e-02
5.490000000000000000e+02 4.177765175700187683e-02 6.103929504752159119e-02
5.500000000000000000e+02 4.181166738271713257e-02 6.116628646850585938e-02
5.510000000000000000e+02 4.178851097822189331e-02 6.111676990985870361e-02
5.520000000000000000e+02 4.181440919637680054e-02 6.093620508909225464e-02
5.530000000000000000e+02 4.179801419377326965e-02 6.106683611869812012e-02
5.540000000000000000e+02 4.174136370420455933e-02 6.119410321116447449e-02
5.550000000000000000e+02 4.171684011816978455e-02 6.097457930445671082e-02
5.560000000000000000e+02 4.168277233839035034e-02 6.098451837897300720e-02
5.570000000000000000e+02 4.172046855092048645e-02 6.110397353768348694e-02
5.580000000000000000e+02 4.170751944184303284e-02 6.089173257350921631e-02
5.590000000000000000e+02 4.170682281255722046e-02 6.096929311752319336e-02
5.600000000000000000e+02 4.169801250100135803e-02 6.096110865473747253e-02
5.610000000000000000e+02 4.173090681433677673e-02 6.085394695401191711e-02
5.620000000000000000e+02 4.167131707072257996e-02 6.077615171670913696e-02
5.630000000000000000e+02 4.162441939115524292e-02 6.088375300168991089e-02
5.640000000000000000e+02 4.164872318506240845e-02 6.089790537953376770e-02
5.650000000000000000e+02 4.159805551171302795e-02 6.089230254292488098e-02
5.660000000000000000e+02 4.157783836126327515e-02 6.090208142995834351e-02
5.670000000000000000e+02 4.164632782340049744e-02 6.079905107617378235e-02
5.680000000000000000e+02 4.160925745964050293e-02 6.087929010391235352e-02
5.690000000000000000e+02 4.159795120358467102e-02 6.082377582788467407e-02
5.700000000000000000e+02 4.153655096888542175e-02 6.067333370447158813e-02
5.710000000000000000e+02 4.158130288124084473e-02 6.065483763813972473e-02
5.720000000000000000e+02 4.150503128767013550e-02 6.067336723208427429e-02
5.730000000000000000e+02 4.150423407554626465e-02 6.078325212001800537e-02
5.740000000000000000e+02 4.148229584097862244e-02 6.067115813493728638e-02
5.750000000000000000e+02 4.149286076426506042e-02 6.065667793154716492e-02
5.760000000000000000e+02 4.150487110018730164e-02 6.074295192956924438e-02
5.770000000000000000e+02 4.149375483393669128e-02 6.072780862450599670e-02
5.780000000000000000e+02 4.144145548343658447e-02 6.056980788707733154e-02
5.790000000000000000e+02 4.150300472974777222e-02 6.053866818547248840e-02
5.800000000000000000e+02 4.144741594791412354e-02 6.067854911088943481e-02
5.810000000000000000e+02 4.141662269830703735e-02 6.061225757002830505e-02
5.820000000000000000e+02 4.144040867686271667e-02 6.070788949728012085e-02
5.830000000000000000e+02 4.143539071083068848e-02 6.059661507606506348e-02
5.840000000000000000e+02 4.139625281095504761e-02 6.067359074950218201e-02
5.850000000000000000e+02 4.137438908219337463e-02 6.066021323204040527e-02
5.860000000000000000e+02 4.139299690723419189e-02 6.063769012689590454e-02
5.870000000000000000e+02 4.135938733816146851e-02 6.052937358617782593e-02
5.880000000000000000e+02 4.133116081357002258e-02 6.054938584566116333e-02
5.890000000000000000e+02 4.131946340203285217e-02 6.056582555174827576e-02
5.900000000000000000e+02 4.129510372877120972e-02 6.044518575072288513e-02
5.910000000000000000e+02 4.129618778824806213e-02 6.052119657397270203e-02
5.920000000000000000e+02 4.131982475519180298e-02 6.055644527077674866e-02
5.930000000000000000e+02 4.126968607306480408e-02 6.036549061536788940e-02
5.940000000000000000e+02 4.133236780762672424e-02 6.046076491475105286e-02
5.950000000000000000e+02 4.127643629908561707e-02 6.048487871885299683e-02
5.960000000000000000e+02 4.126987978816032410e-02 6.036624684929847717e-02
5.970000000000000000e+02 4.131332412362098694e-02 6.044133007526397705e-02
5.980000000000000000e+02 4.124335944652557373e-02 6.029617413878440857e-02
5.990000000000000000e+02 4.118691012263298035e-02 6.053867191076278687e-02
6.000000000000000000e+02 4.119998589158058167e-02 6.047230586409568787e-02
6.010000000000000000e+02 4.119152575731277466e-02 6.039998680353164673e-02
6.020000000000000000e+02 4.117979481816291809e-02 6.043390184640884399e-02
6.030000000000000000e+02 4.119040817022323608e-02 6.037692353129386902e-02
6.040000000000000000e+02 4.115617647767066956e-02 6.040343642234802246e-02
6.050000000000000000e+02 4.115727171301841736e-02 6.021596491336822510e-02
6.060000000000000000e+02 4.118434339761734009e-02 6.020646914839744568e-02
6.070000000000000000e+02 4.111164063215255737e-02 6.017211452126502991e-02
6.080000000000000000e+02 4.116476699709892273e-02 6.016439199447631836e-02
6.090000000000000000e+02 4.106339067220687866e-02 6.030965223908424377e-02
6.100000000000000000e+02 4.109995812177658081e-02 6.016205623745918274e-02
6.110000000000000000e+02 4.108243063092231750e-02 6.015340611338615417e-02
6.120000000000000000e+02 4.108826071023941040e-02 6.012319400906562805e-02
6.130000000000000000e+02 4.113666340708732605e-02 6.007374078035354614e-02
6.140000000000000000e+02 4.107650741934776306e-02 6.021667644381523132e-02
6.150000000000000000e+02 4.109171405434608459e-02 6.018980592489242554e-02
6.160000000000000000e+02 4.104506969451904297e-02 6.015602871775627136e-02
6.170000000000000000e+02 4.104505851864814758e-02 6.027523800730705261e-02
6.180000000000000000e+02 4.103356599807739258e-02 6.009274721145629883e-02
6.190000000000000000e+02 4.101178050041198730e-02 5.996757745742797852e-02
6.200000000000000000e+02 4.101150110363960266e-02 6.009395793080329895e-02
6.210000000000000000e+02 4.096227884292602539e-02 6.008889153599739075e-02
6.220000000000000000e+02 4.101699590682983398e-02 6.007133051753044128e-02
6.230000000000000000e+02 4.102935269474983215e-02 6.018202379345893860e-02
6.240000000000000000e+02 4.096253588795661926e-02 6.001935154199600220e-02
6.250000000000000000e+02 4.090554267168045044e-02 6.004586815834045410e-02
6.260000000000000000e+02 4.096843674778938293e-02 6.000015139579772949e-02
6.270000000000000000e+02 4.093914851546287537e-02 5.994442850351333618e-02
6.280000000000000000e+02 4.097884893417358398e-02 5.995814502239227295e-02
6.290000000000000000e+02 4.089787974953651428e-02 5.999049916863441467e-02
6.300000000000000000e+02 4.091892018914222717e-02 6.009204685688018799e-02
6.310000000000000000e+02 4.090978577733039856e-02 5.998400971293449402e-02
6.320000000000000000e+02 4.091412201523780823e-02 5.997969582676887512e-02
6.330000000000000000e+02 4.091375693678855896e-02 5.991393700242042542e-02
6.340000000000000000e+02 4.090145230293273926e-02 6.000979617238044739e-02
6.350000000000000000e+02 4.080417379736900330e-02 5.991946160793304443e-02
6.360000000000000000e+02 4.085617512464523315e-02 5.989654734730720520e-02
6.370000000000000000e+02 4.082062095403671265e-02 5.996248498558998108e-02
6.380000000000000000e+02 4.083367809653282166e-02 5.984592437744140625e-02
6.390000000000000000e+02 4.084608703851699829e-02 5.974666029214859009e-02
6.400000000000000000e+02 4.081628099083900452e-02 5.979601666331291199e-02
6.410000000000000000e+02 4.075795412063598633e-02 5.968720093369483948e-02
6.420000000000000000e+02 4.083364084362983704e-02 5.983715876936912537e-02
6.430000000000000000e+02 4.076912254095077515e-02 5.987940356135368347e-02
6.440000000000000000e+02 4.077326133847236633e-02 5.977101624011993408e-02
6.450000000000000000e+02 4.074016585946083069e-02 5.990041792392730713e-02
6.460000000000000000e+02 4.076316952705383301e-02 5.973963066935539246e-02
6.470000000000000000e+02 4.076030477881431580e-02 5.994151532649993896e-02
6.480000000000000000e+02 4.074692726135253906e-02 5.970953032374382019e-02
6.490000000000000000e+02 4.067956656217575073e-02 5.974682420492172241e-02
6.500000000000000000e+02 4.072791337966918945e-02 5.985396355390548706e-02
