0.000000000000000000e+00 1.059099361300468445e-01 1.275695413351058960e-01
1.000000000000000000e+00 1.054931282997131348e-01 1.271982491016387939e-01
2.000000000000000000e+00 1.050910800695419312e-01 1.268683820962905884e-01
3.000000000000000000e+00 1.046698540449142456e-01 1.265130192041397095e-01
4.000000000000000000e+00 1.042703613638877869e-01 1.261651813983917236e-01
5.000000000000000000e+00 1.038607284426689148e-01 1.258298754692077637e-01
6.000000000000000000e+00 1.034556701779365540e-01 1.254793554544448853e-01
7.000000000000000000e+00 1.030501499772071838e-01 1.251348257064819336e-01
8.000000000000000000e+00 1.026387587189674377e-01 1.247896850109100342e-01
9.000000000000000000e+00 1.022316068410873413e-01 1.244754642248153687e-01
1.000000000000000000e+01 1.018291935324668884e-01 1.241259649395942688e-01
1.100000000000000000e+01 1.014156490564346313e-01 1.237684339284896851e-01
1.200000000000000000e+01 1.010042801499366760e-01 1.234041675925254822e-01
1.300000000000000000e+01 1.005903631448745728e-01 1.230672001838684082e-01
1.400000000000000000e+01 1.001714244484901428e-01 1.226936802268028259e-01
1.500000000000000000e+01 9.974896907806396484e-02 1.223704740405082703e-01
1.600000000000000000e+01 9.932277351617813110e-02 1.220121532678604126e-01
1.700000000000000000e+01 9.889521449804306030e-02 1.216353327035903931e-01
1.800000000000000000e+01 9.845539927482604980e-02 1.212581023573875427e-01
1.900000000000000000e+01 9.801256656646728516e-02 1.209056824445724487e-01
2.000000000000000000e+01 9.757260233163833618e-02 1.205220818519592285e-01
2.100000000000000000e+01 9.712032228708267212e-02 1.201213151216506958e-01
2.200000000000000000e+01 9.665990620851516724e-02 1.197635978460311890e-01
2.300000000000000000e+01 9.620198607444763184e-02 1.193534508347511292e-01
2.400000000000000000e+01 9.573692828416824341e-02 1.189646273851394653e-01
2.500000000000000000e+01 9.527895599603652954e-02 1.185408532619476318e-01
2.600000000000000000e+01 9.479859471321105957e-02 1.181386858224868774e-01
2.700000000000000000e+01 9.433525055646896362e-02 1.177247166633605957e-01
2.800000000000000000e+01 9.385787695646286011e-02 1.172902882099151611e-01
2.900000000000000000e+01 9.335689246654510498e-02 1.168413981795310974e-01
3.000000000000000000e+01 9.289164841175079346e-02 1.164000630378723145e-01
3.100000000000000000e+01 9.239618480205535889e-02 1.159374415874481201e-01
3.200000000000000000e+01 9.193301200866699219e-02 1.155068799853324890e-01
3.300000000000000000e+01 9.146311879158020020e-02 1.150048971176147461e-01
3.400000000000000000e+01 9.097031503915786743e-02 1.145306676626205444e-01
3.500000000000000000e+01 9.049743413925170898e-02 1.140165552496910095e-01
3.600000000000000000e+01 9.000794589519500732e-02 1.135925129055976868e-01
3.700000000000000000e+01 8.953362703323364258e-02 1.130339354276657104e-01
3.800000000000000000e+01 8.905684947967529297e-02 1.125802546739578247e-01
3.900000000000000000e+01 8.858763426542282104e-02 1.120454519987106323e-01
4.000000000000000000e+01 8.810439705848693848e-02 1.115737259387969971e-01
4.100000000000000000e+01 8.763042837381362915e-02 1.110260263085365295e-01
4.200000000000000000e+01 8.717557042837142944e-02 1.105754822492599487e-01
4.300000000000000000e+01 8.666584640741348267e-02 1.100476831197738647e-01
4.400000000000000000e+01 8.617421984672546387e-02 1.095067858695983887e-01
4.500000000000000000e+01 8.569172024726867676e-02 1.090379655361175537e-01
4.600000000000000000e+01 8.519652485847473145e-02 1.085250526666641235e-01
4.700000000000000000e+01 8.468370884656906128e-02 1.080632209777832031e-01
4.800000000000000000e+01 8.416901528835296631e-02 1.075046733021736145e-01
4.900000000000000000e+01 8.363342285156250000e-02 1.069616675376892090e-01
5.000000000000000000e+01 8.312092721462249756e-02 1.065410599112510681e-01
5.100000000000000000e+01 8.262971043586730957e-02 1.059899404644966125e-01
5.200000000000000000e+01 8.206352591514587402e-02 1.054516285657882690e-01
5.300000000000000000e+01 8.154802769422531128e-02 1.048491671681404114e-01
5.400000000000000000e+01 8.100096136331558228e-02 1.044653579592704773e-01
5.500000000000000000e+01 8.046298474073410034e-02 1.038417071104049683e-01
5.600000000000000000e+01 7.995955646038055420e-02 1.034106910228729248e-01
5.700000000000000000e+01 7.944615185260772705e-02 1.028492823243141174e-01
5.800000000000000000e+01 7.890553772449493408e-02 1.023168638348579407e-01
5.900000000000000000e+01 7.841246575117111206e-02 1.017471030354499817e-01
6.000000000000000000e+01 7.795215398073196411e-02 1.013343781232833862e-01
6.100000000000000000e+01 7.746751606464385986e-02 1.007754802703857422e-01
6.200000000000000000e+01 7.700521498918533325e-02 1.003038287162780762e-01
6.300000000000000000e+01 7.657063007354736328e-02 9.975328296422958374e-02
6.400000000000000000e+01 7.617996633052825928e-02 9.925532341003417969e-02
6.500000000000000000e+01 7.575147598981857300e-02 9.874939173460006714e-02
6.600000000000000000e+01 7.537526637315750122e-02 9.829781949520111084e-02
6.700000000000000000e+01 7.503926753997802734e-02 9.768841415643692017e-02
6.800000000000000000e+01 7.466590404510498047e-02 9.717996418476104736e-02
6.900000000000000000e+01 7.439896464347839355e-02 9.674740582704544067e-02
7.000000000000000000e+01 7.404936105012893677e-02 9.626577794551849365e-02
7.100000000000000000e+01 7.377989590167999268e-02 9.566678106784820557e-02
7.200000000000000000e+01 7.346440851688385010e-02 9.525325149297714233e-02
7.300000000000000000e+01 7.325001060962677002e-02 9.476067125797271729e-02
7.400000000000000000e+01 7.297969609498977661e-02 9.441221505403518677e-02
7.500000000000000000e+01 7.269428670406341553e-02 9.399530291557312012e-02
7.600000000000000000e+01 7.247789949178695679e-02 9.343077242374420166e-02
7.700000000000000000e+01 7.225020974874496460e-02 9.303306788206100464e-02
7.800000000000000000e+01 7.199662178754806519e-02 9.265446662902832031e-02
7.900000000000000000e+01 7.176157832145690918e-02 9.216610342264175415e-02
8.000000000000000000e+01 7.147067040205001831e-02 9.182398766279220581e-02
8.100000000000000000e+01 7.127872854471206665e-02 9.145769476890563965e-02
8.200000000000000000e+01 7.097572833299636841e-02 9.101651608943939209e-02
8.300000000000000000e+01 7.072588056325912476e-02 9.069652110338211060e-02
8.400000000000000000e+01 7.042463868856430054e-02 9.036166220903396606e-02
8.500000000000000000e+01 7.013863325119018555e-02 8.999445289373397827e-02
8.600000000000000000e+01 6.983587145805358887e-02 8.969072252511978149e-02
8.700000000000000000e+01 6.952722370624542236e-02 8.926831185817718506e-02
8.800000000000000000e+01 6.923347711563110352e-02 8.906392008066177368e-02
8.900000000000000000e+01 6.891059130430221558e-02 8.861685544252395630e-02
9.000000000000000000e+01 6.858721375465393066e-02 8.842228353023529053e-02
9.100000000000000000e+01 6.831964850425720215e-02 8.809448033571243286e-02
9.200000000000000000e+01 6.802150607109069824e-02 8.790101855993270874e-02
9.300000000000000000e+01 6.767016649246215820e-02 8.763533085584640503e-02
9.400000000000000000e+01 6.739605218172073364e-02 8.752280473709106445e-02
9.500000000000000000e+01 6.709061563014984131e-02 8.709243685007095337e-02
9.600000000000000000e+01 6.679334491491317749e-02 8.704513311386108398e-02
9.700000000000000000e+01 6.649042665958404541e-02 8.674490451812744141e-02
9.800000000000000000e+01 6.623452156782150269e-02 8.648142963647842407e-02
9.900000000000000000e+01 6.597883999347686768e-02 8.635088801383972168e-02
1.000000000000000000e+02 6.568092852830886841e-02 8.610595017671585083e-02
1.010000000000000000e+02 6.543014198541641235e-02 8.583547919988632202e-02
1.020000000000000000e+02 6.518757343292236328e-02 8.571706712245941162e-02
1.030000000000000000e+02 6.493733823299407959e-02 8.544107526540756226e-02
1.040000000000000000e+02 6.473568081855773926e-02 8.529051393270492554e-02
1.050000000000000000e+02 6.450441479682922363e-02 8.512113988399505615e-02
1.060000000000000000e+02 6.423055380582809448e-02 8.474048972129821777e-02
1.070000000000000000e+02 6.397327035665512085e-02 8.448257297277450562e-02
1.080000000000000000e+02 6.374689191579818726e-02 8.436325937509536743e-02
1.090000000000000000e+02 6.359136849641799927e-02 8.421388268470764160e-02
1.100000000000000000e+02 6.334127485752105713e-02 8.385970443487167358e-02
1.110000000000000000e+02 6.319964677095413208e-02 8.371435850858688354e-02
1.120000000000000000e+02 6.297722458839416504e-02 8.352655917406082153e-02
1.130000000000000000e+02 6.275809556245803833e-02 8.326666057109832764e-02
1.140000000000000000e+02 6.265486031770706177e-02 8.320754021406173706e-02
1.150000000000000000e+02 6.245900690555572510e-02 8.276356011629104614e-02
1.160000000000000000e+02 6.224023178219795227e-02 8.277727663516998291e-02
1.170000000000000000e+02 6.210091710090637207e-02 8.243813365697860718e-02
1.180000000000000000e+02 6.189696863293647766e-02 8.227410912513732910e-02
1.190000000000000000e+02 6.171462312340736389e-02 8.212263137102127075e-02
1.200000000000000000e+02 6.155029684305191040e-02 8.209391683340072632e-02
1.210000000000000000e+02 6.138754263520240784e-02 8.179114013910293579e-02
1.220000000000000000e+02 6.123512983322143555e-02 8.152387291193008423e-02
1.230000000000000000e+02 6.110371276736259460e-02 8.134210109710693359e-02
1.240000000000000000e+02 6.092919781804084778e-02 8.113054931163787842e-02
1.250000000000000000e+02 6.080014631152153015e-02 8.092425763607025146e-02
1.260000000000000000e+02 6.058454886078834534e-02 8.091609179973602295e-02
1.270000000000000000e+02 6.049594655632972717e-02 8.071392774581909180e-02
1.280000000000000000e+02 6.030030176043510437e-02 8.045896887779235840e-02
1.290000000000000000e+02 6.018710136413574219e-02 8.034276217222213745e-02
1.300000000000000000e+02 6.005614623427391052e-02 8.021088689565658569e-02
1.310000000000000000e+02 5.992053821682929993e-02 7.998751848936080933e-02
1.320000000000000000e+02 5.981147289276123047e-02 7.983523607254028320e-02
1.330000000000000000e+02 5.961596220731735229e-02 7.962972670793533325e-02
1.340000000000000000e+02 5.953127890825271606e-02 7.953782379627227783e-02
1.350000000000000000e+02 5.941745638847351074e-02 7.936735451221466064e-02
1.360000000000000000e+02 5.928210169076919556e-02 7.924113422632217407e-02
1.370000000000000000e+02 5.912980064749717712e-02 7.926094532012939453e-02
1.380000000000000000e+02 5.903120338916778564e-02 7.903422415256500244e-02
1.390000000000000000e+02 5.891525000333786011e-02 7.895038276910781860e-02
1.400000000000000000e+02 5.876361206173896790e-02 7.885924726724624634e-02
1.410000000000000000e+02 5.867828428745269775e-02 7.876052707433700562e-02
1.420000000000000000e+02 5.863352119922637939e-02 7.859076559543609619e-02
1.430000000000000000e+02 5.848541483283042908e-02 7.843061536550521851e-02
1.440000000000000000e+02 5.841147154569625854e-02 7.841602712869644165e-02
1.450000000000000000e+02 5.824805423617362976e-02 7.828296720981597900e-02
1.460000000000000000e+02 5.815650150179862976e-02 7.822548598051071167e-02
1.470000000000000000e+02 5.810853838920593262e-02 7.796803861856460571e-02
1.480000000000000000e+02 5.799157917499542236e-02 7.776816189289093018e-02
1.490000000000000000e+02 5.784622207283973694e-02 7.777134329080581665e-02
1.500000000000000000e+02 5.775075405836105347e-02 7.773398607969284058e-02
1.510000000000000000e+02 5.771645158529281616e-02 7.757978886365890503e-02
1.520000000000000000e+02 5.757696926593780518e-02 7.758222520351409912e-02
1.530000000000000000e+02 5.748712271451950073e-02 7.739940285682678223e-02
1.540000000000000000e+02 5.738219246268272400e-02 7.733953744173049927e-02
1.550000000000000000e+02 5.733089148998260498e-02 7.725571841001510620e-02
1.560000000000000000e+02 5.724180117249488831e-02 7.725448906421661377e-02
1.570000000000000000e+02 5.715075135231018066e-02 7.717254012823104858e-02
1.580000000000000000e+02 5.704838410019874573e-02 7.690306752920150757e-02
1.590000000000000000e+02 5.698984488844871521e-02 7.674481719732284546e-02
1.600000000000000000e+02 5.689945071935653687e-02 7.684789597988128662e-02
1.610000000000000000e+02 5.677159130573272705e-02 7.668706029653549194e-02
1.620000000000000000e+02 5.672629550099372864e-02 7.670137286186218262e-02
1.630000000000000000e+02 5.659142881631851196e-02 7.666669785976409912e-02
1.640000000000000000e+02 5.655172094702720642e-02 7.640729844570159912e-02
1.650000000000000000e+02 5.647163093090057373e-02 7.621457427740097046e-02
1.660000000000000000e+02 5.635137856006622314e-02 7.615619152784347534e-02
1.670000000000000000e+02 5.631718412041664124e-02 7.617919892072677612e-02
1.680000000000000000e+02 5.626350268721580505e-02 7.618919014930725098e-02
1.690000000000000000e+02 5.617901682853698730e-02 7.596515119075775146e-02
1.700000000000000000e+02 5.606920644640922546e-02 7.604482024908065796e-02
1.710000000000000000e+02 5.600610747933387756e-02 7.569707185029983521e-02
1.720000000000000000e+02 5.597184970974922180e-02 7.574571669101715088e-02
1.730000000000000000e+02 5.592369660735130310e-02 7.564629614353179932e-02
1.740000000000000000e+02 5.579926446080207825e-02 7.553990930318832397e-02
1.750000000000000000e+02 5.569133162498474121e-02 7.555090636014938354e-02
1.760000000000000000e+02 5.562594532966613770e-02 7.541581243276596069e-02
1.770000000000000000e+02 5.551749467849731445e-02 7.555040717124938965e-02
1.780000000000000000e+02 5.549897626042366028e-02 7.527729123830795288e-02
1.790000000000000000e+02 5.541819706559181213e-02 7.522001862525939941e-02
1.800000000000000000e+02 5.533572286367416382e-02 7.510614395141601562e-02
1.810000000000000000e+02 5.522290244698524475e-02 7.504031062126159668e-02
1.820000000000000000e+02 5.513705685734748840e-02 7.492356747388839722e-02
1.830000000000000000e+02 5.511305481195449829e-02 7.488971948623657227e-02
1.840000000000000000e+02 5.503937602043151855e-02 7.467695325613021851e-02
1.850000000000000000e+02 5.495144799351692200e-02 7.477091252803802490e-02
1.860000000000000000e+02 5.490923672914505005e-02 7.480927556753158569e-02
1.870000000000000000e+02 5.479278042912483215e-02 7.461796700954437256e-02
1.880000000000000000e+02 5.476101487874984741e-02 7.450664043426513672e-02
1.890000000000000000e+02 5.465480312705039978e-02 7.446917891502380371e-02
1.900000000000000000e+02 5.455192551016807556e-02 7.438815385103225708e-02
1.910000000000000000e+02 5.453713983297348022e-02 7.453019171953201294e-02
1.920000000000000000e+02 5.442234501242637634e-02 7.420130074024200439e-02
1.930000000000000000e+02 5.434704944491386414e-02 7.418051362037658691e-02
1.940000000000000000e+02 5.431392416357994080e-02 7.404158264398574829e-02
1.950000000000000000e+02 5.420720204710960388e-02 7.399698346853256226e-02
1.960000000000000000e+02 5.409105494618415833e-02 7.399268448352813721e-02
1.970000000000000000e+02 5.406298115849494934e-02 7.389856129884719849e-02
1.980000000000000000e+02 5.399502813816070557e-02 7.379405200481414795e-02
1.990000000000000000e+02 5.393199995160102844e-02 7.396981865167617798e-02
2.000000000000000000e+02 5.387206003069877625e-02 7.373903691768646240e-02
2.010000000000000000e+02 5.378236249089241028e-02 7.371452450752258301e-02
2.020000000000000000e+02 5.375018715858459473e-02 7.357967644929885864e-02
2.030000000000000000e+02 5.367254465818405151e-02 7.347272336483001709e-02
2.040000000000000000e+02 5.360174179077148438e-02 7.352577149868011475e-02
2.050000000000000000e+02 5.351594835519790649e-02 7.351908087730407715e-02
2.060000000000000000e+02 5.348999425768852234e-02 7.332532852888107300e-02
2.070000000000000000e+02 5.338370054960250854e-02 7.324691861867904663e-02
2.080000000000000000e+02 5.329501628875732422e-02 7.319748401641845703e-02
2.090000000000000000e+02 5.325908586382865906e-02 7.310964912176132202e-02
2.100000000000000000e+02 5.314183235168457031e-02 7.312534749507904053e-02
2.110000000000000000e+02 5.305592343211174011e-02 7.309928536415100098e-02
2.120000000000000000e+02 5.304066464304924011e-02 7.294108718633651733e-02
2.130000000000000000e+02 5.296185240149497986e-02 7.278901338577270508e-02
2.140000000000000000e+02 5.290852487087249756e-02 7.266845554113388062e-02
2.150000000000000000e+02 5.282537639141082764e-02 7.261207699775695801e-02
2.160000000000000000e+02 5.276903882622718811e-02 7.264597713947296143e-02
2.170000000000000000e+02 5.268190056085586548e-02 7.265583425760269165e-02
2.180000000000000000e+02 5.262275785207748413e-02 7.239656895399093628e-02
2.190000000000000000e+02 5.256374552845954895e-02 7.256165891885757446e-02
2.200000000000000000e+02 5.250078812241554260e-02 7.237233221530914307e-02
2.210000000000000000e+02 5.245396494865417480e-02 7.224629074335098267e-02
2.220000000000000000e+02 5.238299816846847534e-02 7.216095179319381714e-02
2.230000000000000000e+02 5.234284698963165283e-02 7.228291034698486328e-02
2.240000000000000000e+02 5.231117084622383118e-02 7.209308445453643799e-02
2.250000000000000000e+02 5.225792154669761658e-02 7.220751047134399414e-02
2.260000000000000000e+02 5.213553830981254578e-02 7.200476527214050293e-02
2.270000000000000000e+02 5.207354202866554260e-02 7.188438624143600464e-02
2.280000000000000000e+02 5.198010429739952087e-02 7.183735817670822144e-02
2.290000000000000000e+02 5.196864902973175049e-02 7.164113223552703857e-02
2.300000000000000000e+02 5.190808326005935669e-02 7.174932211637496948e-02
2.310000000000000000e+02 5.185135826468467712e-02 7.161401212215423584e-02
2.320000000000000000e+02 5.176338180899620056e-02 7.155612856149673462e-02
2.330000000000000000e+02 5.169393494725227356e-02 7.167308777570724487e-02
2.340000000000000000e+02 5.166135355830192566e-02 7.154755294322967529e-02
2.350000000000000000e+02 5.162491649389266968e-02 7.141823321580886841e-02
2.360000000000000000e+02 5.152712762355804443e-02 7.134459167718887329e-02
2.370000000000000000e+02 5.144516751170158386e-02 7.132561504840850830e-02
2.380000000000000000e+02 5.143619328737258911e-02 7.125822454690933228e-02
2.390000000000000000e+02 5.132983624935150146e-02 7.119971513748168945e-02
2.400000000000000000e+02 5.134375765919685364e-02 7.112460583448410034e-02
2.410000000000000000e+02 5.123697593808174133e-02 7.103667408227920532e-02
2.420000000000000000e+02 5.122528597712516785e-02 7.101690769195556641e-02
2.430000000000000000e+02 5.109795928001403809e-02 7.101131230592727661e-02
2.440000000000000000e+02 5.104830488562583923e-02 7.086221873760223389e-02
2.450000000000000000e+02 5.099672451615333557e-02 7.079728692770004272e-02
2.460000000000000000e+02 5.100451409816741943e-02 7.092406600713729858e-02
2.470000000000000000e+02 5.092646181583404541e-02 7.087064534425735474e-02
2.480000000000000000e+02 5.087219178676605225e-02 7.073325663805007935e-02
2.490000000000000000e+02 5.081077292561531067e-02 7.070548087358474731e-02
2.500000000000000000e+02 5.078765749931335449e-02 7.047874480485916138e-02
2.510000000000000000e+02 5.072183907032012939e-02 7.068978250026702881e-02
2.520000000000000000e+02 5.063461512327194214e-02 7.052402198314666748e-02
2.530000000000000000e+02 5.059449002146720886e-02 7.047452777624130249e-02
2.540000000000000000e+02 5.051131173968315125e-02 7.048407942056655884e-02
2.550000000000000000e+02 5.051789805293083191e-02 7.035862654447555542e-02
2.560000000000000000e+02 5.049157515168190002e-02 7.028638571500778198e-02
2.570000000000000000e+02 5.038589239120483398e-02 7.027740031480789185e-02
2.580000000000000000e+02 5.040036886930465698e-02 7.034946233034133911e-02
2.590000000000000000e+02 5.031922087073326111e-02 7.024200260639190674e-02
2.600000000000000000e+02 5.022631585597991943e-02 7.013449817895889282e-02
2.610000000000000000e+02 5.019975453615188599e-02 7.013416290283203125e-02
2.620000000000000000e+02 5.010254308581352234e-02 6.998844444751739502e-02
2.630000000000000000e+02 5.009791627526283264e-02 7.002147287130355835e-02
2.640000000000000000e+02 5.007092654705047607e-02 6.998839229345321655e-02
2.650000000000000000e+02 4.996281117200851440e-02 6.988736242055892944e-02
2.660000000000000000e+02 4.994415864348411560e-02 6.985226273536682129e-02
2.670000000000000000e+02 4.990252107381820679e-02 6.964392960071563721e-02
2.680000000000000000e+02 4.989608377218246460e-02 6.978765875101089478e-02
2.690000000000000000e+02 4.980840533971786499e-02 6.976336240768432617e-02
2.700000000000000000e+02 4.971361905336380005e-02 6.966705620288848877e-02
2.710000000000000000e+02 4.968890175223350525e-02 6.960537284612655640e-02
2.720000000000000000e+02 4.962087422609329224e-02 6.940270215272903442e-02
2.730000000000000000e+02 4.956614971160888672e-02 6.948663294315338135e-02
2.740000000000000000e+02 4.953208938241004944e-02 6.956917792558670044e-02
2.750000000000000000e+02 4.953202605247497559e-02 6.939326971769332886e-02
2.760000000000000000e+02 4.945303127169609070e-02 6.930788606405258179e-02
2.770000000000000000e+02 4.937945678830146790e-02 6.919116526842117310e-02
2.780000000000000000e+02 4.934093728661537170e-02 6.922064721584320068e-02
2.790000000000000000e+02 4.932553321123123169e-02 6.920678913593292236e-02
2.800000000000000000e+02 4.928240180015563965e-02 6.912721693515777588e-02
2.810000000000000000e+02 4.926306009292602539e-02 6.914721429347991943e-02
2.820000000000000000e+02 4.919757321476936340e-02 6.903786212205886841e-02
2.830000000000000000e+02 4.917421936988830566e-02 6.908004730939865112e-02
2.840000000000000000e+02 4.908332973718643188e-02 6.894636899232864380e-02
2.850000000000000000e+02 4.904064536094665527e-02 6.889820843935012817e-02
2.860000000000000000e+02 4.895074665546417236e-02 6.892742961645126343e-02
2.870000000000000000e+02 4.893844574689865112e-02 6.872366368770599365e-02
2.880000000000000000e+02 4.888125881552696228e-02 6.869137287139892578e-02
2.890000000000000000e+02 4.887405037879943848e-02 6.865102052688598633e-02
2.900000000000000000e+02 4.883973672986030579e-02 6.862109154462814331e-02
2.910000000000000000e+02 4.871859401464462280e-02 6.877695769071578979e-02
2.920000000000000000e+02 4.872325435280799866e-02 6.861046701669692993e-02
2.930000000000000000e+02 4.869776591658592224e-02 6.842197477817535400e-02
2.940000000000000000e+02 4.857113957405090332e-02 6.844762712717056274e-02
2.950000000000000000e+02 4.859340190887451172e-02 6.846879422664642334e-02
2.960000000000000000e+02 4.853616282343864441e-02 6.845464557409286499e-02
2.970000000000000000e+02 4.850015416741371155e-02 6.835749745368957520e-02
2.980000000000000000e+02 4.845187440514564514e-02 6.820921599864959717e-02
2.990000000000000000e+02 4.842101782560348511e-02 6.839951872825622559e-02
3.000000000000000000e+02 4.839212819933891296e-02 6.817289441823959351e-02
3.010000000000000000e+02 4.835041984915733337e-02 6.812523305416107178e-02
3.020000000000000000e+02 4.823604226112365723e-02 6.811987608671188354e-02
3.030000000000000000e+02 4.822721332311630249e-02 6.794176995754241943e-02
3.040000000000000000e+02 4.823659360408782959e-02 6.791792064905166626e-02
3.050000000000000000e+02 4.813143610954284668e-02 6.802326440811157227e-02
3.060000000000000000e+02 4.808401688933372498e-02 6.782133132219314575e-02
3.070000000000000000e+02 4.804000258445739746e-02 6.783039867877960205e-02
3.080000000000000000e+02 4.804179072380065918e-02 6.791649013757705688e-02
3.090000000000000000e+02 4.798652231693267822e-02 6.768112629652023315e-02
3.100000000000000000e+02 4.793665185570716858e-02 6.770140677690505981e-02
3.110000000000000000e+02 4.785751923918724060e-02 6.767702102661132812e-02
3.120000000000000000e+02 4.784107580780982971e-02 6.748142093420028687e-02
3.130000000000000000e+02 4.779685661196708679e-02 6.757579743862152100e-02
3.140000000000000000e+02 4.777507111430168152e-02 6.748291105031967163e-02
3.150000000000000000e+02 4.774579405784606934e-02 6.738360971212387085e-02
3.160000000000000000e+02 4.767460376024246216e-02 6.753020733594894409e-02
3.170000000000000000e+02 4.768894240260124207e-02 6.742818653583526611e-02
3.180000000000000000e+02 4.762730747461318970e-02 6.722701340913772583e-02
3.190000000000000000e+02 4.756599292159080505e-02 6.724278628826141357e-02
3.200000000000000000e+02 4.752232506871223450e-02 6.715793162584304810e-02
3.210000000000000000e+02 4.747779294848442078e-02 6.713385134935379028e-02
3.220000000000000000e+02 4.748281463980674744e-02 6.706939637660980225e-02
3.230000000000000000e+02 4.741064831614494324e-02 6.704628467559814453e-02
3.240000000000000000e+02 4.737987369298934937e-02 6.713231652975082397e-02
3.250000000000000000e+02 4.736493155360221863e-02 6.706293672323226929e-02
3.260000000000000000e+02 4.727450758218765259e-02 6.695336848497390747e-02
3.270000000000000000e+02 4.724754393100738525e-02 6.702341139316558838e-02
3.280000000000000000e+02 4.720936715602874756e-02 6.677882373332977295e-02
3.290000000000000000e+02 4.722194746136665344e-02 6.683583557605743408e-02
3.300000000000000000e+02 4.717426002025604248e-02 6.682106107473373413e-02
3.310000000000000000e+02 4.711484163999557495e-02 6.676460057497024536e-02
3.320000000000000000e+02 4.708484187722206116e-02 6.671059876680374146e-02
3.330000000000000000e+02 4.701958224177360535e-02 6.677702814340591431e-02
3.340000000000000000e+02 4.700617492198944092e-02 6.671386212110519409e-02
3.350000000000000000e+02 4.696240648627281189e-02 6.666247546672821045e-02
3.360000000000000000e+02 4.692291468381881714e-02 6.661938875913619995e-02
3.370000000000000000e+02 4.689257591962814331e-02 6.647346168756484985e-02
3.380000000000000000e+02 4.685557633638381958e-02 6.648176163434982300e-02
3.390000000000000000e+02 4.684748500585556030e-02 6.643290072679519653e-02
3.400000000000000000e+02 4.675601422786712646e-02 6.627129763364791870e-02
3.410000000000000000e+02 4.673251509666442871e-02 6.628365069627761841e-02
3.420000000000000000e+02 4.674943909049034119e-02 6.626474112272262573e-02
3.430000000000000000e+02 4.664554819464683533e-02 6.625909358263015747e-02
3.440000000000000000e+02 4.665765911340713501e-02 6.617163121700286865e-02
3.450000000000000000e+02 4.659872502088546753e-02 6.620616465806961060e-02
3.460000000000000000e+02 4.653828963637351990e-02 6.607997417449951172e-02
3.470000000000000000e+02 4.655225947499275208e-02 6.603922694921493530e-02
3.480000000000000000e+02 4.655105993151664734e-02 6.612445414066314697e-02
3.490000000000000000e+02 4.650475457310676575e-02 6.601506471633911133e-02
3.500000000000000000e+02 4.644972831010818481e-02 6.572683900594711304e-02
3.510000000000000000e+02 4.638431593775749207e-02 6.600176542997360229e-02
3.520000000000000000e+02 4.640111699700355530e-02 6.590618193149566650e-02
3.530000000000000000e+02 4.633274674415588379e-02 6.583593785762786865e-02
3.540000000000000000e+02 4.629516974091529846e-02 6.558897346258163452e-02
3.550000000000000000e+02 4.629680141806602478e-02 6.561744958162307739e-02
3.560000000000000000e+02 4.626457020640373230e-02 6.567633152008056641e-02
3.570000000000000000e+02 4.622581601142883301e-02 6.565308570861816406e-02
3.580000000000000000e+02 4.619712382555007935e-02 6.549937278032302856e-02
3.590000000000000000e+02 4.616791754961013794e-02 6.560864299535751343e-02
3.600000000000000000e+02 4.613736644387245178e-02 6.547468155622482300e-02
3.610000000000000000e+02 4.609494283795356750e-02 6.552327424287796021e-02
3.620000000000000000e+02 4.606290906667709351e-02 6.528609246015548706e-02
3.630000000000000000e+02 4.605329781770706177e-02 6.545618921518325806e-02
3.640000000000000000e+02 4.597081616520881653e-02 6.530398130416870117e-02
3.650000000000000000e+02 4.596307128667831421e-02 6.536924839019775391e-02
3.660000000000000000e+02 4.590133205056190491e-02 6.532229483127593994e-02
3.670000000000000000e+02 4.589191451668739319e-02 6.526879966259002686e-02
3.680000000000000000e+02 4.584856703877449036e-02 6.522163003683090210e-02
3.690000000000000000e+02 4.584759846329689026e-02 6.527541577816009521e-02
3.700000000000000000e+02 4.582083597779273987e-02 6.515678763389587402e-02
3.710000000000000000e+02 4.578608274459838867e-02 6.506791710853576660e-02
3.720000000000000000e+02 4.573710635304450989e-02 6.505066156387329102e-02
3.730000000000000000e+02 4.571614414453506470e-02 6.511238962411880493e-02
3.740000000000000000e+02 4.568967223167419434e-02 6.493455916643142700e-02
3.750000000000000000e+02 4.567480832338333130e-02 6.504962593317031860e-02
3.760000000000000000e+02 4.563183337450027466e-02 6.486143171787261963e-02
3.770000000000000000e+02 4.555353894829750061e-02 6.497947871685028076e-02
3.780000000000000000e+02 4.554509371519088745e-02 6.486768275499343872e-02
3.790000000000000000e+02 4.554283618927001953e-02 6.467527896165847778e-02
3.800000000000000000e+02 4.553080350160598755e-02 6.462839245796203613e-02
3.810000000000000000e+02 4.545195028185844421e-02 6.475733220577239990e-02
3.820000000000000000e+02 4.544945433735847473e-02 6.468374282121658325e-02
3.830000000000000000e+02 4.536400735378265381e-02 6.462337821722030640e-02
3.840000000000000000e+02 4.540196806192398071e-02 6.461232900619506836e-02
3.850000000000000000e+02 4.534319788217544556e-02 6.445851922035217285e-02
3.860000000000000000e+02 4.530397802591323853e-02 6.458008289337158203e-02
3.870000000000000000e+02 4.530043154954910278e-02 6.434797495603561401e-02
3.880000000000000000e+02 4.526959359645843506e-02 6.447575986385345459e-02
3.890000000000000000e+02 4.527112096548080444e-02 6.439454108476638794e-02
3.900000000000000000e+02 4.520800337195396423e-02 6.445264816284179688e-02
3.910000000000000000e+02 4.519644007086753845e-02 6.419591605663299561e-02
3.920000000000000000e+02 4.513139650225639343e-02 6.429270654916763306e-02
3.930000000000000000e+02 4.513223096728324890e-02 6.408821046352386475e-02
3.940000000000000000e+02 4.512435942888259888e-02 6.420078128576278687e-02
3.950000000000000000e+02 4.510596394538879395e-02 6.415150314569473267e-02
3.960000000000000000e+02 4.506507888436317444e-02 6.396190077066421509e-02
3.970000000000000000e+02 4.497287794947624207e-02 6.409297138452529907e-02
3.980000000000000000e+02 4.502905532717704773e-02 6.403152644634246826e-02
3.990000000000000000e+02 4.495988041162490845e-02 6.393288820981979370e-02
4.000000000000000000e+02 4.492944106459617615e-02 6.402156502008438110e-02
4.010000000000000000e+02 4.489065706729888916e-02 6.382387131452560425e-02
4.020000000000000000e+02 4.484303668141365051e-02 6.379856914281845093e-02
4.030000000000000000e+02 4.485221207141876221e-02 6.385611742734909058e-02
4.040000000000000000e+02 4.476727172732353210e-02 6.378010660409927368e-02
4.050000000000000000e+02 4.482485353946685791e-02 6.389687210321426392e-02
4.060000000000000000e+02 4.476639255881309509e-02 6.375024467706680298e-02
4.070000000000000000e+02 4.476458951830863953e-02 6.375858932733535767e-02
4.080000000000000000e+02 4.469792917370796204e-02 6.368855386972427368e-02
4.090000000000000000e+02 4.466637969017028809e-02 6.368209421634674072e-02
4.100000000000000000e+02 4.468244686722755432e-02 6.359554082155227661e-02
4.110000000000000000e+02 4.463842511177062988e-02 6.349135190248489380e-02
4.120000000000000000e+02 4.460917040705680847e-02 6.353259086608886719e-02
4.130000000000000000e+02 4.460655152797698975e-02 6.338003277778625488e-02
4.140000000000000000e+02 4.453619569540023804e-02 6.348098814487457275e-02
4.150000000000000000e+02 4.456421360373497009e-02 6.344406306743621826e-02
4.160000000000000000e+02 4.450650140643119812e-02 6.326518207788467407e-02
4.170000000000000000e+02 4.449172690510749817e-02 6.341531127691268921e-02
4.180000000000000000e+02 4.441930726170539856e-02 6.341358274221420288e-02
4.190000000000000000e+02 4.444636404514312744e-02 6.341587007045745850e-02
4.200000000000000000e+02 4.439430311322212219e-02 6.316724419593811035e-02
4.210000000000000000e+02 4.436568915843963623e-02 6.310473382472991943e-02
4.220000000000000000e+02 4.433983936905860901e-02 6.334055215120315552e-02
4.230000000000000000e+02 4.433720558881759644e-02 6.319370120763778687e-02
4.240000000000000000e+02 4.427599161863327026e-02 6.311463564634323120e-02
4.250000000000000000e+02 4.429658129811286926e-02 6.309697031974792480e-02
4.260000000000000000e+02 4.426653310656547546e-02 6.294970214366912842e-02
4.270000000000000000e+02 4.423874989151954651e-02 6.303431093692779541e-02
4.280000000000000000e+02 4.421972483396530151e-02 6.301598995923995972e-02
4.290000000000000000e+02 4.417183250188827515e-02 6.285753846168518066e-02
4.300000000000000000e+02 4.414239898324012756e-02 6.288403272628784180e-02
4.310000000000000000e+02 4.412453994154930115e-02 6.289306282997131348e-02
4.320000000000000000e+02 4.413667693734169006e-02 6.260751187801361084e-02
4.330000000000000000e+02 4.410986602306365967e-02 6.276148557662963867e-02
4.340000000000000000e+02 4.410962760448455811e-02 6.268490850925445557e-02
4.350000000000000000e+02 4.406389221549034119e-02 6.274660676717758179e-02
4.360000000000000000e+02 4.397805407643318176e-02 6.258203089237213135e-02
4.370000000000000000e+02 4.400781914591789246e-02 6.271968781948089600e-02
4.380000000000000000e+02 4.403532296419143677e-02 6.270179152488708496e-02
4.390000000000000000e+02 4.399827122688293457e-02 6.252866238355636597e-02
4.400000000000000000e+02 4.387634992599487305e-02 6.253061443567276001e-02
4.410000000000000000e+02 4.388455301523208618e-02 6.251090019941329956e-02
4.420000000000000000e+02 4.388198256492614746e-02 6.249830499291419983e-02
4.430000000000000000e+02 4.385695233941078186e-02 6.241562217473983765e-02
4.440000000000000000e+02 4.380265623331069946e-02 6.242933869361877441e-02
4.450000000000000000e+02 4.382388666272163391e-02 6.241057068109512329e-02
4.460000000000000000e+02 4.376152157783508301e-02 6.235733255743980408e-02
4.470000000000000000e+02 4.372983425855636597e-02 6.246756762266159058e-02
4.480000000000000000e+02 4.374612495303153992e-02 6.227619200944900513e-02
4.490000000000000000e+02 4.367774724960327148e-02 6.236094236373901367e-02
4.500000000000000000e+02 4.365268722176551819e-02 6.220192834734916687e-02
4.510000000000000000e+02 4.368407279253005981e-02 6.219803169369697571e-02
4.520000000000000000e+02 4.366818815469741821e-02 6.221221387386322021e-02
4.530000000000000000e+02 4.360971972346305847e-02 6.206109747290611267e-02
4.540000000000000000e+02 4.362260922789573669e-02 6.204849109053611755e-02
4.550000000000000000e+02 4.355888068675994873e-02 6.207689642906188965e-02
4.560000000000000000e+02 4.356111213564872742e-02 6.212809309363365173e-02
4.570000000000000000e+02 4.353114590048789978e-02 6.199577823281288147e-02
4.580000000000000000e+02 4.347173124551773071e-02 6.208406388759613037e-02
4.590000000000000000e+02 4.351803660392761230e-02 6.202295795083045959e-02
4.600000000000000000e+02 4.346192255616188049e-02 6.195023655891418457e-02
4.610000000000000000e+02 4.343030601739883423e-02 6.196219846606254578e-02
4.620000000000000000e+02 4.344438016414642334e-02 6.191579997539520264e-02
4.630000000000000000e+02 4.340048134326934814e-02 6.181284785270690918e-02
4.640000000000000000e+02 4.338224604725837708e-02 6.189830973744392395e-02
4.650000000000000000e+02 4.334746673703193665e-02 6.191744655370712280e-02
4.660000000000000000e+02 4.331251978874206543e-02 6.169651076197624207e-02
4.670000000000000000e+02 4.329327866435050964e-02 6.169281527400016785e-02
4.680000000000000000e+02 4.326896369457244873e-02 6.179331988096237183e-02
4.690000000000000000e+02 4.330444335937500000e-02 6.156972050666809082e-02
4.700000000000000000e+02 4.326456412672996521e-02 6.154729798436164856e-02
4.710000000000000000e+02 4.321961477398872375e-02 6.139533221721649170e-02
4.720000000000000000e+02 4.319096729159355164e-02 6.145320832729339600e-02
4.730000000000000000e+02 4.320237785577774048e-02 6.155333667993545532e-02
4.740000000000000000e+02 4.318210855126380920e-02 6.142732873558998108e-02
4.750000000000000000e+02 4.316752403974533081e-02 6.154831498861312866e-02
4.760000000000000000e+02 4.314655065536499023e-02 6.150424107909202576e-02
4.770000000000000000e+02 4.309961199760437012e-02 6.121989712119102478e-02
4.780000000000000000e+02 4.307020455598831177e-02 6.134167313575744629e-02
4.790000000000000000e+02 4.300451278686523438e-02 6.134391203522682190e-02
4.800000000000000000e+02 4.296138137578964233e-02 6.135836988687515259e-02
4.810000000000000000e+02 4.299481213092803955e-02 6.130074337124824524e-02
4.820000000000000000e+02 4.299229010939598083e-02 6.127646937966346741e-02
4.830000000000000000e+02 4.297792911529541016e-02 6.127532199025154114e-02
4.840000000000000000e+02 4.293018206954002380e-02 6.114556267857551575e-02
4.850000000000000000e+02 4.290820658206939697e-02 6.120895221829414368e-02
4.860000000000000000e+02 4.289785027503967285e-02 6.112791970372200012e-02
4.870000000000000000e+02 4.285635054111480713e-02 6.110436841845512390e-02
4.880000000000000000e+02 4.275684058666229248e-02 6.106198206543922424e-02
4.890000000000000000e+02 4.280384629964828491e-02 6.085869297385215759e-02
4.900000000000000000e+02 4.281360656023025513e-02 6.098542734980583191e-02
4.910000000000000000e+02 4.276080429553985596e-02 6.104545295238494873e-02
4.920000000000000000e+02 4.273915663361549377e-02 6.104835495352745056e-02
4.930000000000000000e+02 4.269137606024742126e-02 6.094527244567871094e-02
4.940000000000000000e+02 4.265833273530006409e-02 6.073493883013725281e-02
4.950000000000000000e+02 4.267330840229988098e-02 6.087966635823249817e-02
4.960000000000000000e+02 4.264143854379653931e-02 6.068744510412216187e-02
4.970000000000000000e+02 4.259527102112770081e-02 6.067424640059471130e-02
4.980000000000000000e+02 4.259318113327026367e-02 6.066921353340148926e-02
4.990000000000000000e+02 4.257306829094886780e-02 6.073711067438125610e-02
5.000000000000000000e+02 4.251730069518089294e-02 6.077895686030387878e-02
5.010000000000000000e+02 4.249706864356994629e-02 6.046810746192932129e-02
5.020000000000000000e+02 4.247737675905227661e-02 6.062203645706176758e-02
5.030000000000000000e+02 4.245769232511520386e-02 6.060863658785820007e-02
5.040000000000000000e+02 4.245959594845771790e-02 6.062740087509155273e-02
5.050000000000000000e+02 4.243863373994827271e-02 6.040785834193229675e-02
5.060000000000000000e+02 4.244190454483032227e-02 6.060203164815902710e-02
5.070000000000000000e+02 4.235968366265296936e-02 6.043250113725662231e-02
5.080000000000000000e+02 4.237018525600433350e-02 6.045077741146087646e-02
5.090000000000000000e+02 4.233759269118309021e-02 6.043015792965888977e-02
5.100000000000000000e+02 4.228170216083526611e-02 6.047837436199188232e-02
5.110000000000000000e+02 4.222911223769187927e-02 6.046286597847938538e-02
5.120000000000000000e+02 4.223368689417839050e-02 6.033028662204742432e-02
5.130000000000000000e+02 4.221091419458389282e-02 6.032155081629753113e-02
5.140000000000000000e+02 4.227183014154434204e-02 6.011238694190979004e-02
5.150000000000000000e+02 4.219105467200279236e-02 6.025240942835807800e-02
5.160000000000000000e+02 4.215816035866737366e-02 6.010663509368896484e-02
5.170000000000000000e+02 4.218119010329246521e-02 6.007413938641548157e-02
5.180000000000000000e+02 4.217941686511039734e-02 6.013630703091621399e-02
5.190000000000000000e+02 4.214296862483024597e-02 6.013779342174530029e-02
5.200000000000000000e+02 4.204737022519111633e-02 6.002423912286758423e-02
5.210000000000000000e+02 4.208809882402420044e-02 6.011240184307098389e-02
5.220000000000000000e+02 4.209398478269577026e-02 6.001853570342063904e-02
5.230000000000000000e+02 4.211191087961196899e-02 6.002623960375785828e-02
5.240000000000000000e+02 4.206060618162155151e-02 6.001397594809532166e-02
5.250000000000000000e+02 4.202357679605484009e-02 6.002238392829895020e-02
5.260000000000000000e+02 4.200383275747299194e-02 5.994227901101112366e-02
5.270000000000000000e+02 4.196942225098609924e-02 5.992656201124191284e-02
5.280000000000000000e+02 4.197483509778976440e-02 5.991130322217941284e-02
5.290000000000000000e+02 4.194872081279754639e-02 5.987686291337013245e-02
5.300000000000000000e+02 4.192259535193443298e-02 6.005095690488815308e-02
5.310000000000000000e+02 4.191217944025993347e-02 5.984241515398025513e-02
5.320000000000000000e+02 4.189308732748031616e-02 5.971735715866088867e-02
5.330000000000000000e+02 4.181184619665145874e-02 5.975919589400291443e-02
5.340000000000000000e+02 4.183878377079963684e-02 5.983078852295875549e-02
5.350000000000000000e+02 4.181515052914619446e-02 5.978142097592353821e-02
5.360000000000000000e+02 4.178670421242713928e-02 5.954234674572944641e-02
5.370000000000000000e+02 4.176899418234825134e-02 5.968791246414184570e-02
5.380000000000000000e+02 4.181352257728576660e-02 5.971139296889305115e-02
5.390000000000000000e+02 4.180126264691352844e-02 5.976793169975280762e-02
5.400000000000000000e+02 4.172364994883537292e-02 5.974654108285903931e-02
5.410000000000000000e+02 4.170140996575355530e-02 5.973362922668457031e-02
5.420000000000000000e+02 4.171618446707725525e-02 5.951055511832237244e-02
5.430000000000000000e+02 4.169591888785362244e-02 5.958090350031852722e-02
5.440000000000000000e+02 4.175584018230438232e-02 5.953872203826904297e-02
5.450000000000000000e+02 4.167684167623519897e-02 5.951355025172233582e-02
5.460000000000000000e+02 4.160709306597709656e-02 5.946401879191398621e-02
5.470000000000000000e+02 4.165202006697654724e-02 5.946353450417518616e-02
5.480000000000000000e+02 4.158683121204376221e-02 5.951507389545440674e-02
5.490000000000000000e+02 4.161927476525306702e-02 5.959539115428924561e-02
5.500000000000000000e+02 4.162473976612091064e-02 5.954585596919059753e-02
5.510000000000000000e+02 4.156575351953506470e-02 5.954968929290771484e-02
5.520000000000000000e+02 4.155102744698524475e-02 5.945861339569091797e-02
5.530000000000000000e+02 4.153227806091308594e-02 5.954142287373542786e-02
5.540000000000000000e+02 4.154700040817260742e-02 5.940523371100425720e-02
5.550000000000000000e+02 4.149659723043441772e-02 5.936997383832931519e-02
5.560000000000000000e+02 4.153218492865562439e-02 5.935480818152427673e-02
5.570000000000000000e+02 4.144566506147384644e-02 5.943112820386886597e-02
5.580000000000000000e+02 4.148468002676963806e-02 5.938631668686866760e-02
5.590000000000000000e+02 4.145994782447814941e-02 5.941276624798774719e-02
5.600000000000000000e+02 4.143387824296951294e-02 5.926809459924697876e-02
5.610000000000000000e+02 4.138994216918945312e-02 5.933664739131927490e-02
5.620000000000000000e+02 4.142716899514198303e-02 5.932999402284622192e-02
5.630000000000000000e+02 4.142806306481361389e-02 5.915611237287521362e-02
5.640000000000000000e+02 4.139241576194763184e-02 5.923947319388389587e-02
5.650000000000000000e+02 4.138684272766113281e-02 5.913887545466423035e-02
5.660000000000000000e+02 4.132344946265220642e-02 5.924321338534355164e-02
5.670000000000000000e+02 4.134858399629592896e-02 5.914377048611640930e-02
5.680000000000000000e+02 4.130993783473968506e-02 5.903600156307220459e-02
5.690000000000000000e+02 4.131511971354484558e-02 5.910522863268852234e-02
5.700000000000000000e+02 4.132521152496337891e-02 5.919516459107398987e-02
5.710000000000000000e+02 4.127704724669456482e-02 5.909403041005134583e-02
5.720000000000000000e+02 4.125143587589263916e-02 5.917756631970405579e-02
5.730000000000000000e+02 4.124399647116661072e-02 5.892488732933998108e-02
5.740000000000000000e+02 4.127577692270278931e-02 5.905204266309738159e-02
5.750000000000000000e+02 4.127178341150283813e-02 5.911144614219665527e-02
5.760000000000000000e+02 4.125244542956352234e-02 5.914967507123947144e-02
5.770000000000000000e+02 4.119899868965148926e-02 5.890890583395957947e-02
5.780000000000000000e+02 4.120915010571479797e-02 5.882707238197326660e-02
5.790000000000000000e+02 4.116544872522354126e-02 5.899953469634056091e-02
5.800000000000000000e+02 4.116648435592651367e-02 5.890345200896263123e-02
5.810000000000000000e+02 4.115872830152511597e-02 5.897100269794464111e-02
5.820000000000000000e+02 4.120789095759391785e-02 5.909347534179687500e-02
5.830000000000000000e+02 4.112018272280693054e-02 5.884912982583045959e-02
5.840000000000000000e+02 4.110110923647880554e-02 5.897926166653633118e-02
5.850000000000000000e+02 4.111618548631668091e-02 5.887175351381301880e-02
5.860000000000000000e+02 4.110546037554740906e-02 5.892305821180343628e-02
5.870000000000000000e+02 4.107658937573432922e-02 5.910481140017509460e-02
