0.000000000000000000e+00 1.045834124088287354e-01 1.264249533414840698e-01
1.000000000000000000e+00 1.040726900100708008e-01 1.260375082492828369e-01
2.000000000000000000e+00 1.035540997982025146e-01 1.255558133125305176e-01
3.000000000000000000e+00 1.030333638191223145e-01 1.251735240221023560e-01
4.000000000000000000e+00 1.025275588035583496e-01 1.247463524341583252e-01
5.000000000000000000e+00 1.020024344325065613e-01 1.243456378579139709e-01
6.000000000000000000e+00 1.014922633767127991e-01 1.239156350493431091e-01
7.000000000000000000e+00 1.009720563888549805e-01 1.234765574336051941e-01
8.000000000000000000e+00 1.004434451460838318e-01 1.230496764183044434e-01
9.000000000000000000e+00 9.992465376853942871e-02 1.226327270269393921e-01
1.000000000000000000e+01 9.938555955886840820e-02 1.222283542156219482e-01
1.100000000000000000e+01 9.885043650865554810e-02 1.217957511544227600e-01
1.200000000000000000e+01 9.832067787647247314e-02 1.213627904653549194e-01
1.300000000000000000e+01 9.776885807514190674e-02 1.209206804633140564e-01
1.400000000000000000e+01 9.720596671104431152e-02 1.205417886376380920e-01
1.500000000000000000e+01 9.665454924106597900e-02 1.200542896986007690e-01
1.600000000000000000e+01 9.606711566448211670e-02 1.195917204022407532e-01
1.700000000000000000e+01 9.549109637737274170e-02 1.191719099879264832e-01
1.800000000000000000e+01 9.488841146230697632e-02 1.186743229627609253e-01
1.900000000000000000e+01 9.428510814905166626e-02 1.182092055678367615e-01
2.000000000000000000e+01 9.369054436683654785e-02 1.177168264985084534e-01
2.100000000000000000e+01 9.305395185947418213e-02 1.172221973538398743e-01
2.200000000000000000e+01 9.241854399442672729e-02 1.167693734169006348e-01
2.300000000000000000e+01 9.180175513029098511e-02 1.162702366709709167e-01
2.400000000000000000e+01 9.113132953643798828e-02 1.157760992646217346e-01
2.500000000000000000e+01 9.048257023096084595e-02 1.152371242642402649e-01
2.600000000000000000e+01 8.982104808092117310e-02 1.147748753428459167e-01
2.700000000000000000e+01 8.914323896169662476e-02 1.141844987869262695e-01
2.800000000000000000e+01 8.848623931407928467e-02 1.136835664510726929e-01
2.900000000000000000e+01 8.782646059989929199e-02 1.131833940744400024e-01
3.000000000000000000e+01 8.714967221021652222e-02 1.125853285193443298e-01
3.100000000000000000e+01 8.648683130741119385e-02 1.119994819164276123e-01
3.200000000000000000e+01 8.582399040460586548e-02 1.114645823836326599e-01
3.300000000000000000e+01 8.517492562532424927e-02 1.108849942684173584e-01
3.400000000000000000e+01 8.454128354787826538e-02 1.103088259696960449e-01
3.500000000000000000e+01 8.393280208110809326e-02 1.097786948084831238e-01
3.600000000000000000e+01 8.328203111886978149e-02 1.091901808977127075e-01
3.700000000000000000e+01 8.268635720014572144e-02 1.085898205637931824e-01
3.800000000000000000e+01 8.211053907871246338e-02 1.080990359187126160e-01
3.900000000000000000e+01 8.154039829969406128e-02 1.075278073549270630e-01
4.000000000000000000e+01 8.098530769348144531e-02 1.069354787468910217e-01
4.100000000000000000e+01 8.040628582239151001e-02 1.064111739397048950e-01
4.200000000000000000e+01 7.989083230495452881e-02 1.058541536331176758e-01
4.300000000000000000e+01 7.937480509281158447e-02 1.053027436137199402e-01
4.400000000000000000e+01 7.887244224548339844e-02 1.048164218664169312e-01
4.500000000000000000e+01 7.837433367967605591e-02 1.042616665363311768e-01
4.600000000000000000e+01 7.791282981634140015e-02 1.037864685058593750e-01
4.700000000000000000e+01 7.741587609052658081e-02 1.033144146203994751e-01
4.800000000000000000e+01 7.695568352937698364e-02 1.027861163020133972e-01
4.900000000000000000e+01 7.651811093091964722e-02 1.023863852024078369e-01
5.000000000000000000e+01 7.608261704444885254e-02 1.018301844596862793e-01
5.100000000000000000e+01 7.567960768938064575e-02 1.014053151011466980e-01
5.200000000000000000e+01 7.526616007089614868e-02 1.009383425116539001e-01
5.300000000000000000e+01 7.488259673118591309e-02 1.004560813307762146e-01
5.400000000000000000e+01 7.450892776250839233e-02 1.001337170600891113e-01
5.500000000000000000e+01 7.412822544574737549e-02 9.971183538436889648e-02
5.600000000000000000e+01 7.375204563140869141e-02 9.934139996767044067e-02
5.700000000000000000e+01 7.339164614677429199e-02 9.886487573385238647e-02
5.800000000000000000e+01 7.306297123432159424e-02 9.858264774084091187e-02
5.900000000000000000e+01 7.275356352329254150e-02 9.819411486387252808e-02
6.000000000000000000e+01 7.243613153696060181e-02 9.779408574104309082e-02
6.100000000000000000e+01 7.209612429141998291e-02 9.746373444795608521e-02
6.200000000000000000e+01 7.180713117122650146e-02 9.716867655515670776e-02
6.300000000000000000e+01 7.149896025657653809e-02 9.669272601604461670e-02
6.400000000000000000e+01 7.126084715127944946e-02 9.631428122520446777e-02
6.500000000000000000e+01 7.093402743339538574e-02 9.596247971057891846e-02
6.600000000000000000e+01 7.069528847932815552e-02 9.562200307846069336e-02
6.700000000000000000e+01 7.044301182031631470e-02 9.531205892562866211e-02
6.800000000000000000e+01 7.017272710800170898e-02 9.495928883552551270e-02
6.900000000000000000e+01 6.992267817258834839e-02 9.471055120229721069e-02
7.000000000000000000e+01 6.969913095235824585e-02 9.442802518606185913e-02
7.100000000000000000e+01 6.945841014385223389e-02 9.405905008316040039e-02
7.200000000000000000e+01 6.924382597208023071e-02 9.381256252527236938e-02
7.300000000000000000e+01 6.899491697549819946e-02 9.362716227769851685e-02
7.400000000000000000e+01 6.876304000616073608e-02 9.320623427629470825e-02
7.500000000000000000e+01 6.854494661092758179e-02 9.294840693473815918e-02
7.600000000000000000e+01 6.834959983825683594e-02 9.257946908473968506e-02
7.700000000000000000e+01 6.814011186361312866e-02 9.234242886304855347e-02
7.800000000000000000e+01 6.794147938489913940e-02 9.207935631275177002e-02
7.900000000000000000e+01 6.775075197219848633e-02 9.189955145120620728e-02
8.000000000000000000e+01 6.757828593254089355e-02 9.161081910133361816e-02
8.100000000000000000e+01 6.736230850219726562e-02 9.138682484626770020e-02
8.200000000000000000e+01 6.717677414417266846e-02 9.112901240587234497e-02
8.300000000000000000e+01 6.694992631673812866e-02 9.105110168457031250e-02
8.400000000000000000e+01 6.676626950502395630e-02 9.058513492345809937e-02
8.500000000000000000e+01 6.659094244241714478e-02 9.050299227237701416e-02
8.600000000000000000e+01 6.637295335531234741e-02 9.021032601594924927e-02
8.700000000000000000e+01 6.622730940580368042e-02 8.998229354619979858e-02
8.800000000000000000e+01 6.603346019983291626e-02 8.980796486139297485e-02
8.900000000000000000e+01 6.587602943181991577e-02 8.953581750392913818e-02
9.000000000000000000e+01 6.566002219915390015e-02 8.940014243125915527e-02
9.100000000000000000e+01 6.555680185556411743e-02 8.911015093326568604e-02
9.200000000000000000e+01 6.536780297756195068e-02 8.904235064983367920e-02
9.300000000000000000e+01 6.521895527839660645e-02 8.881509304046630859e-02
9.400000000000000000e+01 6.505005061626434326e-02 8.861064165830612183e-02
9.500000000000000000e+01 6.483370810747146606e-02 8.845109492540359497e-02
9.600000000000000000e+01 6.471198052167892456e-02 8.814992755651473999e-02
9.700000000000000000e+01 6.451236456632614136e-02 8.798319101333618164e-02
9.800000000000000000e+01 6.438741832971572876e-02 8.772874623537063599e-02
9.900000000000000000e+01 6.417171657085418701e-02 8.760455250740051270e-02
1.000000000000000000e+02 6.408250331878662109e-02 8.724724501371383667e-02
1.010000000000000000e+02 6.385450810194015503e-02 8.716654032468795776e-02
1.020000000000000000e+02 6.374363601207733154e-02 8.687475323677062988e-02
1.030000000000000000e+02 6.355048716068267822e-02 8.673035353422164917e-02
1.040000000000000000e+02 6.345047056674957275e-02 8.650766313076019287e-02
1.050000000000000000e+02 6.325755268335342407e-02 8.642522990703582764e-02
1.060000000000000000e+02 6.316033005714416504e-02 8.623962849378585815e-02
1.070000000000000000e+02 6.297557055950164795e-02 8.608172833919525146e-02
1.080000000000000000e+02 6.286624073982238770e-02 8.574759960174560547e-02
1.090000000000000000e+02 6.268815696239471436e-02 8.569081872701644897e-02
1.100000000000000000e+02 6.254661083221435547e-02 8.530143648386001587e-02
1.110000000000000000e+02 6.241722032427787781e-02 8.527502417564392090e-02
1.120000000000000000e+02 6.231612712144851685e-02 8.507950603961944580e-02
1.130000000000000000e+02 6.213040649890899658e-02 8.491477370262145996e-02
1.140000000000000000e+02 6.201745197176933289e-02 8.466698974370956421e-02
1.150000000000000000e+02 6.189683824777603149e-02 8.455357700586318970e-02
1.160000000000000000e+02 6.173979863524436951e-02 8.439620584249496460e-02
1.170000000000000000e+02 6.159650906920433044e-02 8.405615389347076416e-02
1.180000000000000000e+02 6.147452816367149353e-02 8.390118926763534546e-02
1.190000000000000000e+02 6.132290139794349670e-02 8.378877490758895874e-02
1.200000000000000000e+02 6.118429824709892273e-02 8.352666348218917847e-02
1.210000000000000000e+02 6.111927703022956848e-02 8.354416489601135254e-02
1.220000000000000000e+02 6.093371659517288208e-02 8.325768262147903442e-02
1.230000000000000000e+02 6.083270907402038574e-02 8.310648053884506226e-02
1.240000000000000000e+02 6.071502715349197388e-02 8.286624401807785034e-02
1.250000000000000000e+02 6.056714057922363281e-02 8.259630203247070312e-02
1.260000000000000000e+02 6.044736504554748535e-02 8.265443891286849976e-02
1.270000000000000000e+02 6.032691150903701782e-02 8.247724175453186035e-02
1.280000000000000000e+02 6.016286835074424744e-02 8.220291137695312500e-02
1.290000000000000000e+02 6.007923185825347900e-02 8.212212473154067993e-02
1.300000000000000000e+02 5.999353900551795959e-02 8.193761110305786133e-02
1.310000000000000000e+02 5.989740416407585144e-02 8.178184181451797485e-02
1.320000000000000000e+02 5.972925201058387756e-02 8.154555410146713257e-02
1.330000000000000000e+02 5.961005389690399170e-02 8.145053684711456299e-02
1.340000000000000000e+02 5.955990403890609741e-02 8.128998428583145142e-02
1.350000000000000000e+02 5.936117842793464661e-02 8.120854198932647705e-02
1.360000000000000000e+02 5.927992612123489380e-02 8.106676489114761353e-02
1.370000000000000000e+02 5.917310342192649841e-02 8.083088696002960205e-02
1.380000000000000000e+02 5.905671790242195129e-02 8.073101937770843506e-02
1.390000000000000000e+02 5.896010622382164001e-02 8.052792400121688843e-02
1.400000000000000000e+02 5.886263772845268250e-02 8.050880581140518188e-02
1.410000000000000000e+02 5.875923484563827515e-02 8.035776019096374512e-02
1.420000000000000000e+02 5.863955989480018616e-02 8.023696392774581909e-02
1.430000000000000000e+02 5.855127796530723572e-02 8.005269616842269897e-02
1.440000000000000000e+02 5.847473070025444031e-02 7.992294430732727051e-02
1.450000000000000000e+02 5.835288017988204956e-02 7.986591011285781860e-02
1.460000000000000000e+02 5.825337395071983337e-02 7.953155040740966797e-02
1.470000000000000000e+02 5.822897702455520630e-02 7.949172705411911011e-02
1.480000000000000000e+02 5.812011659145355225e-02 7.934413850307464600e-02
1.490000000000000000e+02 5.800390616059303284e-02 7.925921678543090820e-02
1.500000000000000000e+02 5.792764574289321899e-02 7.913021743297576904e-02
1.510000000000000000e+02 5.778695642948150635e-02 7.890415191650390625e-02
1.520000000000000000e+02 5.771611630916595459e-02 7.896306365728378296e-02
1.530000000000000000e+02 5.767197906970977783e-02 7.879493385553359985e-02
1.540000000000000000e+02 5.749337375164031982e-02 7.866702228784561157e-02
1.550000000000000000e+02 5.750148743391036987e-02 7.857315987348556519e-02
1.560000000000000000e+02 5.736399441957473755e-02 7.842427492141723633e-02
1.570000000000000000e+02 5.730570852756500244e-02 7.819274812936782837e-02
1.580000000000000000e+02 5.714095383882522583e-02 7.828728109598159790e-02
1.590000000000000000e+02 5.709074437618255615e-02 7.822058349847793579e-02
1.600000000000000000e+02 5.696587637066841125e-02 7.803022116422653198e-02
1.610000000000000000e+02 5.694203451275825500e-02 7.785254716873168945e-02
1.620000000000000000e+02 5.680373683571815491e-02 7.779224961996078491e-02
1.630000000000000000e+02 5.673545226454734802e-02 7.769745588302612305e-02
1.640000000000000000e+02 5.663643032312393188e-02 7.771703600883483887e-02
1.650000000000000000e+02 5.656071379780769348e-02 7.731065154075622559e-02
1.660000000000000000e+02 5.650146305561065674e-02 7.745216041803359985e-02
1.670000000000000000e+02 5.643305927515029907e-02 7.717991620302200317e-02
1.680000000000000000e+02 5.627766624093055725e-02 7.715795189142227173e-02
1.690000000000000000e+02 5.617991089820861816e-02 7.714457809925079346e-02
1.700000000000000000e+02 5.622505396604537964e-02 7.698026299476623535e-02
1.710000000000000000e+02 5.606842413544654846e-02 7.675205916166305542e-02
1.720000000000000000e+02 5.596362054347991943e-02 7.673550397157669067e-02
1.730000000000000000e+02 5.586937069892883301e-02 7.678636908531188965e-02
1.740000000000000000e+02 5.586760118603706360e-02 7.661043107509613037e-02
1.750000000000000000e+02 5.577810108661651611e-02 7.652119547128677368e-02
1.760000000000000000e+02 5.567365884780883789e-02 7.644085586071014404e-02
1.770000000000000000e+02 5.558612197637557983e-02 7.636521756649017334e-02
1.780000000000000000e+02 5.550422146916389465e-02 7.635939121246337891e-02
1.790000000000000000e+02 5.545438081026077271e-02 7.612469792366027832e-02
1.800000000000000000e+02 5.535624548792839050e-02 7.606877386569976807e-02
1.810000000000000000e+02 5.528996884822845459e-02 7.593707740306854248e-02
1.820000000000000000e+02 5.520957708358764648e-02 7.572800666093826294e-02
1.830000000000000000e+02 5.512826889753341675e-02 7.574012130498886108e-02
1.840000000000000000e+02 5.504725500941276550e-02 7.580700516700744629e-02
1.850000000000000000e+02 5.494932830333709717e-02 7.562138885259628296e-02
1.860000000000000000e+02 5.489563941955566406e-02 7.553333789110183716e-02
1.870000000000000000e+02 5.484994500875473022e-02 7.554018497467041016e-02
1.880000000000000000e+02 5.475133657455444336e-02 7.536649703979492188e-02
1.890000000000000000e+02 5.472281947731971741e-02 7.524749636650085449e-02
1.900000000000000000e+02 5.464594066143035889e-02 7.525298744440078735e-02
1.910000000000000000e+02 5.458753183484077454e-02 7.512691617012023926e-02
1.920000000000000000e+02 5.453738942742347717e-02 7.499447464942932129e-02
1.930000000000000000e+02 5.437468737363815308e-02 7.489459216594696045e-02
1.940000000000000000e+02 5.434245988726615906e-02 7.476199418306350708e-02
1.950000000000000000e+02 5.430458113551139832e-02 7.482361048460006714e-02
1.960000000000000000e+02 5.427825450897216797e-02 7.468529045581817627e-02
1.970000000000000000e+02 5.413613468408584595e-02 7.460103929042816162e-02
1.980000000000000000e+02 5.409291759133338928e-02 7.459606975317001343e-02
1.990000000000000000e+02 5.403739586472511292e-02 7.443556189537048340e-02
2.000000000000000000e+02 5.392953380942344666e-02 7.448717951774597168e-02
2.010000000000000000e+02 5.386969074606895447e-02 7.430669665336608887e-02
2.020000000000000000e+02 5.380706861615180969e-02 7.428411394357681274e-02
2.030000000000000000e+02 5.371059477329254150e-02 7.424014061689376831e-02
2.040000000000000000e+02 5.367005243897438049e-02 7.411435991525650024e-02
2.050000000000000000e+02 5.361873283982276917e-02 7.409410923719406128e-02
2.060000000000000000e+02 5.360009893774986267e-02 7.403721660375595093e-02
2.070000000000000000e+02 5.346641689538955688e-02 7.417378574609756470e-02
2.080000000000000000e+02 5.344557017087936401e-02 7.394292205572128296e-02
2.090000000000000000e+02 5.335921794176101685e-02 7.380029559135437012e-02
2.100000000000000000e+02 5.340802296996116638e-02 7.373178005218505859e-02
2.110000000000000000e+02 5.327809974551200867e-02 7.353232800960540771e-02
2.120000000000000000e+02 5.316468700766563416e-02 7.353654503822326660e-02
2.130000000000000000e+02 5.319780483841896057e-02 7.335346192121505737e-02
2.140000000000000000e+02 5.308656767010688782e-02 7.353272289037704468e-02
2.150000000000000000e+02 5.299270525574684143e-02 7.325552403926849365e-02
2.160000000000000000e+02 5.292601138353347778e-02 7.325584441423416138e-02
2.170000000000000000e+02 5.291575193405151367e-02 7.312336564064025879e-02
2.180000000000000000e+02 5.283604562282562256e-02 7.320068776607513428e-02
2.190000000000000000e+02 5.277597904205322266e-02 7.321471720933914185e-02
2.200000000000000000e+02 5.277280136942863464e-02 7.292488217353820801e-02
2.210000000000000000e+02 5.264125391840934753e-02 7.301299273967742920e-02
2.220000000000000000e+02 5.259318649768829346e-02 7.296214997768402100e-02
2.230000000000000000e+02 5.260008201003074646e-02 7.285667210817337036e-02
2.240000000000000000e+02 5.247209966182708740e-02 7.296136021614074707e-02
2.250000000000000000e+02 5.241688713431358337e-02 7.261542975902557373e-02
2.260000000000000000e+02 5.238162726163864136e-02 7.274533808231353760e-02
2.270000000000000000e+02 5.234978348016738892e-02 7.248409092426300049e-02
2.280000000000000000e+02 5.229742079973220825e-02 7.259500026702880859e-02
2.290000000000000000e+02 5.226391553878784180e-02 7.242660969495773315e-02
2.300000000000000000e+02 5.218679830431938171e-02 7.263991981744766235e-02
2.310000000000000000e+02 5.209604650735855103e-02 7.243748754262924194e-02
2.320000000000000000e+02 5.209162831306457520e-02 7.224284112453460693e-02
2.330000000000000000e+02 5.200235173106193542e-02 7.230381667613983154e-02
2.340000000000000000e+02 5.191978812217712402e-02 7.238057255744934082e-02
2.350000000000000000e+02 5.187155306339263916e-02 7.231505960226058960e-02
2.360000000000000000e+02 5.190981924533843994e-02 7.216301560401916504e-02
2.370000000000000000e+02 5.177625641226768494e-02 7.208956778049468994e-02
2.380000000000000000e+02 5.177628248929977417e-02 7.217590510845184326e-02
2.390000000000000000e+02 5.166438966989517212e-02 7.208311557769775391e-02
2.400000000000000000e+02 5.164827778935432434e-02 7.201171666383743286e-02
2.410000000000000000e+02 5.157610401511192322e-02 7.185263186693191528e-02
2.420000000000000000e+02 5.157756805419921875e-02 7.177777588367462158e-02
2.430000000000000000e+02 5.159213393926620483e-02 7.167323678731918335e-02
2.440000000000000000e+02 5.143783614039421082e-02 7.177568972110748291e-02
2.450000000000000000e+02 5.141696333885192871e-02 7.155004143714904785e-02
2.460000000000000000e+02 5.135166272521018982e-02 7.159000635147094727e-02
2.470000000000000000e+02 5.125248059630393982e-02 7.147369533777236938e-02
2.480000000000000000e+02 5.125139653682708740e-02 7.147481292486190796e-02
2.490000000000000000e+02 5.125056579709053040e-02 7.137445360422134399e-02
2.500000000000000000e+02 5.110852792859077454e-02 7.151280343532562256e-02
2.510000000000000000e+02 5.115066841244697571e-02 7.126411795616149902e-02
2.520000000000000000e+02 5.096057057380676270e-02 7.124302536249160767e-02
2.530000000000000000e+02 5.101710930466651917e-02 7.128828018903732300e-02
2.540000000000000000e+02 5.090443044900894165e-02 7.116301357746124268e-02
2.550000000000000000e+02 5.086449161171913147e-02 7.116761803627014160e-02
2.560000000000000000e+02 5.079849436879158020e-02 7.104876637458801270e-02
2.570000000000000000e+02 5.082249641418457031e-02 7.089396566152572632e-02
2.580000000000000000e+02 5.066162720322608948e-02 7.086748629808425903e-02
2.590000000000000000e+02 5.066059157252311707e-02 7.087121903896331787e-02
2.600000000000000000e+02 5.063671618700027466e-02 7.078497856855392456e-02
2.610000000000000000e+02 5.062065273523330688e-02 7.079888135194778442e-02
2.620000000000000000e+02 5.052747949957847595e-02 7.085291296243667603e-02
2.630000000000000000e+02 5.048128589987754822e-02 7.082985341548919678e-02
2.640000000000000000e+02 5.039111524820327759e-02 7.077195495367050171e-02
2.650000000000000000e+02 5.033252015709877014e-02 7.054191082715988159e-02
2.660000000000000000e+02 5.035664886236190796e-02 7.066135108470916748e-02
2.670000000000000000e+02 5.028680711984634399e-02 7.055884599685668945e-02
2.680000000000000000e+02 5.026194453239440918e-02 7.044152915477752686e-02
2.690000000000000000e+02 5.023600906133651733e-02 7.052936404943466187e-02
2.700000000000000000e+02 5.016293749213218689e-02 7.044081389904022217e-02
2.710000000000000000e+02 5.011954531073570251e-02 7.047527283430099487e-02
2.720000000000000000e+02 5.007176101207733154e-02 7.015012949705123901e-02
2.730000000000000000e+02 5.001855641603469849e-02 7.040327787399291992e-02
2.740000000000000000e+02 4.995892941951751709e-02 7.012526690959930420e-02
2.750000000000000000e+02 4.983973130583763123e-02 7.020343840122222900e-02
2.760000000000000000e+02 4.987134784460067749e-02 7.006109505891799927e-02
2.770000000000000000e+02 4.982033744454383850e-02 7.005658000707626343e-02
2.780000000000000000e+02 4.975106567144393921e-02 7.000543177127838135e-02
2.790000000000000000e+02 4.972997307777404785e-02 7.007411867380142212e-02
2.800000000000000000e+02 4.969181120395660400e-02 7.011129707098007202e-02
2.810000000000000000e+02 4.963553696870803833e-02 6.985278427600860596e-02
2.820000000000000000e+02 4.967847838997840881e-02 6.977115571498870850e-02
2.830000000000000000e+02 4.957519844174385071e-02 6.985244154930114746e-02
2.840000000000000000e+02 4.953300580382347107e-02 6.982956081628799438e-02
2.850000000000000000e+02 4.945499822497367859e-02 6.984282284975051880e-02
2.860000000000000000e+02 4.941953718662261963e-02 6.974562257528305054e-02
2.870000000000000000e+02 4.932068288326263428e-02 6.961895525455474854e-02
2.880000000000000000e+02 4.932587593793869019e-02 6.975805014371871948e-02
2.890000000000000000e+02 4.923445731401443481e-02 6.965030729770660400e-02
2.900000000000000000e+02 4.922332987189292908e-02 6.958921253681182861e-02
2.910000000000000000e+02 4.921695962548255920e-02 6.954839080572128296e-02
2.920000000000000000e+02 4.913865774869918823e-02 6.942860037088394165e-02
2.930000000000000000e+02 4.910137504339218140e-02 6.937325000762939453e-02
2.940000000000000000e+02 4.905247688293457031e-02 6.936083734035491943e-02
2.950000000000000000e+02 4.902968183159828186e-02 6.942122429609298706e-02
2.960000000000000000e+02 4.894986748695373535e-02 6.936359405517578125e-02
2.970000000000000000e+02 4.895390570163726807e-02 6.916661560535430908e-02
2.980000000000000000e+02 4.888093471527099609e-02 6.928458064794540405e-02
2.990000000000000000e+02 4.885238409042358398e-02 6.929564476013183594e-02
3.000000000000000000e+02 4.879448562860488892e-02 6.900717318058013916e-02
3.010000000000000000e+02 4.872493073344230652e-02 6.915462762117385864e-02
3.020000000000000000e+02 4.875833913683891296e-02 6.907242536544799805e-02
3.030000000000000000e+02 4.870187863707542419e-02 6.900653988122940063e-02
3.040000000000000000e+02 4.862851649522781372e-02 6.895703822374343872e-02
3.050000000000000000e+02 4.866093024611473083e-02 6.896391510963439941e-02
3.060000000000000000e+02 4.858145862817764282e-02 6.885009258985519409e-02
3.070000000000000000e+02 4.851252213120460510e-02 6.880263984203338623e-02
3.080000000000000000e+02 4.844655841588973999e-02 6.883472949266433716e-02
3.090000000000000000e+02 4.840956628322601318e-02 6.874775886535644531e-02
3.100000000000000000e+02 4.838880151510238647e-02 6.866179406642913818e-02
3.110000000000000000e+02 4.831691831350326538e-02 6.853512674570083618e-02
3.120000000000000000e+02 4.830449074506759644e-02 6.873855739831924438e-02
3.130000000000000000e+02 4.827636107802391052e-02 6.873884052038192749e-02
3.140000000000000000e+02 4.823046177625656128e-02 6.858193129301071167e-02
3.150000000000000000e+02 4.809419438242912292e-02 6.858970969915390015e-02
3.160000000000000000e+02 4.810411483049392700e-02 6.857664138078689575e-02
3.170000000000000000e+02 4.815275594592094421e-02 6.841894984245300293e-02
3.180000000000000000e+02 4.809556156396865845e-02 6.830505281686782837e-02
3.190000000000000000e+02 4.808917269110679626e-02 6.842409819364547729e-02
3.200000000000000000e+02 4.801565408706665039e-02 6.844045221805572510e-02
3.210000000000000000e+02 4.798735678195953369e-02 6.835487484931945801e-02
3.220000000000000000e+02 4.790058359503746033e-02 6.826998293399810791e-02
3.230000000000000000e+02 4.789675772190093994e-02 6.827837228775024414e-02
3.240000000000000000e+02 4.787311330437660217e-02 6.830150634050369263e-02
3.250000000000000000e+02 4.781290516257286072e-02 6.811413168907165527e-02
3.260000000000000000e+02 4.769091680645942688e-02 6.836416572332382202e-02
3.270000000000000000e+02 4.771548509597778320e-02 6.801740825176239014e-02
3.280000000000000000e+02 4.776646569371223450e-02 6.794193387031555176e-02
3.290000000000000000e+02 4.766116663813591003e-02 6.798839569091796875e-02
3.300000000000000000e+02 4.765469953417778015e-02 6.799534708261489868e-02
3.310000000000000000e+02 4.756093025207519531e-02 6.794302910566329956e-02
3.320000000000000000e+02 4.750789701938629150e-02 6.797139346599578857e-02
3.330000000000000000e+02 4.743549600243568420e-02 6.783663481473922729e-02
3.340000000000000000e+02 4.742430150508880615e-02 6.784357875585556030e-02
3.350000000000000000e+02 4.745063185691833496e-02 6.773085147142410278e-02
3.360000000000000000e+02 4.735129326581954956e-02 6.780922412872314453e-02
3.370000000000000000e+02 4.738081246614456177e-02 6.772150844335556030e-02
3.380000000000000000e+02 4.733838513493537903e-02 6.778895854949951172e-02
3.390000000000000000e+02 4.726387560367584229e-02 6.761153787374496460e-02
3.400000000000000000e+02 4.729060456156730652e-02 6.752672046422958374e-02
3.410000000000000000e+02 4.724034294486045837e-02 6.753697246313095093e-02
3.420000000000000000e+02 4.719074815511703491e-02 6.751396507024765015e-02
3.430000000000000000e+02 4.709186404943466187e-02 6.749439239501953125e-02
3.440000000000000000e+02 4.710753262042999268e-02 6.762394309043884277e-02
3.450000000000000000e+02 4.705310985445976257e-02 6.734212487936019897e-02
3.460000000000000000e+02 4.698467627167701721e-02 6.748952716588973999e-02
3.470000000000000000e+02 4.696688428521156311e-02 6.718721240758895874e-02
3.480000000000000000e+02 4.696978256106376648e-02 6.736052036285400391e-02
3.490000000000000000e+02 4.693774133920669556e-02 6.716217845678329468e-02
3.500000000000000000e+02 4.685923457145690918e-02 6.734387576580047607e-02
3.510000000000000000e+02 4.682974517345428467e-02 6.702530384063720703e-02
3.520000000000000000e+02 4.679052531719207764e-02 6.704047322273254395e-02
3.530000000000000000e+02 4.680020734667778015e-02 6.718500703573226929e-02
3.540000000000000000e+02 4.679835587739944458e-02 6.720705330371856689e-02
3.550000000000000000e+02 4.668013378977775574e-02 6.708746403455734253e-02
3.560000000000000000e+02 4.668781533837318420e-02 6.692597270011901855e-02
3.570000000000000000e+02 4.657356068491935730e-02 6.715342402458190918e-02
3.580000000000000000e+02 4.663779586553573608e-02 6.698346883058547974e-02
3.590000000000000000e+02 4.653279855847358704e-02 6.680276989936828613e-02
3.600000000000000000e+02 4.652555286884307861e-02 6.690075248479843140e-02
3.610000000000000000e+02 4.643571004271507263e-02 6.685754656791687012e-02
3.620000000000000000e+02 4.647215828299522400e-02 6.669997423887252808e-02
3.630000000000000000e+02 4.640347138047218323e-02 6.678230315446853638e-02
3.640000000000000000e+02 4.640278220176696777e-02 6.671342253684997559e-02
3.650000000000000000e+02 4.629592597484588623e-02 6.660109013319015503e-02
3.660000000000000000e+02 4.634089395403862000e-02 6.669620424509048462e-02
3.670000000000000000e+02 4.626867175102233887e-02 6.666213274002075195e-02
3.680000000000000000e+02 4.626512527465820312e-02 6.661221385002136230e-02
3.690000000000000000e+02 4.625526070594787598e-02 6.650602072477340698e-02
3.700000000000000000e+02 4.628371074795722961e-02 6.659515202045440674e-02
3.710000000000000000e+02 4.612991586327552795e-02 6.646913290023803711e-02
3.720000000000000000e+02 4.614946618676185608e-02 6.648095697164535522e-02
3.730000000000000000e+02 4.611691832542419434e-02 6.629151105880737305e-02
3.740000000000000000e+02 4.607097059488296509e-02 6.637739390134811401e-02
3.750000000000000000e+02 4.602737724781036377e-02 6.625118851661682129e-02
3.760000000000000000e+02 4.599336534738540649e-02 6.626782566308975220e-02
3.770000000000000000e+02 4.591841250658035278e-02 6.622955948114395142e-02
3.780000000000000000e+02 4.592483490705490112e-02 6.620389223098754883e-02
3.790000000000000000e+02 4.592143744230270386e-02 6.609771400690078735e-02
3.800000000000000000e+02 4.583578929305076599e-02 6.629329174757003784e-02
3.810000000000000000e+02 4.578914120793342590e-02 6.610006093978881836e-02
3.820000000000000000e+02 4.581787809729576111e-02 6.612281501293182373e-02
3.830000000000000000e+02 4.574756324291229248e-02 6.599978357553482056e-02
3.840000000000000000e+02 4.568010568618774414e-02 6.592531502246856689e-02
3.850000000000000000e+02 4.567763954401016235e-02 6.598457694053649902e-02
3.860000000000000000e+02 4.566070064902305603e-02 6.594654172658920288e-02
3.870000000000000000e+02 4.564471542835235596e-02 6.593900173902511597e-02
3.880000000000000000e+02 4.560841992497444153e-02 6.583067774772644043e-02
3.890000000000000000e+02 4.556316509842872620e-02 6.574798375368118286e-02
3.900000000000000000e+02 4.553783684968948364e-02 6.567892432212829590e-02
3.910000000000000000e+02 4.552464559674263000e-02 6.576088815927505493e-02
3.920000000000000000e+02 4.548334702849388123e-02 6.573300808668136597e-02
3.930000000000000000e+02 4.542366787791252136e-02 6.575062870979309082e-02
3.940000000000000000e+02 4.546096175909042358e-02 6.563691794872283936e-02
3.950000000000000000e+02 4.534438252449035645e-02 6.564224511384963989e-02
3.960000000000000000e+02 4.538308829069137573e-02 6.561156362295150757e-02
3.970000000000000000e+02 4.537374526262283325e-02 6.556513905525207520e-02
3.980000000000000000e+02 4.528693482279777527e-02 6.565153598785400391e-02
3.990000000000000000e+02 4.521721228957176208e-02 6.558686494827270508e-02
4.000000000000000000e+02 4.526460915803909302e-02 6.553752720355987549e-02
4.010000000000000000e+02 4.516979679465293884e-02 6.549329310655593872e-02
4.020000000000000000e+02 4.517835751175880432e-02 6.528222560882568359e-02
4.030000000000000000e+02 4.514635726809501648e-02 6.537550687789916992e-02
4.040000000000000000e+02 4.514189809560775757e-02 6.543432921171188354e-02
4.050000000000000000e+02 4.507607221603393555e-02 6.530634313821792603e-02
4.060000000000000000e+02 4.510660097002983093e-02 6.541367620229721069e-02
4.070000000000000000e+02 4.507204890251159668e-02 6.525573134422302246e-02
4.080000000000000000e+02 4.495650529861450195e-02 6.532030552625656128e-02
4.090000000000000000e+02 4.500473663210868835e-02 6.515033543109893799e-02
4.100000000000000000e+02 4.494722560048103333e-02 6.520641595125198364e-02
4.110000000000000000e+02 4.491866752505302429e-02 6.518156081438064575e-02
4.120000000000000000e+02 4.489233344793319702e-02 6.502634286880493164e-02
4.130000000000000000e+02 4.489972814917564392e-02 6.501151621341705322e-02
4.140000000000000000e+02 4.480009898543357849e-02 6.508333235979080200e-02
4.150000000000000000e+02 4.483774304389953613e-02 6.504494696855545044e-02
4.160000000000000000e+02 4.474876075983047485e-02 6.491101533174514771e-02
4.170000000000000000e+02 4.472642019391059875e-02 6.494137644767761230e-02
4.180000000000000000e+02 4.473724588751792908e-02 6.478507071733474731e-02
4.190000000000000000e+02 4.471670836210250854e-02 6.498571485280990601e-02
4.200000000000000000e+02 4.473850503563880920e-02 6.493036448955535889e-02
4.210000000000000000e+02 4.466374590992927551e-02 6.482794880867004395e-02
4.220000000000000000e+02 4.465174302458763123e-02 6.471804529428482056e-02
4.230000000000000000e+02 4.462086409330368042e-02 6.474654376506805420e-02
4.240000000000000000e+02 4.450464248657226562e-02 6.476506590843200684e-02
4.250000000000000000e+02 4.454756900668144226e-02 6.472590565681457520e-02
4.260000000000000000e+02 4.444231465458869934e-02 6.459452956914901733e-02
4.270000000000000000e+02 4.451987892389297485e-02 6.465114653110504150e-02
4.280000000000000000e+02 4.442073777318000793e-02 6.471370905637741089e-02
4.290000000000000000e+02 4.438937082886695862e-02 6.447654217481613159e-02
4.300000000000000000e+02 4.438180476427078247e-02 6.444268673658370972e-02
4.310000000000000000e+02 4.439602047204971313e-02 6.442713737487792969e-02
4.320000000000000000e+02 4.440097883343696594e-02 6.458206474781036377e-02
4.330000000000000000e+02 4.437422007322311401e-02 6.451953947544097900e-02
4.340000000000000000e+02 4.430555924773216248e-02 6.453400105237960815e-02
4.350000000000000000e+02 4.431251063942909241e-02 6.448563933372497559e-02
4.360000000000000000e+02 4.429851099848747253e-02 6.434184312820434570e-02
4.370000000000000000e+02 4.427095130085945129e-02 6.430502235889434814e-02
4.380000000000000000e+02 4.424221813678741455e-02 6.438310444355010986e-02
4.390000000000000000e+02 4.416831582784652710e-02 6.424711644649505615e-02
4.400000000000000000e+02 4.417938366532325745e-02 6.430538743734359741e-02
4.410000000000000000e+02 4.414305463433265686e-02 6.436541676521301270e-02
4.420000000000000000e+02 4.410854727029800415e-02 6.428258866071701050e-02
4.430000000000000000e+02 4.408247768878936768e-02 6.417773663997650146e-02
4.440000000000000000e+02 4.405852034687995911e-02 6.415416300296783447e-02
4.450000000000000000e+02 4.404329508543014526e-02 6.404558569192886353e-02
4.460000000000000000e+02 4.403066262602806091e-02 6.415160000324249268e-02
4.470000000000000000e+02 4.405964910984039307e-02 6.402473896741867065e-02
4.480000000000000000e+02 4.403501376509666443e-02 6.414093077182769775e-02
4.490000000000000000e+02 4.396657273173332214e-02 6.401696056127548218e-02
4.500000000000000000e+02 4.395494237542152405e-02 6.400736421346664429e-02
4.510000000000000000e+02 4.390931874513626099e-02 6.398193538188934326e-02
4.520000000000000000e+02 4.392945393919944763e-02 6.382381916046142578e-02
4.530000000000000000e+02 4.383414238691329956e-02 6.396336108446121216e-02
4.540000000000000000e+02 4.386375471949577332e-02 6.378309428691864014e-02
4.550000000000000000e+02 4.381500557065010071e-02 6.395890563726425171e-02
4.560000000000000000e+02 4.380212724208831787e-02 6.398033350706100464e-02
4.570000000000000000e+02 4.376313462853431702e-02 6.384161859750747681e-02
4.580000000000000000e+02 4.380635172128677368e-02 6.378716230392456055e-02
4.590000000000000000e+02 4.377374798059463501e-02 6.379670649766921997e-02
4.600000000000000000e+02 4.367956891655921936e-02 6.367731839418411255e-02
4.610000000000000000e+02 4.367597401142120361e-02 6.359475106000900269e-02
4.620000000000000000e+02 4.367541149258613586e-02 6.375353038311004639e-02
4.630000000000000000e+02 4.360933974385261536e-02 6.356596946716308594e-02
4.640000000000000000e+02 4.363545775413513184e-02 6.367402523756027222e-02
4.650000000000000000e+02 4.353017359972000122e-02 6.367783993482589722e-02
4.660000000000000000e+02 4.356461018323898315e-02 6.359345465898513794e-02
4.670000000000000000e+02 4.355983063578605652e-02 6.360089033842086792e-02
4.680000000000000000e+02 4.353825002908706665e-02 6.344980001449584961e-02
4.690000000000000000e+02 4.350313916802406311e-02 6.346873939037322998e-02
4.700000000000000000e+02 4.350777342915534973e-02 6.351915746927261353e-02
4.710000000000000000e+02 4.347091168165206909e-02 6.341123580932617188e-02
4.720000000000000000e+02 4.346132278442382812e-02 6.353297084569931030e-02
4.730000000000000000e+02 4.337240755558013916e-02 6.344047188758850098e-02
4.740000000000000000e+02 4.339748620986938477e-02 6.345636397600173950e-02
4.750000000000000000e+02 4.338496923446655273e-02 6.336285173892974854e-02
4.760000000000000000e+02 4.335467144846916199e-02 6.341581791639328003e-02
4.770000000000000000e+02 4.332731664180755615e-02 6.334958970546722412e-02
4.780000000000000000e+02 4.334175214171409607e-02 6.338343769311904907e-02
4.790000000000000000e+02 4.330432787537574768e-02 6.335059553384780884e-02
4.800000000000000000e+02 4.331775382161140442e-02 6.335905194282531738e-02
4.810000000000000000e+02 4.321268945932388306e-02 6.335076689720153809e-02
4.820000000000000000e+02 4.326615855097770691e-02 6.327345967292785645e-02
4.830000000000000000e+02 4.327439516782760620e-02 6.303984671831130981e-02
4.840000000000000000e+02 4.317702725529670715e-02 6.318181753158569336e-02
4.850000000000000000e+02 4.314626380801200867e-02 6.321530789136886597e-02
4.860000000000000000e+02 4.313283041119575500e-02 6.314900517463684082e-02
4.870000000000000000e+02 4.314513877034187317e-02 6.313096731901168823e-02
4.880000000000000000e+02 4.314106330275535583e-02 6.306508928537368774e-02
4.890000000000000000e+02 4.312255978584289551e-02 6.318046152591705322e-02
4.900000000000000000e+02 4.307710006833076477e-02 6.300257891416549683e-02
4.910000000000000000e+02 4.311607033014297485e-02 6.299461424350738525e-02
4.920000000000000000e+02 4.303505271673202515e-02 6.306621432304382324e-02
4.930000000000000000e+02 4.307644814252853394e-02 6.297162175178527832e-02
4.940000000000000000e+02 4.302891716361045837e-02 6.285858154296875000e-02
4.950000000000000000e+02 4.301821440458297729e-02 6.298660486936569214e-02
4.960000000000000000e+02 4.295460507273674011e-02 6.291600316762924194e-02
4.970000000000000000e+02 4.294990375638008118e-02 6.285475194454193115e-02
4.980000000000000000e+02 4.294768348336219788e-02 6.295327842235565186e-02
4.990000000000000000e+02 4.296566545963287354e-02 6.298819184303283691e-02
5.000000000000000000e+02 4.289015755057334900e-02 6.272563338279724121e-02
5.010000000000000000e+02 4.288608953356742859e-02 6.283098459243774414e-02
5.020000000000000000e+02 4.292418807744979858e-02 6.283228099346160889e-02
5.030000000000000000e+02 4.275028407573699951e-02 6.274931132793426514e-02
5.040000000000000000e+02 4.281563311815261841e-02 6.284513324499130249e-02
5.050000000000000000e+02 4.281481355428695679e-02 6.272814422845840454e-02
5.060000000000000000e+02 4.277279973030090332e-02 6.271494925022125244e-02
5.070000000000000000e+02 4.279056936502456665e-02 6.266964226961135864e-02
5.080000000000000000e+02 4.274187237024307251e-02 6.279164552688598633e-02
5.090000000000000000e+02 4.271743819117546082e-02 6.265237182378768921e-02
5.100000000000000000e+02 4.272329062223434448e-02 6.260067224502563477e-02
5.110000000000000000e+02 4.272659495472908020e-02 6.260996311902999878e-02
5.120000000000000000e+02 4.271823167800903320e-02 6.259382516145706177e-02
5.130000000000000000e+02 4.269615560770034790e-02 6.251275539398193359e-02
5.140000000000000000e+02 4.264041408896446228e-02 6.256976723670959473e-02
5.150000000000000000e+02 4.262543097138404846e-02 6.263961642980575562e-02
5.160000000000000000e+02 4.260631650686264038e-02 6.248106062412261963e-02
5.170000000000000000e+02 4.264612868428230286e-02 6.240436807274818420e-02
5.180000000000000000e+02 4.257289692759513855e-02 6.233581900596618652e-02
5.190000000000000000e+02 4.258717224001884460e-02 6.241974979639053345e-02
5.200000000000000000e+02 4.253278300166130066e-02 6.225588917732238770e-02
5.210000000000000000e+02 4.256809875369071960e-02 6.223139911890029907e-02
5.220000000000000000e+02 4.250454902648925781e-02 6.238010525703430176e-02
5.230000000000000000e+02 4.247633367776870728e-02 6.225185841321945190e-02
5.240000000000000000e+02 4.246496036648750305e-02 6.232589483261108398e-02
5.250000000000000000e+02 4.250925034284591675e-02 6.231327727437019348e-02
5.260000000000000000e+02 4.238507151603698730e-02 6.219659000635147095e-02
5.270000000000000000e+02 4.243354499340057373e-02 6.221192330121994019e-02
5.280000000000000000e+02 4.235674813389778137e-02 6.220675259828567505e-02
5.290000000000000000e+02 4.239716753363609314e-02 6.210453063249588013e-02
5.300000000000000000e+02 4.238271713256835938e-02 6.216627731919288635e-02
5.310000000000000000e+02 4.233611747622489929e-02 6.228394806385040283e-02
5.320000000000000000e+02 4.233507439494132996e-02 6.214221939444541931e-02
5.330000000000000000e+02 4.235268384218215942e-02 6.209825724363327026e-02
5.340000000000000000e+02 4.231269657611846924e-02 6.205375120043754578e-02
5.350000000000000000e+02 4.230573773384094238e-02 6.211433932185173035e-02
5.360000000000000000e+02 4.228202998638153076e-02 6.205024942755699158e-02
5.370000000000000000e+02 4.229402914643287659e-02 6.200565025210380554e-02
5.380000000000000000e+02 4.229960218071937561e-02 6.205217912793159485e-02
5.390000000000000000e+02 4.223560914397239685e-02 6.205011904239654541e-02
5.400000000000000000e+02 4.222760349512100220e-02 6.195610761642456055e-02
5.410000000000000000e+02 4.221025109291076660e-02 6.190681457519531250e-02
5.420000000000000000e+02 4.222742095589637756e-02 6.201986968517303467e-02
5.430000000000000000e+02 4.217944666743278503e-02 6.194019317626953125e-02
5.440000000000000000e+02 4.211645573377609253e-02 6.193729117512702942e-02
5.450000000000000000e+02 4.211389645934104919e-02 6.181415542960166931e-02
5.460000000000000000e+02 4.209219664335250854e-02 6.179667636752128601e-02
5.470000000000000000e+02 4.208518937230110168e-02 6.178488954901695251e-02
5.480000000000000000e+02 4.211381822824478149e-02 6.185656040906906128e-02
5.490000000000000000e+02 4.210874065756797791e-02 6.172561645507812500e-02
5.500000000000000000e+02 4.202781245112419128e-02 6.187022477388381958e-02
5.510000000000000000e+02 4.200360924005508423e-02 6.168192252516746521e-02
5.520000000000000000e+02 4.200809076428413391e-02 6.176336109638214111e-02
5.530000000000000000e+02 4.204321652650833130e-02 6.167729571461677551e-02
5.540000000000000000e+02 4.203487187623977661e-02 6.173723563551902771e-02
5.550000000000000000e+02 4.199463129043579102e-02 6.169442459940910339e-02
5.560000000000000000e+02 4.202123731374740601e-02 6.160825490951538086e-02
5.570000000000000000e+02 4.200532659888267517e-02 6.146920844912528992e-02
5.580000000000000000e+02 4.190525040030479431e-02 6.149974465370178223e-02
5.590000000000000000e+02 4.190549999475479126e-02 6.146968156099319458e-02
5.600000000000000000e+02 4.189412668347358704e-02 6.155659258365631104e-02
5.610000000000000000e+02 4.190296307206153870e-02 6.157050654292106628e-02
5.620000000000000000e+02 4.189324006438255310e-02 6.146508082747459412e-02
5.630000000000000000e+02 4.190891236066818237e-02 6.148967146873474121e-02
5.640000000000000000e+02 4.183995723724365234e-02 6.150968372821807861e-02
5.650000000000000000e+02 4.186905175447463989e-02 6.153060868382453918e-02
5.660000000000000000e+02 4.182398319244384766e-02 6.148035079240798950e-02
5.670000000000000000e+02 4.176955670118331909e-02 6.140912324190139771e-02
5.680000000000000000e+02 4.182946309447288513e-02 6.136399134993553162e-02
5.690000000000000000e+02 4.179753363132476807e-02 6.138440221548080444e-02
5.700000000000000000e+02 4.177046567201614380e-02 6.131064519286155701e-02
5.710000000000000000e+02 4.170707985758781433e-02 6.127021461725234985e-02
5.720000000000000000e+02 4.170177876949310303e-02 6.134121865034103394e-02
5.730000000000000000e+02 4.173640906810760498e-02 6.110052764415740967e-02
5.740000000000000000e+02 4.173462092876434326e-02 6.105710566043853760e-02
5.750000000000000000e+02 4.173296689987182617e-02 6.118275597691535950e-02
5.760000000000000000e+02 4.163939878344535828e-02 6.124663352966308594e-02
5.770000000000000000e+02 4.162265732884407043e-02 6.126445159316062927e-02
5.780000000000000000e+02 4.163992404937744141e-02 6.107214465737342834e-02
5.790000000000000000e+02 4.167932271957397461e-02 6.112626940011978149e-02
5.800000000000000000e+02 4.164607450366020203e-02 6.111212074756622314e-02
5.810000000000000000e+02 4.161515831947326660e-02 6.119749695062637329e-02
5.820000000000000000e+02 4.161943495273590088e-02 6.119716167449951172e-02
5.830000000000000000e+02 4.159346222877502441e-02 6.125118210911750793e-02
