0.000000000000000000e+00 1.031243503093719482e-01 1.247287020087242126e-01
1.000000000000000000e+00 1.025444641709327698e-01 1.242842003703117371e-01
2.000000000000000000e+00 1.019697114825248718e-01 1.238308027386665344e-01
3.000000000000000000e+00 1.014056950807571411e-01 1.233643516898155212e-01
4.000000000000000000e+00 1.008490249514579773e-01 1.229205727577209473e-01
5.000000000000000000e+00 1.003104150295257568e-01 1.225246936082839966e-01
6.000000000000000000e+00 9.977817535400390625e-02 1.220653951168060303e-01
7.000000000000000000e+00 9.926209598779678345e-02 1.216569244861602783e-01
8.000000000000000000e+00 9.873053431510925293e-02 1.212607100605964661e-01
9.000000000000000000e+00 9.821635484695434570e-02 1.208270043134689331e-01
1.000000000000000000e+01 9.770969301462173462e-02 1.204692721366882324e-01
1.100000000000000000e+01 9.720655530691146851e-02 1.200037375092506409e-01
1.200000000000000000e+01 9.670986235141754150e-02 1.196344196796417236e-01
1.300000000000000000e+01 9.619957208633422852e-02 1.192237660288810730e-01
1.400000000000000000e+01 9.569855034351348877e-02 1.188007146120071411e-01
1.500000000000000000e+01 9.521641582250595093e-02 1.184037551283836365e-01
1.600000000000000000e+01 9.471330046653747559e-02 1.180365681648254395e-01
1.700000000000000000e+01 9.422736614942550659e-02 1.175711750984191895e-01
1.800000000000000000e+01 9.372345358133316040e-02 1.171807870268821716e-01
1.900000000000000000e+01 9.324257075786590576e-02 1.167528778314590454e-01
2.000000000000000000e+01 9.273143112659454346e-02 1.163055002689361572e-01
2.100000000000000000e+01 9.222579747438430786e-02 1.158783733844757080e-01
2.200000000000000000e+01 9.172861278057098389e-02 1.154644191265106201e-01
2.300000000000000000e+01 9.120738506317138672e-02 1.149768605828285217e-01
2.400000000000000000e+01 9.072392433881759644e-02 1.145018339157104492e-01
2.500000000000000000e+01 9.019894152879714966e-02 1.140445843338966370e-01
2.600000000000000000e+01 8.968389779329299927e-02 1.135827153921127319e-01
2.700000000000000000e+01 8.918370306491851807e-02 1.130988523364067078e-01
2.800000000000000000e+01 8.867213129997253418e-02 1.126032248139381409e-01
2.900000000000000000e+01 8.812663704156875610e-02 1.121754497289657593e-01
3.000000000000000000e+01 8.763530850410461426e-02 1.117041856050491333e-01
3.100000000000000000e+01 8.710319548845291138e-02 1.112376376986503601e-01
3.200000000000000000e+01 8.660801500082015991e-02 1.106960996985435486e-01
3.300000000000000000e+01 8.610053360462188721e-02 1.102286353707313538e-01
3.400000000000000000e+01 8.560583740472793579e-02 1.097442507743835449e-01
3.500000000000000000e+01 8.510682731866836548e-02 1.093008071184158325e-01
3.600000000000000000e+01 8.460508286952972412e-02 1.087890118360519409e-01
3.700000000000000000e+01 8.411639183759689331e-02 1.083239391446113586e-01
3.800000000000000000e+01 8.361718803644180298e-02 1.078548356890678406e-01
3.900000000000000000e+01 8.314048498868942261e-02 1.073512136936187744e-01
4.000000000000000000e+01 8.265761286020278931e-02 1.069541499018669128e-01
4.100000000000000000e+01 8.217326551675796509e-02 1.064926609396934509e-01
4.200000000000000000e+01 8.172830939292907715e-02 1.060981005430221558e-01
4.300000000000000000e+01 8.124749362468719482e-02 1.056189164519309998e-01
4.400000000000000000e+01 8.077258616685867310e-02 1.052055209875106812e-01
4.500000000000000000e+01 8.030068129301071167e-02 1.047735139727592468e-01
4.600000000000000000e+01 7.986299693584442139e-02 1.043377593159675598e-01
4.700000000000000000e+01 7.937612384557723999e-02 1.039225831627845764e-01
4.800000000000000000e+01 7.890259474515914917e-02 1.034954339265823364e-01
4.900000000000000000e+01 7.843863964080810547e-02 1.030848473310470581e-01
5.000000000000000000e+01 7.801511138677597046e-02 1.025956273078918457e-01
5.100000000000000000e+01 7.755009084939956665e-02 1.022553220391273499e-01
5.200000000000000000e+01 7.709354162216186523e-02 1.017252504825592041e-01
5.300000000000000000e+01 7.663129270076751709e-02 1.012981534004211426e-01
5.400000000000000000e+01 7.618968933820724487e-02 1.008545309305191040e-01
5.500000000000000000e+01 7.575974613428115845e-02 1.005068570375442505e-01
5.600000000000000000e+01 7.530723512172698975e-02 1.000769883394241333e-01
5.700000000000000000e+01 7.488898932933807373e-02 9.972848743200302124e-02
5.800000000000000000e+01 7.447107881307601929e-02 9.923706948757171631e-02
5.900000000000000000e+01 7.402241230010986328e-02 9.881061315536499023e-02
6.000000000000000000e+01 7.362766563892364502e-02 9.846073389053344727e-02
6.100000000000000000e+01 7.321368902921676636e-02 9.800110012292861938e-02
6.200000000000000000e+01 7.284161448478698730e-02 9.752513468265533447e-02
6.300000000000000000e+01 7.242289930582046509e-02 9.708301723003387451e-02
6.400000000000000000e+01 7.202873378992080688e-02 9.653218835592269897e-02
6.500000000000000000e+01 7.166729867458343506e-02 9.615913778543472290e-02
6.600000000000000000e+01 7.126453518867492676e-02 9.569964557886123657e-02
6.700000000000000000e+01 7.092640548944473267e-02 9.518957138061523438e-02
6.800000000000000000e+01 7.059956341981887817e-02 9.478446096181869507e-02
6.900000000000000000e+01 7.021999359130859375e-02 9.439820796251296997e-02
7.000000000000000000e+01 6.987614184617996216e-02 9.395111352205276489e-02
7.100000000000000000e+01 6.956356018781661987e-02 9.357668459415435791e-02
7.200000000000000000e+01 6.919153779745101929e-02 9.310684353113174438e-02
7.300000000000000000e+01 6.891494989395141602e-02 9.269711375236511230e-02
7.400000000000000000e+01 6.860595941543579102e-02 9.231644868850708008e-02
7.500000000000000000e+01 6.829955428838729858e-02 9.201566129922866821e-02
7.600000000000000000e+01 6.803593784570693970e-02 9.171745926141738892e-02
7.700000000000000000e+01 6.775882095098495483e-02 9.119053184986114502e-02
7.800000000000000000e+01 6.744859367609024048e-02 9.088032692670822144e-02
7.900000000000000000e+01 6.722062826156616211e-02 9.051273763179779053e-02
8.000000000000000000e+01 6.693967431783676147e-02 9.029176086187362671e-02
8.100000000000000000e+01 6.672200560569763184e-02 9.015848487615585327e-02
8.200000000000000000e+01 6.648859381675720215e-02 8.978956192731857300e-02
8.300000000000000000e+01 6.625802814960479736e-02 8.946134150028228760e-02
8.400000000000000000e+01 6.598833948373794556e-02 8.929225057363510132e-02
8.500000000000000000e+01 6.577163934707641602e-02 8.891555666923522949e-02
8.600000000000000000e+01 6.555992364883422852e-02 8.871987462043762207e-02
8.700000000000000000e+01 6.537046283483505249e-02 8.846110850572586060e-02
8.800000000000000000e+01 6.520288437604904175e-02 8.830266445875167847e-02
8.900000000000000000e+01 6.496580690145492554e-02 8.797636628150939941e-02
9.000000000000000000e+01 6.477233022451400757e-02 8.763339370489120483e-02
9.100000000000000000e+01 6.459079682826995850e-02 8.755495399236679077e-02
9.200000000000000000e+01 6.438930332660675049e-02 8.734810352325439453e-02
9.300000000000000000e+01 6.419121474027633667e-02 8.713532984256744385e-02
9.400000000000000000e+01 6.401555240154266357e-02 8.695399761199951172e-02
9.500000000000000000e+01 6.387270241975784302e-02 8.668281883001327515e-02
9.600000000000000000e+01 6.366823613643646240e-02 8.654219657182693481e-02
9.700000000000000000e+01 6.349140405654907227e-02 8.628435432910919189e-02
9.800000000000000000e+01 6.330700218677520752e-02 8.613127470016479492e-02
9.900000000000000000e+01 6.312443315982818604e-02 8.588959276676177979e-02
1.000000000000000000e+02 6.292368471622467041e-02 8.580204844474792480e-02
1.010000000000000000e+02 6.279349327087402344e-02 8.552472293376922607e-02
1.020000000000000000e+02 6.263841688632965088e-02 8.544573932886123657e-02
1.030000000000000000e+02 6.248332187533378601e-02 8.518274128437042236e-02
1.040000000000000000e+02 6.234965100884437561e-02 8.493068069219589233e-02
1.050000000000000000e+02 6.215081363916397095e-02 8.473155647516250610e-02
1.060000000000000000e+02 6.197969987988471985e-02 8.464144170284271240e-02
1.070000000000000000e+02 6.184168532490730286e-02 8.446586877107620239e-02
1.080000000000000000e+02 6.166299805045127869e-02 8.416853100061416626e-02
1.090000000000000000e+02 6.149922311305999756e-02 8.400975912809371948e-02
1.100000000000000000e+02 6.136190891265869141e-02 8.394894748926162720e-02
1.110000000000000000e+02 6.120877340435981750e-02 8.365488797426223755e-02
1.120000000000000000e+02 6.104065850377082825e-02 8.364626020193099976e-02
1.130000000000000000e+02 6.089683622121810913e-02 8.331447094678878784e-02
1.140000000000000000e+02 6.075597554445266724e-02 8.325555175542831421e-02
1.150000000000000000e+02 6.064181774854660034e-02 8.301710337400436401e-02
1.160000000000000000e+02 6.048185378313064575e-02 8.267753571271896362e-02
1.170000000000000000e+02 6.037176400423049927e-02 8.275111764669418335e-02
1.180000000000000000e+02 6.021069735288619995e-02 8.246088773012161255e-02
1.190000000000000000e+02 6.004875898361206055e-02 8.226127922534942627e-02
1.200000000000000000e+02 5.994469299912452698e-02 8.198922127485275269e-02
1.210000000000000000e+02 5.982888117432594299e-02 8.195886760950088501e-02
1.220000000000000000e+02 5.972331017255783081e-02 8.162493258714675903e-02
1.230000000000000000e+02 5.957340076565742493e-02 8.162222057580947876e-02
1.240000000000000000e+02 5.946469679474830627e-02 8.136666566133499146e-02
1.250000000000000000e+02 5.932168290019035339e-02 8.144342899322509766e-02
1.260000000000000000e+02 5.916876345872879028e-02 8.106417953968048096e-02
1.270000000000000000e+02 5.902409553527832031e-02 8.093357086181640625e-02
1.280000000000000000e+02 5.893554538488388062e-02 8.077508956193923950e-02
1.290000000000000000e+02 5.884848535060882568e-02 8.063559979200363159e-02
1.300000000000000000e+02 5.873132497072219849e-02 8.056064695119857788e-02
1.310000000000000000e+02 5.860415846109390259e-02 8.036839962005615234e-02
1.320000000000000000e+02 5.851478874683380127e-02 8.017741888761520386e-02
1.330000000000000000e+02 5.841008573770523071e-02 8.016417175531387329e-02
1.340000000000000000e+02 5.829825997352600098e-02 7.998997718095779419e-02
1.350000000000000000e+02 5.821992084383964539e-02 7.979340106248855591e-02
1.360000000000000000e+02 5.807822570204734802e-02 7.971491664648056030e-02
1.370000000000000000e+02 5.796748772263526917e-02 7.952885329723358154e-02
1.380000000000000000e+02 5.789300426840782166e-02 7.948152720928192139e-02
1.390000000000000000e+02 5.780087038874626160e-02 7.920849323272705078e-02
1.400000000000000000e+02 5.768042430281639099e-02 7.917941361665725708e-02
1.410000000000000000e+02 5.758080631494522095e-02 7.899505645036697388e-02
1.420000000000000000e+02 5.749206990003585815e-02 7.886057347059249878e-02
1.430000000000000000e+02 5.736403167247772217e-02 7.877929508686065674e-02
1.440000000000000000e+02 5.730871483683586121e-02 7.872334122657775879e-02
1.450000000000000000e+02 5.724019557237625122e-02 7.850059866905212402e-02
1.460000000000000000e+02 5.716667696833610535e-02 7.830202579498291016e-02
1.470000000000000000e+02 5.701531097292900085e-02 7.819852232933044434e-02
1.480000000000000000e+02 5.695845559239387512e-02 7.826691120862960815e-02
1.490000000000000000e+02 5.685159564018249512e-02 7.802241295576095581e-02
1.500000000000000000e+02 5.676311999559402466e-02 7.799977064132690430e-02
1.510000000000000000e+02 5.668677017092704773e-02 7.795754820108413696e-02
1.520000000000000000e+02 5.661038681864738464e-02 7.771843671798706055e-02
1.530000000000000000e+02 5.655261501669883728e-02 7.773691415786743164e-02
1.540000000000000000e+02 5.647903680801391602e-02 7.752510160207748413e-02
1.550000000000000000e+02 5.635565519332885742e-02 7.741354405879974365e-02
1.560000000000000000e+02 5.632680281996726990e-02 7.728350162506103516e-02
1.570000000000000000e+02 5.622631683945655823e-02 7.718509435653686523e-02
1.580000000000000000e+02 5.614950880408287048e-02 7.711420953273773193e-02
1.590000000000000000e+02 5.605194717645645142e-02 7.708010822534561157e-02
1.600000000000000000e+02 5.599660426378250122e-02 7.688687741756439209e-02
1.610000000000000000e+02 5.594933778047561646e-02 7.693961262702941895e-02
1.620000000000000000e+02 5.580121651291847229e-02 7.677166163921356201e-02
1.630000000000000000e+02 5.573035776615142822e-02 7.665485888719558716e-02
1.640000000000000000e+02 5.570922046899795532e-02 7.654275745153427124e-02
1.650000000000000000e+02 5.559739097952842712e-02 7.646264135837554932e-02
1.660000000000000000e+02 5.553654581308364868e-02 7.638659328222274780e-02
1.670000000000000000e+02 5.548239871859550476e-02 7.640702277421951294e-02
1.680000000000000000e+02 5.544106289744377136e-02 7.617998123168945312e-02
1.690000000000000000e+02 5.531078949570655823e-02 7.612183690071105957e-02
1.700000000000000000e+02 5.525346472859382629e-02 7.609928399324417114e-02
1.710000000000000000e+02 5.508052930235862732e-02 7.589266449213027954e-02
1.720000000000000000e+02 5.510454997420310974e-02 7.597947865724563599e-02
1.730000000000000000e+02 5.505858734250068665e-02 7.575335353612899780e-02
1.740000000000000000e+02 5.495553091168403625e-02 7.565885782241821289e-02
1.750000000000000000e+02 5.490500852465629578e-02 7.552168518304824829e-02
1.760000000000000000e+02 5.479441210627555847e-02 7.539237290620803833e-02
1.770000000000000000e+02 5.480612441897392273e-02 7.551382482051849365e-02
1.780000000000000000e+02 5.470447987318038940e-02 7.538659125566482544e-02
1.790000000000000000e+02 5.462284013628959656e-02 7.528323680162429810e-02
1.800000000000000000e+02 5.456291884183883667e-02 7.525819540023803711e-02
1.810000000000000000e+02 5.448035150766372681e-02 7.533300668001174927e-02
1.820000000000000000e+02 5.443337559700012207e-02 7.500609755516052246e-02
1.830000000000000000e+02 5.436044186353683472e-02 7.489375025033950806e-02
1.840000000000000000e+02 5.427642166614532471e-02 7.485244423151016235e-02
1.850000000000000000e+02 5.420041456818580627e-02 7.485821843147277832e-02
1.860000000000000000e+02 5.420916527509689331e-02 7.478643953800201416e-02
1.870000000000000000e+02 5.411733314394950867e-02 7.472699135541915894e-02
1.880000000000000000e+02 5.404091626405715942e-02 7.465723156929016113e-02
1.890000000000000000e+02 5.398159846663475037e-02 7.446178793907165527e-02
1.900000000000000000e+02 5.385762825608253479e-02 7.448389381170272827e-02
1.910000000000000000e+02 5.382603406906127930e-02 7.439027726650238037e-02
1.920000000000000000e+02 5.379269272089004517e-02 7.449126243591308594e-02
1.930000000000000000e+02 5.374028906226158142e-02 7.417470216751098633e-02
1.940000000000000000e+02 5.363745242357254028e-02 7.428918778896331787e-02
1.950000000000000000e+02 5.355711281299591064e-02 7.414525747299194336e-02
1.960000000000000000e+02 5.355050414800643921e-02 7.396607100963592529e-02
1.970000000000000000e+02 5.345324799418449402e-02 7.377750426530838013e-02
1.980000000000000000e+02 5.337377637624740601e-02 7.393674552440643311e-02
1.990000000000000000e+02 5.330884456634521484e-02 7.388647645711898804e-02
2.000000000000000000e+02 5.326302349567413330e-02 7.373777776956558228e-02
2.010000000000000000e+02 5.316336825489997864e-02 7.378391921520233154e-02
2.020000000000000000e+02 5.309945717453956604e-02 7.354854047298431396e-02
2.030000000000000000e+02 5.305768921971321106e-02 7.365806400775909424e-02
2.040000000000000000e+02 5.294684693217277527e-02 7.353932410478591919e-02
2.050000000000000000e+02 5.291758477687835693e-02 7.329452782869338989e-02
2.060000000000000000e+02 5.284058675169944763e-02 7.345276325941085815e-02
2.070000000000000000e+02 5.280189216136932373e-02 7.322783768177032471e-02
2.080000000000000000e+02 5.273578688502311707e-02 7.329726219177246094e-02
2.090000000000000000e+02 5.265814065933227539e-02 7.324128597974777222e-02
2.100000000000000000e+02 5.260389670729637146e-02 7.303673028945922852e-02
2.110000000000000000e+02 5.257402732968330383e-02 7.314878702163696289e-02
2.120000000000000000e+02 5.255467817187309265e-02 7.294455170631408691e-02
2.130000000000000000e+02 5.240699648857116699e-02 7.296638190746307373e-02
2.140000000000000000e+02 5.234312638640403748e-02 7.273072749376296997e-02
2.150000000000000000e+02 5.231276527047157288e-02 7.292302697896957397e-02
2.160000000000000000e+02 5.229859054088592529e-02 7.273130863904953003e-02
2.170000000000000000e+02 5.221616476774215698e-02 7.250202447175979614e-02
2.180000000000000000e+02 5.211272090673446655e-02 7.260347902774810791e-02
2.190000000000000000e+02 5.211744830012321472e-02 7.257066667079925537e-02
2.200000000000000000e+02 5.204509198665618896e-02 7.233476638793945312e-02
2.210000000000000000e+02 5.203442648053169250e-02 7.243103533983230591e-02
2.220000000000000000e+02 5.191050097346305847e-02 7.232917845249176025e-02
2.230000000000000000e+02 5.188924819231033325e-02 7.223842293024063110e-02
2.240000000000000000e+02 5.182744935154914856e-02 7.228583842515945435e-02
2.250000000000000000e+02 5.174300447106361389e-02 7.212343811988830566e-02
2.260000000000000000e+02 5.172707512974739075e-02 7.200223952531814575e-02
2.270000000000000000e+02 5.163721367716789246e-02 7.219658792018890381e-02
2.280000000000000000e+02 5.161256715655326843e-02 7.204502820968627930e-02
2.290000000000000000e+02 5.152779817581176758e-02 7.202023267745971680e-02
2.300000000000000000e+02 5.149556696414947510e-02 7.183476537466049194e-02
2.310000000000000000e+02 5.133648216724395752e-02 7.182817906141281128e-02
2.320000000000000000e+02 5.138079077005386353e-02 7.177805155515670776e-02
2.330000000000000000e+02 5.134093388915061951e-02 7.168798893690109253e-02
2.340000000000000000e+02 5.122270435094833374e-02 7.167039066553115845e-02
2.350000000000000000e+02 5.115941539406776428e-02 7.153985649347305298e-02
2.360000000000000000e+02 5.112586542963981628e-02 7.154956459999084473e-02
2.370000000000000000e+02 5.106964334845542908e-02 7.150155305862426758e-02
2.380000000000000000e+02 5.101859942078590393e-02 7.148718833923339844e-02
2.390000000000000000e+02 5.094800144433975220e-02 7.126548141241073608e-02
2.400000000000000000e+02 5.085991322994232178e-02 7.130137830972671509e-02
2.410000000000000000e+02 5.088168755173683167e-02 7.119558006525039673e-02
2.420000000000000000e+02 5.081349983811378479e-02 7.126010954380035400e-02
2.430000000000000000e+02 5.072970315814018250e-02 7.124995440244674683e-02
2.440000000000000000e+02 5.065915733575820923e-02 7.110080868005752563e-02
2.450000000000000000e+02 5.058621615171432495e-02 7.106683403253555298e-02
2.460000000000000000e+02 5.051833391189575195e-02 7.101843506097793579e-02
2.470000000000000000e+02 5.053593218326568604e-02 7.093471288681030273e-02
2.480000000000000000e+02 5.047213286161422729e-02 7.093483954668045044e-02
2.490000000000000000e+02 5.046242848038673401e-02 7.086402177810668945e-02
2.500000000000000000e+02 5.033840239048004150e-02 7.068491727113723755e-02
2.510000000000000000e+02 5.034983158111572266e-02 7.064608484506607056e-02
2.520000000000000000e+02 5.022986605763435364e-02 7.056457549333572388e-02
2.530000000000000000e+02 5.023363977670669556e-02 7.066408544778823853e-02
2.540000000000000000e+02 5.017211288213729858e-02 7.061311602592468262e-02
2.550000000000000000e+02 5.004736408591270447e-02 7.047554105520248413e-02
2.560000000000000000e+02 5.007905513048171997e-02 7.042323052883148193e-02
2.570000000000000000e+02 5.000309646129608154e-02 7.037097215652465820e-02
2.580000000000000000e+02 4.987726733088493347e-02 7.051040232181549072e-02
2.590000000000000000e+02 4.985233396291732788e-02 7.033467292785644531e-02
2.600000000000000000e+02 4.982448741793632507e-02 7.023835182189941406e-02
2.610000000000000000e+02 4.980832710862159729e-02 7.016064971685409546e-02
2.620000000000000000e+02 4.971311613917350769e-02 7.030491530895233154e-02
2.630000000000000000e+02 4.973277077078819275e-02 7.006885856389999390e-02
2.640000000000000000e+02 4.962031915783882141e-02 7.016754895448684692e-02
2.650000000000000000e+02 4.956718161702156067e-02 7.000041753053665161e-02
2.660000000000000000e+02 4.956712573766708374e-02 6.994517147541046143e-02
2.670000000000000000e+02 4.948421195149421692e-02 6.984800100326538086e-02
2.680000000000000000e+02 4.945657402276992798e-02 6.983906030654907227e-02
2.690000000000000000e+02 4.939081892371177673e-02 6.979101896286010742e-02
2.700000000000000000e+02 4.933735728263854980e-02 6.973557174205780029e-02
2.710000000000000000e+02 4.930364340543746948e-02 6.952576339244842529e-02
2.720000000000000000e+02 4.926402866840362549e-02 6.967895478010177612e-02
2.730000000000000000e+02 4.919146373867988586e-02 6.956899166107177734e-02
2.740000000000000000e+02 4.916306212544441223e-02 6.944774091243743896e-02
2.750000000000000000e+02 4.906127974390983582e-02 6.942106783390045166e-02
2.760000000000000000e+02 4.906228184700012207e-02 6.952122598886489868e-02
2.770000000000000000e+02 4.902021214365959167e-02 6.935629248619079590e-02
2.780000000000000000e+02 4.897784814238548279e-02 6.923667341470718384e-02
2.790000000000000000e+02 4.886941239237785339e-02 6.926596164703369141e-02
2.800000000000000000e+02 4.883411899209022522e-02 6.916659325361251831e-02
2.810000000000000000e+02 4.882895573973655701e-02 6.911224126815795898e-02
2.820000000000000000e+02 4.880907014012336731e-02 6.915749609470367432e-02
2.830000000000000000e+02 4.871860519051551819e-02 6.912688910961151123e-02
2.840000000000000000e+02 4.869219288229942322e-02 6.900370866060256958e-02
2.850000000000000000e+02 4.864398017525672913e-02 6.898729503154754639e-02
2.860000000000000000e+02 4.863637313246726990e-02 6.900551170110702515e-02
2.870000000000000000e+02 4.850940406322479248e-02 6.877015531063079834e-02
2.880000000000000000e+02 4.856508597731590271e-02 6.880308687686920166e-02
2.890000000000000000e+02 4.846450686454772949e-02 6.869954615831375122e-02
2.900000000000000000e+02 4.840290918946266174e-02 6.869155168533325195e-02
2.910000000000000000e+02 4.838911443948745728e-02 6.858462095260620117e-02
2.920000000000000000e+02 4.830387607216835022e-02 6.863946467638015747e-02
2.930000000000000000e+02 4.828976094722747803e-02 6.864263117313385010e-02
2.940000000000000000e+02 4.818294569849967957e-02 6.853587925434112549e-02
2.950000000000000000e+02 4.817268997430801392e-02 6.847354024648666382e-02
2.960000000000000000e+02 4.812827706336975098e-02 6.843478977680206299e-02
2.970000000000000000e+02 4.807038605213165283e-02 6.835325807332992554e-02
2.980000000000000000e+02 4.806939885020256042e-02 6.834007799625396729e-02
2.990000000000000000e+02 4.800673574209213257e-02 6.832913309335708618e-02
3.000000000000000000e+02 4.799233749508857727e-02 6.808507442474365234e-02
3.010000000000000000e+02 4.792645946145057678e-02 6.812261044979095459e-02
3.020000000000000000e+02 4.785339906811714172e-02 6.809235364198684692e-02
3.030000000000000000e+02 4.784158989787101746e-02 6.835482269525527954e-02
3.040000000000000000e+02 4.781436175107955933e-02 6.814638525247573853e-02
3.050000000000000000e+02 4.778033494949340820e-02 6.816814839839935303e-02
3.060000000000000000e+02 4.770524799823760986e-02 6.786116212606430054e-02
3.070000000000000000e+02 4.763694852590560913e-02 6.796004623174667358e-02
3.080000000000000000e+02 4.763123765587806702e-02 6.790423393249511719e-02
3.090000000000000000e+02 4.757049679756164551e-02 6.782025843858718872e-02
3.100000000000000000e+02 4.751845449209213257e-02 6.793091446161270142e-02
3.110000000000000000e+02 4.754313454031944275e-02 6.769643723964691162e-02
3.120000000000000000e+02 4.749290272593498230e-02 6.764908134937286377e-02
3.130000000000000000e+02 4.740595445036888123e-02 6.754219532012939453e-02
3.140000000000000000e+02 4.736603051424026489e-02 6.766913086175918579e-02
3.150000000000000000e+02 4.732103273272514343e-02 6.741356104612350464e-02
3.160000000000000000e+02 4.732226207852363586e-02 6.761091947555541992e-02
3.170000000000000000e+02 4.727860540151596069e-02 6.752139329910278320e-02
3.180000000000000000e+02 4.726320132613182068e-02 6.752903014421463013e-02
3.190000000000000000e+02 4.718898981809616089e-02 6.738401949405670166e-02
3.200000000000000000e+02 4.715016111731529236e-02 6.750791519880294800e-02
3.210000000000000000e+02 4.712169617414474487e-02 6.754724681377410889e-02
3.220000000000000000e+02 4.708057641983032227e-02 6.722726672887802124e-02
3.230000000000000000e+02 4.701546207070350647e-02 6.719855964183807373e-02
3.240000000000000000e+02 4.701592400670051575e-02 6.729792803525924683e-02
3.250000000000000000e+02 4.700365662574768066e-02 6.704241037368774414e-02
3.260000000000000000e+02 4.694570228457450867e-02 6.693969666957855225e-02
3.270000000000000000e+02 4.688103124499320984e-02 6.697613000869750977e-02
3.280000000000000000e+02 4.683311656117439270e-02 6.715657562017440796e-02
3.290000000000000000e+02 4.675722122192382812e-02 6.697981059551239014e-02
3.300000000000000000e+02 4.674702137708663940e-02 6.686577945947647095e-02
3.310000000000000000e+02 4.670571163296699524e-02 6.674604862928390503e-02
3.320000000000000000e+02 4.670684784650802612e-02 6.689760833978652954e-02
3.330000000000000000e+02 4.660290479660034180e-02 6.697200983762741089e-02
3.340000000000000000e+02 4.663700610399246216e-02 6.681200861930847168e-02
3.350000000000000000e+02 4.660157114267349243e-02 6.672190874814987183e-02
3.360000000000000000e+02 4.654767364263534546e-02 6.676975637674331665e-02
3.370000000000000000e+02 4.648802056908607483e-02 6.661166995763778687e-02
3.380000000000000000e+02 4.650742933154106140e-02 6.643662601709365845e-02
3.390000000000000000e+02 4.646029323339462280e-02 6.654690951108932495e-02
3.400000000000000000e+02 4.643580690026283264e-02 6.635322421789169312e-02
3.410000000000000000e+02 4.632348194718360901e-02 6.645402312278747559e-02
3.420000000000000000e+02 4.630925878882408142e-02 6.642019003629684448e-02
3.430000000000000000e+02 4.634216800332069397e-02 6.642114371061325073e-02
3.440000000000000000e+02 4.626634344458580017e-02 6.635254621505737305e-02
3.450000000000000000e+02 4.621191322803497314e-02 6.631378829479217529e-02
3.460000000000000000e+02 4.616204276680946350e-02 6.626362353563308716e-02
3.470000000000000000e+02 4.613595828413963318e-02 6.625657528638839722e-02
3.480000000000000000e+02 4.611673951148986816e-02 6.624659895896911621e-02
3.490000000000000000e+02 4.611259698867797852e-02 6.610941141843795776e-02
3.500000000000000000e+02 4.601215571165084839e-02 6.608424335718154907e-02
3.510000000000000000e+02 4.599190130829811096e-02 6.604692339897155762e-02
3.520000000000000000e+02 4.601130262017250061e-02 6.593864411115646362e-02
3.530000000000000000e+02 4.594376683235168457e-02 6.600239872932434082e-02
3.540000000000000000e+02 4.592392966151237488e-02 6.579753011465072632e-02
3.550000000000000000e+02 4.592059180140495300e-02 6.587877869606018066e-02
3.560000000000000000e+02 4.581848531961441040e-02 6.578467786312103271e-02
3.570000000000000000e+02 4.582012444734573364e-02 6.576602160930633545e-02
3.580000000000000000e+02 4.576161876320838928e-02 6.567929685115814209e-02
3.590000000000000000e+02 4.578433558344841003e-02 6.568036228418350220e-02
3.600000000000000000e+02 4.572983086109161377e-02 6.570790708065032959e-02
3.610000000000000000e+02 4.571354016661643982e-02 6.558223813772201538e-02
3.620000000000000000e+02 4.562699049711227417e-02 6.557498127222061157e-02
3.630000000000000000e+02 4.555646702647209167e-02 6.551469117403030396e-02
3.640000000000000000e+02 4.555628076195716858e-02 6.549859791994094849e-02
3.650000000000000000e+02 4.551865905523300171e-02 6.548421829938888550e-02
3.660000000000000000e+02 4.553064703941345215e-02 6.539370119571685791e-02
3.670000000000000000e+02 4.551092535257339478e-02 6.536007672548294067e-02
3.680000000000000000e+02 4.542844742536544800e-02 6.540763378143310547e-02
3.690000000000000000e+02 4.539148509502410889e-02 6.525116413831710815e-02
3.700000000000000000e+02 4.541661590337753296e-02 6.533357501029968262e-02
3.710000000000000000e+02 4.531881585717201233e-02 6.513142585754394531e-02
3.720000000000000000e+02 4.533459991216659546e-02 6.520753353834152222e-02
3.730000000000000000e+02 4.523533582687377930e-02 6.526177376508712769e-02
3.740000000000000000e+02 4.521421715617179871e-02 6.523399800062179565e-02
3.750000000000000000e+02 4.514389857649803162e-02 6.513240188360214233e-02
3.760000000000000000e+02 4.517374187707901001e-02 6.510838866233825684e-02
3.770000000000000000e+02 4.517082497477531433e-02 6.497453153133392334e-02
3.780000000000000000e+02 4.514139518141746521e-02 6.495323032140731812e-02
3.790000000000000000e+02 4.505509138107299805e-02 6.491305679082870483e-02
3.800000000000000000e+02 4.499871656298637390e-02 6.486437469720840454e-02
3.810000000000000000e+02 4.505575448274612427e-02 6.480047851800918579e-02
3.820000000000000000e+02 4.499243572354316711e-02 6.492113322019577026e-02
3.830000000000000000e+02 4.495436698198318481e-02 6.470700353384017944e-02
3.840000000000000000e+02 4.495881125330924988e-02 6.472415477037429810e-02
3.850000000000000000e+02 4.492017999291419983e-02 6.481397897005081177e-02
3.860000000000000000e+02 4.482636973261833191e-02 6.449469923973083496e-02
3.870000000000000000e+02 4.480008408427238464e-02 6.466552615165710449e-02
3.880000000000000000e+02 4.487052932381629944e-02 6.453849375247955322e-02
3.890000000000000000e+02 4.480578750371932983e-02 6.475783139467239380e-02
3.900000000000000000e+02 4.473458975553512573e-02 6.464839726686477661e-02
3.910000000000000000e+02 4.469951242208480835e-02 6.455890834331512451e-02
3.920000000000000000e+02 4.469488933682441711e-02 6.457296758890151978e-02
3.930000000000000000e+02 4.468442872166633606e-02 6.442297995090484619e-02
3.940000000000000000e+02 4.464396089315414429e-02 6.440178304910659790e-02
3.950000000000000000e+02 4.457432776689529419e-02 6.434897333383560181e-02
3.960000000000000000e+02 4.456279426813125610e-02 6.447159498929977417e-02
3.970000000000000000e+02 4.463873803615570068e-02 6.432883441448211670e-02
3.980000000000000000e+02 4.451058804988861084e-02 6.444783508777618408e-02
3.990000000000000000e+02 4.444819316267967224e-02 6.433822959661483765e-02
4.000000000000000000e+02 4.447441548109054565e-02 6.392857432365417480e-02
4.010000000000000000e+02 4.441899433732032776e-02 6.411357969045639038e-02
4.020000000000000000e+02 4.438218101859092712e-02 6.404078006744384766e-02
4.030000000000000000e+02 4.434979707002639771e-02 6.404588371515274048e-02
4.040000000000000000e+02 4.433375224471092224e-02 6.398423761129379272e-02
4.050000000000000000e+02 4.431787133216857910e-02 6.392198055982589722e-02
4.060000000000000000e+02 4.429526254534721375e-02 6.405151635408401489e-02
4.070000000000000000e+02 4.423857107758522034e-02 6.393316388130187988e-02
4.080000000000000000e+02 4.423079639673233032e-02 6.393105536699295044e-02
4.090000000000000000e+02 4.420464113354682922e-02 6.403688341379165649e-02
4.100000000000000000e+02 4.418694972991943359e-02 6.386123597621917725e-02
4.110000000000000000e+02 4.418596997857093811e-02 6.383981555700302124e-02
4.120000000000000000e+02 4.412848502397537231e-02 6.375332921743392944e-02
4.130000000000000000e+02 4.408494010567665100e-02 6.362997740507125854e-02
4.140000000000000000e+02 4.412174969911575317e-02 6.364313513040542603e-02
4.150000000000000000e+02 4.403748363256454468e-02 6.370605528354644775e-02
4.160000000000000000e+02 4.402404278516769409e-02 6.372167170047760010e-02
4.170000000000000000e+02 4.404690861701965332e-02 6.364951282739639282e-02
4.180000000000000000e+02 4.395815730094909668e-02 6.377545744180679321e-02
4.190000000000000000e+02 4.393104836344718933e-02 6.363069266080856323e-02
4.200000000000000000e+02 4.393817856907844543e-02 6.358814984560012817e-02
4.210000000000000000e+02 4.390440508723258972e-02 6.343648582696914673e-02
4.220000000000000000e+02 4.382748901844024658e-02 6.348687410354614258e-02
4.230000000000000000e+02 4.384862259030342102e-02 6.346953660249710083e-02
4.240000000000000000e+02 4.384275898337364197e-02 6.332705914974212646e-02
4.250000000000000000e+02 4.373818635940551758e-02 6.339079886674880981e-02
4.260000000000000000e+02 4.373025521636009216e-02 6.351924687623977661e-02
4.270000000000000000e+02 4.368226975202560425e-02 6.339444220066070557e-02
4.280000000000000000e+02 4.370738938450813293e-02 6.325159966945648193e-02
4.290000000000000000e+02 4.367110878229141235e-02 6.330665200948715210e-02
4.300000000000000000e+02 4.367426037788391113e-02 6.312360614538192749e-02
4.310000000000000000e+02 4.366074129939079285e-02 6.319520622491836548e-02
4.320000000000000000e+02 4.361610487103462219e-02 6.323448568582534790e-02
4.330000000000000000e+02 4.356079176068305969e-02 6.329176574945449829e-02
4.340000000000000000e+02 4.360668733716011047e-02 6.305302679538726807e-02
4.350000000000000000e+02 4.354365915060043335e-02 6.300199031829833984e-02
4.360000000000000000e+02 4.352264106273651123e-02 6.301861256361007690e-02
4.370000000000000000e+02 4.346781969070434570e-02 6.314720213413238525e-02
4.380000000000000000e+02 4.343612492084503174e-02 6.287521868944168091e-02
4.390000000000000000e+02 4.343752935528755188e-02 6.301403790712356567e-02
4.400000000000000000e+02 4.344097897410392761e-02 6.291325390338897705e-02
4.410000000000000000e+02 4.343062639236450195e-02 6.303125619888305664e-02
4.420000000000000000e+02 4.340476915240287781e-02 6.292359530925750732e-02
4.430000000000000000e+02 4.332928732037544250e-02 6.289174407720565796e-02
4.440000000000000000e+02 4.333207756280899048e-02 6.268460303544998169e-02
4.450000000000000000e+02 4.327295348048210144e-02 6.278029829263687134e-02
4.460000000000000000e+02 4.320757463574409485e-02 6.270892918109893799e-02
4.470000000000000000e+02 4.327173158526420593e-02 6.276468187570571899e-02
4.480000000000000000e+02 4.320664331316947937e-02 6.276313960552215576e-02
4.490000000000000000e+02 4.315653443336486816e-02 6.283429265022277832e-02
4.500000000000000000e+02 4.314457252621650696e-02 6.255710124969482422e-02
4.510000000000000000e+02 4.314039647579193115e-02 6.272787600755691528e-02
4.520000000000000000e+02 4.309875890612602234e-02 6.266864389181137085e-02
4.530000000000000000e+02 4.310430958867073059e-02 6.259652227163314819e-02
4.540000000000000000e+02 4.303908348083496094e-02 6.252660602331161499e-02
4.550000000000000000e+02 4.303475096821784973e-02 6.243286654353141785e-02
4.560000000000000000e+02 4.299919679760932922e-02 6.262742727994918823e-02
4.570000000000000000e+02 4.299728572368621826e-02 6.245690584182739258e-02
4.580000000000000000e+02 4.294006526470184326e-02 6.236745789647102356e-02
4.590000000000000000e+02 4.299174249172210693e-02 6.246799975633621216e-02
4.600000000000000000e+02 4.290733486413955688e-02 6.230617314577102661e-02
4.610000000000000000e+02 4.292380064725875854e-02 6.217192858457565308e-02
4.620000000000000000e+02 4.288265481591224670e-02 6.219121068716049194e-02
4.630000000000000000e+02 4.282454401254653931e-02 6.224826723337173462e-02
4.640000000000000000e+02 4.286617413163185120e-02 6.207899376749992371e-02
4.650000000000000000e+02 4.279657080769538879e-02 6.205013394355773926e-02
4.660000000000000000e+02 4.275795072317123413e-02 6.217938661575317383e-02
4.670000000000000000e+02 4.278947785496711731e-02 6.213639676570892334e-02
4.680000000000000000e+02 4.274683073163032532e-02 6.212130934000015259e-02
4.690000000000000000e+02 4.269694164395332336e-02 6.217516586184501648e-02
4.700000000000000000e+02 4.268139600753784180e-02 6.210839375853538513e-02
4.710000000000000000e+02 4.266900569200515747e-02 6.205469369888305664e-02
4.720000000000000000e+02 4.265292733907699585e-02 6.200554221868515015e-02
4.730000000000000000e+02 4.264245554804801941e-02 6.193241477012634277e-02
4.740000000000000000e+02 4.265221953392028809e-02 6.178183108568191528e-02
4.750000000000000000e+02 4.262692481279373169e-02 6.196405738592147827e-02
4.760000000000000000e+02 4.255805537104606628e-02 6.195143610239028931e-02
4.770000000000000000e+02 4.259923845529556274e-02 6.185307353734970093e-02
4.780000000000000000e+02 4.255995526909828186e-02 6.180263683199882507e-02
4.790000000000000000e+02 4.257179051637649536e-02 6.184734776616096497e-02
4.800000000000000000e+02 4.246275871992111206e-02 6.183839589357376099e-02
4.810000000000000000e+02 4.240058362483978271e-02 6.186850741505622864e-02
4.820000000000000000e+02 4.244970902800559998e-02 6.175455451011657715e-02
4.830000000000000000e+02 4.247089847922325134e-02 6.170880794525146484e-02
4.840000000000000000e+02 4.238756373524665833e-02 6.165954470634460449e-02
4.850000000000000000e+02 4.235922172665596008e-02 6.173026561737060547e-02
4.860000000000000000e+02 4.235429316759109497e-02 6.172834336757659912e-02
4.870000000000000000e+02 4.234381765127182007e-02 6.159619241952896118e-02
4.880000000000000000e+02 4.231857880949974060e-02 6.153739988803863525e-02
4.890000000000000000e+02 4.234437644481658936e-02 6.176251173019409180e-02
4.900000000000000000e+02 4.235859215259552002e-02 6.160168722271919250e-02
4.910000000000000000e+02 4.227103292942047119e-02 6.158764660358428955e-02
4.920000000000000000e+02 4.227331653237342834e-02 6.153647229075431824e-02
4.930000000000000000e+02 4.224693030118942261e-02 6.151161715388298035e-02
4.940000000000000000e+02 4.215390607714653015e-02 6.148201227188110352e-02
4.950000000000000000e+02 4.221738129854202271e-02 6.159730628132820129e-02
4.960000000000000000e+02 4.216877743601799011e-02 6.161703914403915405e-02
4.970000000000000000e+02 4.213558509945869446e-02 6.139564141631126404e-02
4.980000000000000000e+02 4.211670160293579102e-02 6.141329184174537659e-02
4.990000000000000000e+02 4.216022789478302002e-02 6.152564287185668945e-02
5.000000000000000000e+02 4.207456111907958984e-02 6.137605383992195129e-02
5.010000000000000000e+02 4.206511005759239197e-02 6.130228936672210693e-02
5.020000000000000000e+02 4.204401373863220215e-02 6.127164140343666077e-02
5.030000000000000000e+02 4.202653467655181885e-02 6.136028096079826355e-02
5.040000000000000000e+02 4.203555360436439514e-02 6.147468462586402893e-02
5.050000000000000000e+02 4.196149110794067383e-02 6.136077269911766052e-02
5.060000000000000000e+02 4.200107976794242859e-02 6.114349141716957092e-02
5.070000000000000000e+02 4.191030561923980713e-02 6.120400503277778625e-02
5.080000000000000000e+02 4.185133054852485657e-02 6.114891916513442993e-02
5.090000000000000000e+02 4.190609231591224670e-02 6.107362732291221619e-02
5.100000000000000000e+02 4.185916855931282043e-02 6.104372814297676086e-02
5.110000000000000000e+02 4.184002056717872620e-02 6.108273938298225403e-02
5.120000000000000000e+02 4.186302050948143005e-02 6.119473651051521301e-02
5.130000000000000000e+02 4.181183502078056335e-02 6.114326417446136475e-02
5.140000000000000000e+02 4.185148701071739197e-02 6.109171360731124878e-02
5.150000000000000000e+02 4.176376760005950928e-02 6.097742915153503418e-02
5.160000000000000000e+02 4.177946224808692932e-02 6.104793027043342590e-02
5.170000000000000000e+02 4.174599796533584595e-02 6.111468747258186340e-02
5.180000000000000000e+02 4.175767302513122559e-02 6.099482253193855286e-02
5.190000000000000000e+02 4.173489660024642944e-02 6.086725369095802307e-02
5.200000000000000000e+02 4.171028733253479004e-02 6.104970350861549377e-02
5.210000000000000000e+02 4.167414456605911255e-02 6.087961420416831970e-02
5.220000000000000000e+02 4.160380735993385315e-02 6.092992797493934631e-02
5.230000000000000000e+02 4.163844138383865356e-02 6.084593012928962708e-02
5.240000000000000000e+02 4.159701243042945862e-02 6.079903617501258850e-02
5.250000000000000000e+02 4.161682352423667908e-02 6.079834699630737305e-02
5.260000000000000000e+02 4.161435738205909729e-02 6.096350029110908508e-02
5.270000000000000000e+02 4.157547280192375183e-02 6.069841608405113220e-02
5.280000000000000000e+02 4.162935167551040649e-02 6.071848794817924500e-02
5.290000000000000000e+02 4.158774018287658691e-02 6.071773171424865723e-02
5.300000000000000000e+02 4.143733158707618713e-02 6.063911318778991699e-02
5.310000000000000000e+02 4.149749502539634705e-02 6.073186546564102173e-02
5.320000000000000000e+02 4.147651046514511108e-02 6.065984815359115601e-02
5.330000000000000000e+02 4.150304943323135376e-02 6.070018187165260315e-02
5.340000000000000000e+02 4.147331789135932922e-02 6.046709790825843811e-02
5.350000000000000000e+02 4.145702347159385681e-02 6.059969589114189148e-02
5.360000000000000000e+02 4.140805453062057495e-02 6.050086393952369690e-02
5.370000000000000000e+02 4.135850444436073303e-02 6.046513840556144714e-02
5.380000000000000000e+02 4.139134287834167480e-02 6.070267036557197571e-02
5.390000000000000000e+02 4.139133542776107788e-02 6.044283136725425720e-02
5.400000000000000000e+02 4.139212518930435181e-02 6.052928417921066284e-02
5.410000000000000000e+02 4.136164858937263489e-02 6.048635765910148621e-02
5.420000000000000000e+02 4.133066162467002869e-02 6.061429157853126526e-02
5.430000000000000000e+02 4.133917018771171570e-02 6.038777157664299011e-02
5.440000000000000000e+02 4.132771492004394531e-02 6.035580858588218689e-02
5.450000000000000000e+02 4.125469923019409180e-02 6.030194833874702454e-02
5.460000000000000000e+02 4.128433763980865479e-02 6.036956980824470520e-02
5.470000000000000000e+02 4.125722870230674744e-02 6.033200770616531372e-02
5.480000000000000000e+02 4.118015989661216736e-02 6.029747426509857178e-02
5.490000000000000000e+02 4.125699773430824280e-02 6.021981686353683472e-02
5.500000000000000000e+02 4.116714000701904297e-02 6.015591323375701904e-02
5.510000000000000000e+02 4.116479307413101196e-02 6.015070527791976929e-02
5.520000000000000000e+02 4.120487347245216370e-02 6.025815755128860474e-02
5.530000000000000000e+02 4.110627248883247375e-02 6.023675203323364258e-02
5.540000000000000000e+02 4.106841981410980225e-02 6.015765666961669922e-02
5.550000000000000000e+02 4.113581776618957520e-02 6.010048091411590576e-02
5.560000000000000000e+02 4.108427837491035461e-02 6.020148843526840210e-02
5.570000000000000000e+02 4.110599309206008911e-02 6.016547232866287231e-02
5.580000000000000000e+02 4.110229387879371643e-02 6.013930588960647583e-02
5.590000000000000000e+02 4.110580310225486755e-02 6.020908430218696594e-02
5.600000000000000000e+02 4.101720452308654785e-02 6.006829440593719482e-02
5.610000000000000000e+02 4.104479402303695679e-02 5.990805104374885559e-02
5.620000000000000000e+02 4.101025685667991638e-02 6.002501025795936584e-02
5.630000000000000000e+02 4.102446511387825012e-02 5.988767743110656738e-02
5.640000000000000000e+02 4.099541902542114258e-02 6.000345945358276367e-02
5.650000000000000000e+02 4.097467288374900818e-02 5.979217216372489929e-02
5.660000000000000000e+02 4.093951731920242310e-02 5.992248654365539551e-02
5.670000000000000000e+02 4.093829169869422913e-02 5.987043306231498718e-02
5.680000000000000000e+02 4.090516641736030579e-02 5.971724912524223328e-02
5.690000000000000000e+02 4.092596471309661865e-02 6.006062030792236328e-02
5.700000000000000000e+02 4.091381281614303589e-02 5.990564823150634766e-02
5.710000000000000000e+02 4.084157943725585938e-02 5.974387004971504211e-02
5.720000000000000000e+02 4.084922373294830322e-02 5.974783003330230713e-02
5.730000000000000000e+02 4.085506498813629150e-02 5.995474010705947876e-02
5.740000000000000000e+02 4.075855389237403870e-02 5.969942361116409302e-02
5.750000000000000000e+02 4.077341407537460327e-02 5.964917689561843872e-02
5.760000000000000000e+02 4.080545157194137573e-02 5.975753813982009888e-02
5.770000000000000000e+02 4.079153388738632202e-02 5.966251716017723083e-02
5.780000000000000000e+02 4.076907783746719360e-02 5.967116355895996094e-02
5.790000000000000000e+02 4.068903252482414246e-02 5.970632657408714294e-02
5.800000000000000000e+02 4.073276370763778687e-02 5.964357778429985046e-02
5.810000000000000000e+02 4.072590917348861694e-02 5.975515022873878479e-02
5.820000000000000000e+02 4.075714200735092163e-02 5.960715934634208679e-02
5.830000000000000000e+02 4.071291163563728333e-02 5.970939993858337402e-02
5.840000000000000000e+02 4.067065566778182983e-02 5.961567535996437073e-02
5.850000000000000000e+02 4.065882414579391479e-02 5.958807840943336487e-02
5.860000000000000000e+02 4.065589979290962219e-02 5.948981270194053650e-02
5.870000000000000000e+02 4.068313911557197571e-02 5.936175584793090820e-02
5.880000000000000000e+02 4.061779379844665527e-02 5.946672335267066956e-02
5.890000000000000000e+02 4.061868041753768921e-02 5.945404618978500366e-02
5.900000000000000000e+02 4.057897999882698059e-02 5.941155180335044861e-02
5.910000000000000000e+02 4.054449498653411865e-02 5.936563014984130859e-02
5.920000000000000000e+02 4.054104909300804138e-02 5.956491827964782715e-02
5.930000000000000000e+02 4.058385640382766724e-02 5.920529365539550781e-02
5.940000000000000000e+02 4.058908298611640930e-02 5.927149206399917603e-02
5.950000000000000000e+02 4.051145538687705994e-02 5.934245884418487549e-02
5.960000000000000000e+02 4.052790254354476929e-02 5.933818221092224121e-02
5.970000000000000000e+02 4.049787297844886780e-02 5.924662575125694275e-02
5.980000000000000000e+02 4.050746187567710876e-02 5.926636233925819397e-02
5.990000000000000000e+02 4.047182574868202209e-02 5.927741527557373047e-02
6.000000000000000000e+02 4.044239595532417297e-02 5.927108973264694214e-02
6.010000000000000000e+02 4.043654352426528931e-02 5.917367711663246155e-02
6.020000000000000000e+02 4.047204926609992981e-02 5.931984633207321167e-02
6.030000000000000000e+02 4.043035581707954407e-02 5.911836773157119751e-02
6.040000000000000000e+02 4.041636362671852112e-02 5.913423374295234680e-02
6.050000000000000000e+02 4.040777310729026794e-02 5.914906039834022522e-02
6.060000000000000000e+02 4.036081954836845398e-02 5.906754732131958008e-02
6.070000000000000000e+02 4.034908860921859741e-02 5.912352725863456726e-02
6.080000000000000000e+02 4.033375158905982971e-02 5.908831954002380371e-02
6.090000000000000000e+02 4.036292806267738342e-02 5.900863558053970337e-02
6.100000000000000000e+02 4.035335779190063477e-02 5.895817652344703674e-02
6.110000000000000000e+02 4.031923040747642517e-02 5.916210636496543884e-02
6.120000000000000000e+02 4.036813229322433472e-02 5.897406116127967834e-02
6.130000000000000000e+02 4.025711119174957275e-02 5.894117057323455811e-02
6.140000000000000000e+02 4.027825966477394104e-02 5.893349647521972656e-02
6.150000000000000000e+02 4.026656970381736755e-02 5.909578502178192139e-02
6.160000000000000000e+02 4.029479622840881348e-02 5.900434032082557678e-02
6.170000000000000000e+02 4.023158550262451172e-02 5.905571952462196350e-02
6.180000000000000000e+02 4.029771685600280762e-02 5.890409275889396667e-02
6.190000000000000000e+02 4.024130851030349731e-02 5.899725109338760376e-02
6.200000000000000000e+02 4.023067653179168701e-02 5.883618071675300598e-02
6.210000000000000000e+02 4.020728915929794312e-02 5.889600515365600586e-02
6.220000000000000000e+02 4.021220281720161438e-02 5.899973586201667786e-02
6.230000000000000000e+02 4.021006077527999878e-02 5.888426676392555237e-02
6.240000000000000000e+02 4.021790996193885803e-02 5.869328603148460388e-02
6.250000000000000000e+02 4.012812301516532898e-02 5.884700268507003784e-02
6.260000000000000000e+02 4.014079272747039795e-02 5.874351039528846741e-02
6.270000000000000000e+02 4.018272832036018372e-02 5.877603963017463684e-02
6.280000000000000000e+02 4.013961181044578552e-02 5.886966735124588013e-02
6.290000000000000000e+02 4.012810066342353821e-02 5.862954258918762207e-02
6.300000000000000000e+02 4.010204598307609558e-02 5.861515551805496216e-02
6.310000000000000000e+02 4.011292755603790283e-02 5.880774930119514465e-02
6.320000000000000000e+02 4.009884223341941833e-02 5.860198289155960083e-02
6.330000000000000000e+02 4.014169052243232727e-02 5.848234146833419800e-02
6.340000000000000000e+02 4.008303210139274597e-02 5.885947123169898987e-02
6.350000000000000000e+02 4.008951410651206970e-02 5.872971564531326294e-02
6.360000000000000000e+02 4.002386704087257385e-02 5.854293704032897949e-02
6.370000000000000000e+02 4.003609344363212585e-02 5.859402567148208618e-02
6.380000000000000000e+02 4.002328962087631226e-02 5.860736221075057983e-02
6.390000000000000000e+02 4.002931714057922363e-02 5.859308689832687378e-02
6.400000000000000000e+02 4.000383988022804260e-02 5.847975611686706543e-02
6.410000000000000000e+02 4.001963138580322266e-02 5.858537927269935608e-02
6.420000000000000000e+02 3.999711200594902039e-02 5.852833762764930725e-02
6.430000000000000000e+02 3.994609415531158447e-02 5.856618657708168030e-02
6.440000000000000000e+02 3.999082371592521667e-02 5.833340063691139221e-02
6.450000000000000000e+02 3.999852016568183899e-02 5.856131389737129211e-02
6.460000000000000000e+02 3.988881409168243408e-02 5.841657519340515137e-02
6.470000000000000000e+02 3.993658348917961121e-02 5.853867158293724060e-02
6.480000000000000000e+02 3.993467614054679871e-02 5.836667865514755249e-02
6.490000000000000000e+02 3.988064825534820557e-02 5.838065966963768005e-02
6.500000000000000000e+02 3.988652676343917847e-02 5.832187831401824951e-02
6.510000000000000000e+02 3.984826803207397461e-02 5.830652266740798950e-02
6.520000000000000000e+02 3.986800834536552429e-02 5.838776752352714539e-02
6.530000000000000000e+02 3.991133719682693481e-02 5.837850645184516907e-02
6.540000000000000000e+02 3.987406939268112183e-02 5.834966525435447693e-02
6.550000000000000000e+02 3.989204391837120056e-02 5.813367292284965515e-02
6.560000000000000000e+02 3.985355794429779053e-02 5.831373855471611023e-02
6.570000000000000000e+02 3.980180993676185608e-02 5.823589861392974854e-02
6.580000000000000000e+02 3.981781378388404846e-02 5.831557139754295349e-02
6.590000000000000000e+02 3.988818079233169556e-02 5.831076204776763916e-02
6.600000000000000000e+02 3.978651762008666992e-02 5.833534523844718933e-02
6.610000000000000000e+02 3.981241211295127869e-02 5.822529271245002747e-02
6.620000000000000000e+02 3.978982940316200256e-02 5.827383697032928467e-02
6.630000000000000000e+02 3.981114178895950317e-02 5.806682258844375610e-02
6.640000000000000000e+02 3.976385667920112610e-02 5.816642194986343384e-02
6.650000000000000000e+02 3.979380428791046143e-02 5.821365863084793091e-02
6.660000000000000000e+02 3.976223245263099670e-02 5.810254812240600586e-02
6.670000000000000000e+02 3.971513360738754272e-02 5.810488760471343994e-02
6.680000000000000000e+02 3.973271325230598450e-02 5.824191868305206299e-02
6.690000000000000000e+02 3.973650187253952026e-02 5.813049152493476868e-02
6.700000000000000000e+02 3.966427594423294067e-02 5.824795737862586975e-02
6.710000000000000000e+02 3.967412561178207397e-02 5.793846771121025085e-02
6.720000000000000000e+02 3.966799378395080566e-02 5.814189091324806213e-02
6.730000000000000000e+02 3.969003260135650635e-02 5.805361643433570862e-02
6.740000000000000000e+02 3.968232125043869019e-02 5.799493193626403809e-02
6.750000000000000000e+02 3.966236114501953125e-02 5.809483304619789124e-02
6.760000000000000000e+02 3.964936733245849609e-02 5.794810876250267029e-02
6.770000000000000000e+02 3.963062539696693420e-02 5.808491259813308716e-02
6.780000000000000000e+02 3.960642591118812561e-02 5.798801779747009277e-02
6.790000000000000000e+02 3.963604941964149475e-02 5.795971676707267761e-02
6.800000000000000000e+02 3.958522528409957886e-02 5.789905786514282227e-02
6.810000000000000000e+02 3.961794450879096985e-02 5.794368311762809753e-02
6.820000000000000000e+02 3.963176161050796509e-02 5.799814313650131226e-02
6.830000000000000000e+02 3.956292569637298584e-02 5.781115591526031494e-02
6.840000000000000000e+02 3.953538089990615845e-02 5.783528089523315430e-02
6.850000000000000000e+02 3.955816477537155151e-02 5.790013819932937622e-02
6.860000000000000000e+02 3.956181928515434265e-02 5.782221257686614990e-02
6.870000000000000000e+02 3.958648070693016052e-02 5.775056034326553345e-02
6.880000000000000000e+02 3.956365957856178284e-02 5.792831256985664368e-02
6.890000000000000000e+02 3.954555839300155640e-02 5.776955559849739075e-02
6.900000000000000000e+02 3.951397538185119629e-02 5.779675021767616272e-02
6.910000000000000000e+02 3.949454426765441895e-02 5.780452489852905273e-02
6.920000000000000000e+02 3.955478966236114502e-02 5.778017267584800720e-02
6.930000000000000000e+02 3.952522575855255127e-02 5.771043896675109863e-02
6.940000000000000000e+02 3.949326649308204651e-02 5.777871236205101013e-02
6.950000000000000000e+02 3.951142355799674988e-02 5.782559141516685486e-02
6.960000000000000000e+02 3.947076573967933655e-02 5.773711949586868286e-02
6.970000000000000000e+02 3.944049403071403503e-02 5.762207135558128357e-02
6.980000000000000000e+02 3.944526985287666321e-02 5.772615224123001099e-02
6.990000000000000000e+02 3.945778682827949524e-02 5.776797980070114136e-02
7.000000000000000000e+02 3.941449522972106934e-02 5.782814323902130127e-02
7.010000000000000000e+02 3.945039957761764526e-02 5.760959535837173462e-02
7.020000000000000000e+02 3.942289203405380249e-02 5.767076462507247925e-02
7.030000000000000000e+02 3.940321505069732666e-02 5.774202197790145874e-02
7.040000000000000000e+02 3.943391516804695129e-02 5.766772851347923279e-02
7.050000000000000000e+02 3.938329964876174927e-02 5.764019116759300232e-02
7.060000000000000000e+02 3.939909115433692932e-02 5.763134732842445374e-02
7.070000000000000000e+02 3.935400024056434631e-02 5.764939635992050171e-02
7.080000000000000000e+02 3.938045725226402283e-02 5.757964029908180237e-02
7.090000000000000000e+02 3.937665745615959167e-02 5.758107453584671021e-02
7.100000000000000000e+02 3.936268016695976257e-02 5.749595910310745239e-02
7.110000000000000000e+02 3.930847346782684326e-02 5.753207579255104065e-02
7.120000000000000000e+02 3.929226100444793701e-02 5.753747746348381042e-02
7.130000000000000000e+02 3.932828456163406372e-02 5.745547264814376831e-02
7.140000000000000000e+02 3.934821859002113342e-02 5.755906179547309875e-02
7.150000000000000000e+02 3.933957219123840332e-02 5.741638317704200745e-02
7.160000000000000000e+02 3.934689611196517944e-02 5.745221301913261414e-02
7.170000000000000000e+02 3.926012665033340454e-02 5.752835050225257874e-02
7.180000000000000000e+02 3.927591815590858459e-02 5.746113136410713196e-02
7.190000000000000000e+02 3.925804421305656433e-02 5.762038007378578186e-02
7.200000000000000000e+02 3.925852477550506592e-02 5.760277807712554932e-02
7.210000000000000000e+02 3.925905004143714905e-02 5.747010558843612671e-02
7.220000000000000000e+02 3.928726911544799805e-02 5.751963332295417786e-02
7.230000000000000000e+02 3.925279900431632996e-02 5.738897994160652161e-02
7.240000000000000000e+02 3.924570605158805847e-02 5.738775804638862610e-02
7.250000000000000000e+02 3.922611474990844727e-02 5.733777210116386414e-02
7.260000000000000000e+02 3.925470262765884399e-02 5.745088681578636169e-02
7.270000000000000000e+02 3.917322680354118347e-02 5.726426467299461365e-02
7.280000000000000000e+02 3.924971818923950195e-02 5.741686001420021057e-02
7.290000000000000000e+02 3.921978175640106201e-02 5.733780935406684875e-02
7.300000000000000000e+02 3.921585157513618469e-02 5.737087875604629517e-02
7.310000000000000000e+02 3.917092457413673401e-02 5.738335475325584412e-02
7.320000000000000000e+02 3.919394686818122864e-02 5.734727904200553894e-02
7.330000000000000000e+02 3.913840651512145996e-02 5.730933323502540588e-02
7.340000000000000000e+02 3.915964439511299133e-02 5.741867795586585999e-02
7.350000000000000000e+02 3.910598903894424438e-02 5.723306909203529358e-02
7.360000000000000000e+02 3.918781131505966187e-02 5.733793973922729492e-02
7.370000000000000000e+02 3.917055204510688782e-02 5.730288103222846985e-02
7.380000000000000000e+02 3.912074863910675049e-02 5.715385824441909790e-02
7.390000000000000000e+02 3.909419476985931396e-02 5.728914588689804077e-02
7.400000000000000000e+02 3.909410536289215088e-02 5.712868273258209229e-02
7.410000000000000000e+02 3.910343348979949951e-02 5.717533454298973083e-02
7.420000000000000000e+02 3.908393904566764832e-02 5.722152814269065857e-02
7.430000000000000000e+02 3.910015523433685303e-02 5.716845393180847168e-02
7.440000000000000000e+02 3.907027468085289001e-02 5.730762332677841187e-02
7.450000000000000000e+02 3.906890377402305603e-02 5.730592086911201477e-02
7.460000000000000000e+02 3.907178342342376709e-02 5.699847638607025146e-02
7.470000000000000000e+02 3.909125924110412598e-02 5.725467205047607422e-02
7.480000000000000000e+02 3.904049471020698547e-02 5.712787434458732605e-02
7.490000000000000000e+02 3.907590731978416443e-02 5.723034217953681946e-02
7.500000000000000000e+02 3.903991729021072388e-02 5.714421346783638000e-02
7.510000000000000000e+02 3.901353105902671814e-02 5.711444839835166931e-02
7.520000000000000000e+02 3.901899605989456177e-02 5.709850043058395386e-02
7.530000000000000000e+02 3.899667784571647644e-02 5.723806843161582947e-02
7.540000000000000000e+02 3.896580636501312256e-02 5.721518397331237793e-02
7.550000000000000000e+02 3.899176046252250671e-02 5.707899853587150574e-02
