0.000000000000000000e+00 1.068457737565040588e-01 1.273298859596252441e-01
1.000000000000000000e+00 1.063442379236221313e-01 1.269405335187911987e-01
2.000000000000000000e+00 1.058497130870819092e-01 1.265656501054763794e-01
3.000000000000000000e+00 1.053702458739280701e-01 1.262122541666030884e-01
4.000000000000000000e+00 1.048902124166488647e-01 1.258455663919448853e-01
5.000000000000000000e+00 1.044356897473335266e-01 1.254959553480148315e-01
6.000000000000000000e+00 1.039766818284988403e-01 1.251408755779266357e-01
7.000000000000000000e+00 1.035220101475715637e-01 1.248044371604919434e-01
8.000000000000000000e+00 1.030845865607261658e-01 1.244469508528709412e-01
9.000000000000000000e+00 1.026404500007629395e-01 1.241198778152465820e-01
1.000000000000000000e+01 1.022024154663085938e-01 1.237805113196372986e-01
1.100000000000000000e+01 1.017543077468872070e-01 1.233977675437927246e-01
1.200000000000000000e+01 1.013200432062149048e-01 1.230589300394058228e-01
1.300000000000000000e+01 1.008802130818367004e-01 1.227157339453697205e-01
1.400000000000000000e+01 1.004154831171035767e-01 1.223517507314682007e-01
1.500000000000000000e+01 9.996501356363296509e-02 1.219847425818443298e-01
1.600000000000000000e+01 9.950505197048187256e-02 1.215958222746849060e-01
1.700000000000000000e+01 9.902980178594589233e-02 1.212317720055580139e-01
1.800000000000000000e+01 9.854500740766525269e-02 1.208315938711166382e-01
1.900000000000000000e+01 9.805562347173690796e-02 1.204146444797515869e-01
2.000000000000000000e+01 9.755621105432510376e-02 1.200047209858894348e-01
2.100000000000000000e+01 9.704928845167160034e-02 1.195866912603378296e-01
2.200000000000000000e+01 9.651170670986175537e-02 1.191228851675987244e-01
2.300000000000000000e+01 9.595198184251785278e-02 1.186740621924400330e-01
2.400000000000000000e+01 9.540280699729919434e-02 1.182026043534278870e-01
2.500000000000000000e+01 9.481693804264068604e-02 1.177201271057128906e-01
2.600000000000000000e+01 9.421500563621520996e-02 1.172407418489456177e-01
2.700000000000000000e+01 9.361302852630615234e-02 1.167252063751220703e-01
2.800000000000000000e+01 9.298307448625564575e-02 1.161690950393676758e-01
2.900000000000000000e+01 9.232069551944732666e-02 1.156391277909278870e-01
3.000000000000000000e+01 9.166714549064636230e-02 1.150765791535377502e-01
3.100000000000000000e+01 9.098314493894577026e-02 1.144993603229522705e-01
3.200000000000000000e+01 9.028531610965728760e-02 1.138937175273895264e-01
3.300000000000000000e+01 8.958761394023895264e-02 1.132846474647521973e-01
3.400000000000000000e+01 8.886916935443878174e-02 1.126716881990432739e-01
3.500000000000000000e+01 8.815063536167144775e-02 1.120066121220588684e-01
3.600000000000000000e+01 8.743423968553543091e-02 1.113692224025726318e-01
3.700000000000000000e+01 8.668865263462066650e-02 1.106598153710365295e-01
3.800000000000000000e+01 8.596815168857574463e-02 1.099558919668197632e-01
3.900000000000000000e+01 8.521235734224319458e-02 1.092428863048553467e-01
4.000000000000000000e+01 8.448510617017745972e-02 1.086281016469001770e-01
4.100000000000000000e+01 8.377914875745773315e-02 1.077983155846595764e-01
4.200000000000000000e+01 8.307046443223953247e-02 1.071868762373924255e-01
4.300000000000000000e+01 8.236972242593765259e-02 1.064316108822822571e-01
4.400000000000000000e+01 8.170317858457565308e-02 1.057423651218414307e-01
4.500000000000000000e+01 8.100774139165878296e-02 1.050394475460052490e-01
4.600000000000000000e+01 8.038573712110519409e-02 1.042724996805191040e-01
4.700000000000000000e+01 7.973693311214447021e-02 1.035460308194160461e-01
4.800000000000000000e+01 7.915304601192474365e-02 1.028593033552169800e-01
4.900000000000000000e+01 7.856354117393493652e-02 1.021585017442703247e-01
5.000000000000000000e+01 7.798843830823898315e-02 1.015240922570228577e-01
5.100000000000000000e+01 7.742813974618911743e-02 1.008165776729583740e-01
5.200000000000000000e+01 7.692034542560577393e-02 1.002371311187744141e-01
5.300000000000000000e+01 7.641731202602386475e-02 9.955845028162002563e-02
5.400000000000000000e+01 7.588228583335876465e-02 9.896700829267501831e-02
5.500000000000000000e+01 7.543724030256271362e-02 9.850157797336578369e-02
5.600000000000000000e+01 7.496178150177001953e-02 9.781108051538467407e-02
5.700000000000000000e+01 7.451966404914855957e-02 9.734366089105606079e-02
5.800000000000000000e+01 7.408493757247924805e-02 9.678580611944198608e-02
5.900000000000000000e+01 7.368227839469909668e-02 9.627540409564971924e-02
6.000000000000000000e+01 7.327236235141754150e-02 9.579207748174667358e-02
6.100000000000000000e+01 7.288513332605361938e-02 9.533341974020004272e-02
6.200000000000000000e+01 7.249934971332550049e-02 9.502190351486206055e-02
6.300000000000000000e+01 7.218158245086669922e-02 9.456223994493484497e-02
6.400000000000000000e+01 7.179802656173706055e-02 9.410917758941650391e-02
6.500000000000000000e+01 7.147952914237976074e-02 9.376243501901626587e-02
6.600000000000000000e+01 7.112009078264236450e-02 9.348312020301818848e-02
6.700000000000000000e+01 7.082640379667282104e-02 9.311415255069732666e-02
6.800000000000000000e+01 7.055214792490005493e-02 9.271971881389617920e-02
6.900000000000000000e+01 7.023587077856063843e-02 9.232811629772186279e-02
7.000000000000000000e+01 6.994564086198806763e-02 9.203357994556427002e-02
7.100000000000000000e+01 6.962203979492187500e-02 9.171508997678756714e-02
7.200000000000000000e+01 6.939292699098587036e-02 9.139634668827056885e-02
7.300000000000000000e+01 6.912008672952651978e-02 9.109380841255187988e-02
7.400000000000000000e+01 6.884079426527023315e-02 9.095360338687896729e-02
7.500000000000000000e+01 6.862374395132064819e-02 9.056042134761810303e-02
7.600000000000000000e+01 6.839325278997421265e-02 9.033498913049697876e-02
7.700000000000000000e+01 6.809166073799133301e-02 9.013482928276062012e-02
7.800000000000000000e+01 6.782039999961853027e-02 8.977651596069335938e-02
7.900000000000000000e+01 6.762504577636718750e-02 8.953506499528884888e-02
8.000000000000000000e+01 6.734806299209594727e-02 8.932908624410629272e-02
8.100000000000000000e+01 6.714898347854614258e-02 8.911353349685668945e-02
8.200000000000000000e+01 6.691771745681762695e-02 8.879890292882919312e-02
8.300000000000000000e+01 6.669200956821441650e-02 8.856298029422760010e-02
8.400000000000000000e+01 6.648869067430496216e-02 8.832863718271255493e-02
8.500000000000000000e+01 6.625885516405105591e-02 8.802383393049240112e-02
8.600000000000000000e+01 6.597646325826644897e-02 8.789160102605819702e-02
8.700000000000000000e+01 6.581825017929077148e-02 8.759272843599319458e-02
8.800000000000000000e+01 6.559697538614273071e-02 8.727122098207473755e-02
8.900000000000000000e+01 6.537830829620361328e-02 8.705045282840728760e-02
9.000000000000000000e+01 6.516524404287338257e-02 8.686407655477523804e-02
9.100000000000000000e+01 6.499363481998443604e-02 8.664792031049728394e-02
9.200000000000000000e+01 6.476707756519317627e-02 8.661823719739913940e-02
9.300000000000000000e+01 6.456733494997024536e-02 8.623174577951431274e-02
9.400000000000000000e+01 6.440497934818267822e-02 8.603156358003616333e-02
9.500000000000000000e+01 6.418917328119277954e-02 8.583118021488189697e-02
9.600000000000000000e+01 6.397578120231628418e-02 8.548499643802642822e-02
9.700000000000000000e+01 6.385765969753265381e-02 8.540114015340805054e-02
9.800000000000000000e+01 6.364891678094863892e-02 8.520060777664184570e-02
9.900000000000000000e+01 6.345060467720031738e-02 8.497448265552520752e-02
1.000000000000000000e+02 6.327581405639648438e-02 8.483484387397766113e-02
1.010000000000000000e+02 6.309126317501068115e-02 8.464638143777847290e-02
1.020000000000000000e+02 6.292937695980072021e-02 8.440569043159484863e-02
1.030000000000000000e+02 6.277076154947280884e-02 8.424003422260284424e-02
1.040000000000000000e+02 6.260300427675247192e-02 8.402971923351287842e-02
1.050000000000000000e+02 6.246454641222953796e-02 8.376867324113845825e-02
1.060000000000000000e+02 6.226351112127304077e-02 8.365824818611145020e-02
1.070000000000000000e+02 6.212009117007255554e-02 8.339588344097137451e-02
1.080000000000000000e+02 6.198323890566825867e-02 8.330987393856048584e-02
1.090000000000000000e+02 6.183882802724838257e-02 8.316835016012191772e-02
1.100000000000000000e+02 6.173875182867050171e-02 8.297511935234069824e-02
1.110000000000000000e+02 6.153902783989906311e-02 8.277077227830886841e-02
1.120000000000000000e+02 6.138908863067626953e-02 8.262239396572113037e-02
1.130000000000000000e+02 6.126917898654937744e-02 8.251758664846420288e-02
1.140000000000000000e+02 6.114532425999641418e-02 8.216554671525955200e-02
1.150000000000000000e+02 6.101498007774353027e-02 8.201257139444351196e-02
1.160000000000000000e+02 6.085563078522682190e-02 8.203609287738800049e-02
1.170000000000000000e+02 6.068506464362144470e-02 8.187760412693023682e-02
1.180000000000000000e+02 6.059747934341430664e-02 8.161992579698562622e-02
1.190000000000000000e+02 6.044601649045944214e-02 8.139372617006301880e-02
1.200000000000000000e+02 6.036950647830963135e-02 8.123995363712310791e-02
1.210000000000000000e+02 6.021134182810783386e-02 8.121447265148162842e-02
1.220000000000000000e+02 6.011435762047767639e-02 8.094981312751770020e-02
1.230000000000000000e+02 5.998803675174713135e-02 8.098313212394714355e-02
1.240000000000000000e+02 5.986353009939193726e-02 8.078319579362869263e-02
1.250000000000000000e+02 5.977955088019371033e-02 8.063504844903945923e-02
1.260000000000000000e+02 5.966035649180412292e-02 8.045297116041183472e-02
1.270000000000000000e+02 5.958703160285949707e-02 8.032695949077606201e-02
1.280000000000000000e+02 5.947092548012733459e-02 8.021669834852218628e-02
1.290000000000000000e+02 5.936930328607559204e-02 8.013677597045898438e-02
1.300000000000000000e+02 5.925314500927925110e-02 7.987654954195022583e-02
1.310000000000000000e+02 5.915675312280654907e-02 7.991345971822738647e-02
1.320000000000000000e+02 5.908233672380447388e-02 7.964169979095458984e-02
1.330000000000000000e+02 5.900210142135620117e-02 7.957378774881362915e-02
1.340000000000000000e+02 5.884680524468421936e-02 7.938797026872634888e-02
1.350000000000000000e+02 5.876826122403144836e-02 7.917701452970504761e-02
1.360000000000000000e+02 5.863363668322563171e-02 7.920221984386444092e-02
1.370000000000000000e+02 5.859348177909851074e-02 7.909249514341354370e-02
1.380000000000000000e+02 5.850049480795860291e-02 7.892608642578125000e-02
1.390000000000000000e+02 5.845134705305099487e-02 7.869046926498413086e-02
1.400000000000000000e+02 5.829259380698204041e-02 7.856244593858718872e-02
1.410000000000000000e+02 5.824272707104682922e-02 7.851011306047439575e-02
1.420000000000000000e+02 5.815291032195091248e-02 7.855795323848724365e-02
1.430000000000000000e+02 5.806631967425346375e-02 7.826039195060729980e-02
1.440000000000000000e+02 5.793911218643188477e-02 7.822287827730178833e-02
1.450000000000000000e+02 5.783734470605850220e-02 7.800667732954025269e-02
1.460000000000000000e+02 5.778328701853752136e-02 7.799998670816421509e-02
1.470000000000000000e+02 5.770650133490562439e-02 7.797798514366149902e-02
1.480000000000000000e+02 5.758332088589668274e-02 7.785791158676147461e-02
1.490000000000000000e+02 5.755524337291717529e-02 7.786154001951217651e-02
1.500000000000000000e+02 5.744834244251251221e-02 7.756239175796508789e-02
1.510000000000000000e+02 5.737260356545448303e-02 7.757114619016647339e-02
1.520000000000000000e+02 5.729123950004577637e-02 7.729658484458923340e-02
1.530000000000000000e+02 5.723813921213150024e-02 7.718630880117416382e-02
1.540000000000000000e+02 5.717676877975463867e-02 7.728970795869827271e-02
1.550000000000000000e+02 5.709855630993843079e-02 7.709086686372756958e-02
1.560000000000000000e+02 5.700092762708663940e-02 7.698693871498107910e-02
1.570000000000000000e+02 5.691017955541610718e-02 7.688655704259872437e-02
1.580000000000000000e+02 5.687813088297843933e-02 7.672628760337829590e-02
1.590000000000000000e+02 5.679300799965858459e-02 7.671578973531723022e-02
1.600000000000000000e+02 5.668495222926139832e-02 7.648707181215286255e-02
1.610000000000000000e+02 5.662934109568595886e-02 7.649452239274978638e-02
1.620000000000000000e+02 5.659878998994827271e-02 7.642790675163269043e-02
1.630000000000000000e+02 5.651831999421119690e-02 7.644615322351455688e-02
1.640000000000000000e+02 5.645707622170448303e-02 7.621410489082336426e-02
1.650000000000000000e+02 5.636446550488471985e-02 7.616402208805084229e-02
1.660000000000000000e+02 5.631402507424354553e-02 7.597863674163818359e-02
1.670000000000000000e+02 5.626257508993148804e-02 7.592966407537460327e-02
1.680000000000000000e+02 5.618933960795402527e-02 7.587692886590957642e-02
1.690000000000000000e+02 5.607929453253746033e-02 7.577822357416152954e-02
1.700000000000000000e+02 5.604920536279678345e-02 7.575661689043045044e-02
1.710000000000000000e+02 5.595495179295539856e-02 7.577155530452728271e-02
1.720000000000000000e+02 5.585289001464843750e-02 7.563992589712142944e-02
1.730000000000000000e+02 5.589155480265617371e-02 7.543706893920898438e-02
1.740000000000000000e+02 5.579297244548797607e-02 7.536802440881729126e-02
1.750000000000000000e+02 5.568174272775650024e-02 7.535783201456069946e-02
1.760000000000000000e+02 5.566705763339996338e-02 7.532363384962081909e-02
1.770000000000000000e+02 5.558233708143234253e-02 7.523562014102935791e-02
1.780000000000000000e+02 5.555984377861022949e-02 7.508628070354461670e-02
1.790000000000000000e+02 5.547366291284561157e-02 7.508206367492675781e-02
1.800000000000000000e+02 5.541566386818885803e-02 7.487633824348449707e-02
1.810000000000000000e+02 5.530310049653053284e-02 7.489925622940063477e-02
1.820000000000000000e+02 5.526574701070785522e-02 7.484140992164611816e-02
1.830000000000000000e+02 5.524569004774093628e-02 7.488930970430374146e-02
1.840000000000000000e+02 5.514032766222953796e-02 7.470218837261199951e-02
1.850000000000000000e+02 5.505191907286643982e-02 7.462633401155471802e-02
1.860000000000000000e+02 5.501417070627212524e-02 7.474344968795776367e-02
1.870000000000000000e+02 5.497949942946434021e-02 7.447144389152526855e-02
1.880000000000000000e+02 5.489871278405189514e-02 7.443512976169586182e-02
1.890000000000000000e+02 5.486288666725158691e-02 7.442396134138107300e-02
1.900000000000000000e+02 5.480867996811866760e-02 7.438418269157409668e-02
1.910000000000000000e+02 5.469466745853424072e-02 7.423247396945953369e-02
1.920000000000000000e+02 5.468534678220748901e-02 7.410163432359695435e-02
1.930000000000000000e+02 5.458327382802963257e-02 7.406254112720489502e-02
1.940000000000000000e+02 5.454630404710769653e-02 7.405532896518707275e-02
1.950000000000000000e+02 5.448853969573974609e-02 7.412018626928329468e-02
1.960000000000000000e+02 5.448334664106369019e-02 7.388351112604141235e-02
1.970000000000000000e+02 5.444543808698654175e-02 7.382586598396301270e-02
1.980000000000000000e+02 5.437606573104858398e-02 7.388117164373397827e-02
1.990000000000000000e+02 5.424646660685539246e-02 7.373420894145965576e-02
2.000000000000000000e+02 5.423003062605857849e-02 7.363574951887130737e-02
2.010000000000000000e+02 5.418200790882110596e-02 7.377006858587265015e-02
2.020000000000000000e+02 5.414109677076339722e-02 7.352541387081146240e-02
2.030000000000000000e+02 5.405132099986076355e-02 7.344179600477218628e-02
2.040000000000000000e+02 5.404845997691154480e-02 7.334653288125991821e-02
2.050000000000000000e+02 5.400711297988891602e-02 7.337543368339538574e-02
2.060000000000000000e+02 5.388105288147926331e-02 7.328899204730987549e-02
2.070000000000000000e+02 5.385902523994445801e-02 7.314806431531906128e-02
2.080000000000000000e+02 5.381058529019355774e-02 7.312098145484924316e-02
2.090000000000000000e+02 5.375074967741966248e-02 7.319507747888565063e-02
2.100000000000000000e+02 5.371671915054321289e-02 7.301480323076248169e-02
2.110000000000000000e+02 5.363424122333526611e-02 7.294160872697830200e-02
2.120000000000000000e+02 5.361107364296913147e-02 7.276766747236251831e-02
2.130000000000000000e+02 5.351173505187034607e-02 7.277996838092803955e-02
2.140000000000000000e+02 5.352193489670753479e-02 7.268705219030380249e-02
2.150000000000000000e+02 5.342635512351989746e-02 7.264755666255950928e-02
2.160000000000000000e+02 5.340626835823059082e-02 7.271870225667953491e-02
2.170000000000000000e+02 5.334557592868804932e-02 7.260618358850479126e-02
2.180000000000000000e+02 5.328659340739250183e-02 7.267402857542037964e-02
2.190000000000000000e+02 5.319111049175262451e-02 7.243367284536361694e-02
2.200000000000000000e+02 5.317747592926025391e-02 7.238300144672393799e-02
2.210000000000000000e+02 5.314076319336891174e-02 7.225088030099868774e-02
2.220000000000000000e+02 5.306796357035636902e-02 7.226541638374328613e-02
2.230000000000000000e+02 5.302772670984268188e-02 7.249960303306579590e-02
2.240000000000000000e+02 5.294940620660781860e-02 7.226475328207015991e-02
2.250000000000000000e+02 5.291406810283660889e-02 7.215274870395660400e-02
2.260000000000000000e+02 5.290525034070014954e-02 7.204961776733398438e-02
2.270000000000000000e+02 5.280689895153045654e-02 7.201503217220306396e-02
2.280000000000000000e+02 5.278081819415092468e-02 7.195430994033813477e-02
2.290000000000000000e+02 5.274290964007377625e-02 7.202079892158508301e-02
2.300000000000000000e+02 5.268644914031028748e-02 7.184777408838272095e-02
2.310000000000000000e+02 5.264363065361976624e-02 7.187584042549133301e-02
2.320000000000000000e+02 5.262032896280288696e-02 7.189298421144485474e-02
2.330000000000000000e+02 5.250442773103713989e-02 7.177913933992385864e-02
2.340000000000000000e+02 5.251993983983993530e-02 7.176885008811950684e-02
2.350000000000000000e+02 5.245729535818099976e-02 7.170207053422927856e-02
2.360000000000000000e+02 5.239078775048255920e-02 7.154911756515502930e-02
2.370000000000000000e+02 5.237283930182456970e-02 7.148280739784240723e-02
2.380000000000000000e+02 5.229781195521354675e-02 7.146233320236206055e-02
2.390000000000000000e+02 5.226049572229385376e-02 7.143106311559677124e-02
2.400000000000000000e+02 5.221711099147796631e-02 7.148498296737670898e-02
2.410000000000000000e+02 5.215515941381454468e-02 7.133074104785919189e-02
2.420000000000000000e+02 5.209957063198089600e-02 7.156256586313247681e-02
2.430000000000000000e+02 5.211153998970985413e-02 7.134527713060379028e-02
2.440000000000000000e+02 5.196105688810348511e-02 7.122271507978439331e-02
2.450000000000000000e+02 5.198712646961212158e-02 7.117398828268051147e-02
2.460000000000000000e+02 5.192220956087112427e-02 7.108114659786224365e-02
2.470000000000000000e+02 5.187232792377471924e-02 7.101846486330032349e-02
2.480000000000000000e+02 5.185348913073539734e-02 7.100183516740798950e-02
2.490000000000000000e+02 5.177988111972808838e-02 7.076626271009445190e-02
2.500000000000000000e+02 5.174075812101364136e-02 7.097401469945907593e-02
2.510000000000000000e+02 5.168252065777778625e-02 7.082560658454895020e-02
2.520000000000000000e+02 5.168109014630317688e-02 7.074852287769317627e-02
2.530000000000000000e+02 5.167018622159957886e-02 7.086864858865737915e-02
2.540000000000000000e+02 5.157282575964927673e-02 7.063870877027511597e-02
2.550000000000000000e+02 5.146089941263198853e-02 7.048977911472320557e-02
2.560000000000000000e+02 5.146590992808341980e-02 7.062369585037231445e-02
2.570000000000000000e+02 5.143971741199493408e-02 7.067018002271652222e-02
2.580000000000000000e+02 5.143835023045539856e-02 7.059258222579956055e-02
2.590000000000000000e+02 5.135073512792587280e-02 7.043499499559402466e-02
2.600000000000000000e+02 5.132452771067619324e-02 7.042528688907623291e-02
2.610000000000000000e+02 5.123417824506759644e-02 7.047931849956512451e-02
2.620000000000000000e+02 5.124291777610778809e-02 7.045135647058486938e-02
2.630000000000000000e+02 5.111769214272499084e-02 7.033866643905639648e-02
2.640000000000000000e+02 5.110051482915878296e-02 7.014881819486618042e-02
2.650000000000000000e+02 5.106732249259948730e-02 7.018361985683441162e-02
2.660000000000000000e+02 5.098493397235870361e-02 7.015277445316314697e-02
2.670000000000000000e+02 5.100974068045616150e-02 7.011529803276062012e-02
2.680000000000000000e+02 5.097985267639160156e-02 6.998389959335327148e-02
2.690000000000000000e+02 5.089728534221649170e-02 6.996202468872070312e-02
2.700000000000000000e+02 5.087250843644142151e-02 7.014325261116027832e-02
2.710000000000000000e+02 5.081782117486000061e-02 6.990207731723785400e-02
2.720000000000000000e+02 5.078742280602455139e-02 6.985796242952346802e-02
2.730000000000000000e+02 5.073853582143783569e-02 6.977987289428710938e-02
2.740000000000000000e+02 5.070827901363372803e-02 7.000383734703063965e-02
2.750000000000000000e+02 5.069317296147346497e-02 6.987043470144271851e-02
2.760000000000000000e+02 5.064745247364044189e-02 6.966467946767807007e-02
2.770000000000000000e+02 5.052141100168228149e-02 6.975358724594116211e-02
2.780000000000000000e+02 5.049265921115875244e-02 6.962491571903228760e-02
2.790000000000000000e+02 5.041497200727462769e-02 6.955983489751815796e-02
2.800000000000000000e+02 5.041562020778656006e-02 6.955289095640182495e-02
2.810000000000000000e+02 5.043976753950119019e-02 6.945066899061203003e-02
2.820000000000000000e+02 5.034331977367401123e-02 6.942635774612426758e-02
2.830000000000000000e+02 5.029328539967536926e-02 6.949165463447570801e-02
2.840000000000000000e+02 5.031701922416687012e-02 6.934507936239242554e-02
2.850000000000000000e+02 5.022808164358139038e-02 6.929262727499008179e-02
2.860000000000000000e+02 5.020093917846679688e-02 6.927680969238281250e-02
2.870000000000000000e+02 5.015759915113449097e-02 6.916663050651550293e-02
2.880000000000000000e+02 5.016239359974861145e-02 6.913571059703826904e-02
2.890000000000000000e+02 5.007363110780715942e-02 6.908395141363143921e-02
2.900000000000000000e+02 5.004565417766571045e-02 6.907466799020767212e-02
2.910000000000000000e+02 4.998210072517395020e-02 6.901150941848754883e-02
2.920000000000000000e+02 4.997033625841140747e-02 6.895980983972549438e-02
2.930000000000000000e+02 4.993601515889167786e-02 6.899081170558929443e-02
2.940000000000000000e+02 4.987436160445213318e-02 6.889867037534713745e-02
2.950000000000000000e+02 4.978778958320617676e-02 6.888272613286972046e-02
2.960000000000000000e+02 4.976287111639976501e-02 6.881411373615264893e-02
2.970000000000000000e+02 4.976396262645721436e-02 6.887512654066085815e-02
2.980000000000000000e+02 4.968330636620521545e-02 6.881057471036911011e-02
2.990000000000000000e+02 4.965607449412345886e-02 6.879482418298721313e-02
3.000000000000000000e+02 4.961957037448883057e-02 6.879157572984695435e-02
3.010000000000000000e+02 4.960727319121360779e-02 6.878664344549179077e-02
3.020000000000000000e+02 4.956629499793052673e-02 6.865843385457992554e-02
3.030000000000000000e+02 4.950046911835670471e-02 6.851380318403244019e-02
3.040000000000000000e+02 4.939750581979751587e-02 6.865785270929336548e-02
3.050000000000000000e+02 4.941399395465850830e-02 6.840174645185470581e-02
3.060000000000000000e+02 4.941311106085777283e-02 6.846821308135986328e-02
3.070000000000000000e+02 4.937379807233810425e-02 6.841626763343811035e-02
3.080000000000000000e+02 4.932001978158950806e-02 6.835722178220748901e-02
3.090000000000000000e+02 4.927268996834754944e-02 6.841574609279632568e-02
3.100000000000000000e+02 4.923569783568382263e-02 6.848600506782531738e-02
3.110000000000000000e+02 4.915541410446166992e-02 6.817308813333511353e-02
3.120000000000000000e+02 4.918191954493522644e-02 6.824865937232971191e-02
3.130000000000000000e+02 4.913533478975296021e-02 6.834894418716430664e-02
3.140000000000000000e+02 4.912327975034713745e-02 6.817357987165451050e-02
3.150000000000000000e+02 4.909382387995719910e-02 6.820689141750335693e-02
3.160000000000000000e+02 4.903985559940338135e-02 6.817682832479476929e-02
3.170000000000000000e+02 4.902324825525283813e-02 6.806651502847671509e-02
3.180000000000000000e+02 4.897084459662437439e-02 6.798242032527923584e-02
3.190000000000000000e+02 4.889825731515884399e-02 6.796804815530776978e-02
3.200000000000000000e+02 4.884755238890647888e-02 6.799082458019256592e-02
3.210000000000000000e+02 4.879484325647354126e-02 6.799657642841339111e-02
3.220000000000000000e+02 4.879644140601158142e-02 6.791049987077713013e-02
3.230000000000000000e+02 4.876298829913139343e-02 6.782627105712890625e-02
3.240000000000000000e+02 4.868776723742485046e-02 6.786128133535385132e-02
3.250000000000000000e+02 4.869768023490905762e-02 6.779694557189941406e-02
3.260000000000000000e+02 4.863242432475090027e-02 6.784656643867492676e-02
3.270000000000000000e+02 4.856983572244644165e-02 6.767266243696212769e-02
3.280000000000000000e+02 4.855670779943466187e-02 6.775341182947158813e-02
3.290000000000000000e+02 4.856419563293457031e-02 6.776268035173416138e-02
3.300000000000000000e+02 4.844857752323150635e-02 6.761679053306579590e-02
3.310000000000000000e+02 4.842688143253326416e-02 6.756164133548736572e-02
3.320000000000000000e+02 4.836840182542800903e-02 6.757902354001998901e-02
3.330000000000000000e+02 4.837084189057350159e-02 6.748141348361968994e-02
3.340000000000000000e+02 4.833054542541503906e-02 6.740957498550415039e-02
3.350000000000000000e+02 4.829640686511993408e-02 6.735844165086746216e-02
3.360000000000000000e+02 4.824338108301162720e-02 6.732335686683654785e-02
3.370000000000000000e+02 4.832827299833297729e-02 6.735003739595413208e-02
3.380000000000000000e+02 4.814172163605690002e-02 6.737259775400161743e-02
3.390000000000000000e+02 4.812635108828544617e-02 6.730449199676513672e-02
3.400000000000000000e+02 4.807597771286964417e-02 6.735248863697052002e-02
3.410000000000000000e+02 4.809411615133285522e-02 6.717141717672348022e-02
3.420000000000000000e+02 4.803339764475822449e-02 6.711439788341522217e-02
3.430000000000000000e+02 4.805436730384826660e-02 6.705714017152786255e-02
3.440000000000000000e+02 4.795811325311660767e-02 6.702178716659545898e-02
3.450000000000000000e+02 4.797414690256118774e-02 6.715068221092224121e-02
3.460000000000000000e+02 4.791761562228202820e-02 6.710593402385711670e-02
3.470000000000000000e+02 4.785271733999252319e-02 6.706812977790832520e-02
3.480000000000000000e+02 4.783857241272926331e-02 6.685305386781692505e-02
3.490000000000000000e+02 4.778496548533439636e-02 6.693717837333679199e-02
3.500000000000000000e+02 4.773472249507904053e-02 6.676431745290756226e-02
3.510000000000000000e+02 4.769220575690269470e-02 6.676980108022689819e-02
3.520000000000000000e+02 4.769176244735717773e-02 6.668552756309509277e-02
3.530000000000000000e+02 4.765265807509422302e-02 6.677608191967010498e-02
3.540000000000000000e+02 4.755653440952301025e-02 6.651911884546279907e-02
3.550000000000000000e+02 4.759272560477256775e-02 6.656774133443832397e-02
3.560000000000000000e+02 4.757681488990783691e-02 6.641726195812225342e-02
3.570000000000000000e+02 4.748967662453651428e-02 6.645346432924270630e-02
3.580000000000000000e+02 4.746085405349731445e-02 6.656896322965621948e-02
3.590000000000000000e+02 4.741493239998817444e-02 6.641288846731185913e-02
3.600000000000000000e+02 4.736250638961791992e-02 6.644327193498611450e-02
3.610000000000000000e+02 4.734094068408012390e-02 6.639557331800460815e-02
3.620000000000000000e+02 4.732080176472663879e-02 6.626930087804794312e-02
3.630000000000000000e+02 4.723958298563957214e-02 6.617566198110580444e-02
3.640000000000000000e+02 4.722478985786437988e-02 6.607607007026672363e-02
3.650000000000000000e+02 4.717249423265457153e-02 6.609743088483810425e-02
3.660000000000000000e+02 4.712788760662078857e-02 6.590162962675094604e-02
3.670000000000000000e+02 4.712025448679924011e-02 6.602269411087036133e-02
3.680000000000000000e+02 4.712635278701782227e-02 6.589812040328979492e-02
3.690000000000000000e+02 4.706924781203269958e-02 6.578888744115829468e-02
3.700000000000000000e+02 4.702197760343551636e-02 6.586489826440811157e-02
3.710000000000000000e+02 4.696589335799217224e-02 6.586711108684539795e-02
3.720000000000000000e+02 4.688830301165580750e-02 6.587596982717514038e-02
3.730000000000000000e+02 4.690777510404586792e-02 6.566540151834487915e-02
3.740000000000000000e+02 4.689125344157218933e-02 6.558184325695037842e-02
3.750000000000000000e+02 4.681332409381866455e-02 6.548406928777694702e-02
3.760000000000000000e+02 4.680034890770912170e-02 6.551149487495422363e-02
3.770000000000000000e+02 4.677922651171684265e-02 6.534945964813232422e-02
3.780000000000000000e+02 4.670295491814613342e-02 6.563402712345123291e-02
3.790000000000000000e+02 4.663847014307975769e-02 6.554690003395080566e-02
3.800000000000000000e+02 4.660451784729957581e-02 6.553433090448379517e-02
3.810000000000000000e+02 4.666009172797203064e-02 6.533072888851165771e-02
3.820000000000000000e+02 4.650801047682762146e-02 6.537362933158874512e-02
3.830000000000000000e+02 4.651693627238273621e-02 6.535251438617706299e-02
3.840000000000000000e+02 4.649734124541282654e-02 6.526923924684524536e-02
3.850000000000000000e+02 4.644003510475158691e-02 6.513395905494689941e-02
3.860000000000000000e+02 4.644887894392013550e-02 6.522970646619796753e-02
3.870000000000000000e+02 4.640335589647293091e-02 6.516175717115402222e-02
3.880000000000000000e+02 4.644732549786567688e-02 6.514560431241989136e-02
3.890000000000000000e+02 4.629763588309288025e-02 6.512055546045303345e-02
3.900000000000000000e+02 4.627946391701698303e-02 6.502585113048553467e-02
3.910000000000000000e+02 4.622900113463401794e-02 6.493982672691345215e-02
3.920000000000000000e+02 4.625002294778823853e-02 6.501980125904083252e-02
3.930000000000000000e+02 4.612751677632331848e-02 6.491737812757492065e-02
3.940000000000000000e+02 4.617944359779357910e-02 6.479901820421218872e-02
3.950000000000000000e+02 4.611253738403320312e-02 6.473683565855026245e-02
3.960000000000000000e+02 4.607643932104110718e-02 6.488850712776184082e-02
3.970000000000000000e+02 4.601865261793136597e-02 6.470083445310592651e-02
3.980000000000000000e+02 4.599061235785484314e-02 6.477804481983184814e-02
3.990000000000000000e+02 4.597662761807441711e-02 6.465535610914230347e-02
4.000000000000000000e+02 4.591899365186691284e-02 6.471287459135055542e-02
4.010000000000000000e+02 4.593898355960845947e-02 6.451623886823654175e-02
4.020000000000000000e+02 4.587475955486297607e-02 6.458187103271484375e-02
4.030000000000000000e+02 4.585561901330947876e-02 6.466054916381835938e-02
4.040000000000000000e+02 4.584859684109687805e-02 6.468635052442550659e-02
4.050000000000000000e+02 4.582700878381729126e-02 6.440913677215576172e-02
4.060000000000000000e+02 4.576150700449943542e-02 6.445411592721939087e-02
4.070000000000000000e+02 4.566854238510131836e-02 6.444992125034332275e-02
4.080000000000000000e+02 4.566267877817153931e-02 6.441839784383773804e-02
4.090000000000000000e+02 4.566073417663574219e-02 6.422849744558334351e-02
4.100000000000000000e+02 4.564039036631584167e-02 6.430490314960479736e-02
4.110000000000000000e+02 4.554093256592750549e-02 6.429038941860198975e-02
4.120000000000000000e+02 4.553455859422683716e-02 6.413744390010833740e-02
4.130000000000000000e+02 4.549079760909080505e-02 6.425681710243225098e-02
4.140000000000000000e+02 4.546808078885078430e-02 6.429269909858703613e-02
4.150000000000000000e+02 4.543745145201683044e-02 6.417936086654663086e-02
4.160000000000000000e+02 4.543191194534301758e-02 6.421305984258651733e-02
4.170000000000000000e+02 4.538637399673461914e-02 6.423798203468322754e-02
4.180000000000000000e+02 4.534844681620597839e-02 6.404998153448104858e-02
4.190000000000000000e+02 4.539150372147560120e-02 6.406463682651519775e-02
4.200000000000000000e+02 4.530505836009979248e-02 6.413116306066513062e-02
4.210000000000000000e+02 4.523072764277458191e-02 6.393629312515258789e-02
4.220000000000000000e+02 4.522483423352241516e-02 6.400351971387863159e-02
4.230000000000000000e+02 4.519141465425491333e-02 6.393447518348693848e-02
4.240000000000000000e+02 4.514689370989799500e-02 6.390333175659179688e-02
4.250000000000000000e+02 4.516077786684036255e-02 6.393212825059890747e-02
4.260000000000000000e+02 4.513557255268096924e-02 6.378957629203796387e-02
4.270000000000000000e+02 4.511570930480957031e-02 6.376525759696960449e-02
4.280000000000000000e+02 4.510768130421638489e-02 6.369985640048980713e-02
4.290000000000000000e+02 4.502789303660392761e-02 6.384611874818801880e-02
4.300000000000000000e+02 4.503617808222770691e-02 6.374853849411010742e-02
4.310000000000000000e+02 4.496547579765319824e-02 6.373862177133560181e-02
4.320000000000000000e+02 4.491247236728668213e-02 6.373351812362670898e-02
4.330000000000000000e+02 4.489871114492416382e-02 6.366207450628280640e-02
4.340000000000000000e+02 4.491721093654632568e-02 6.348375231027603149e-02
4.350000000000000000e+02 4.485082998871803284e-02 6.347317248582839966e-02
4.360000000000000000e+02 4.481564089655876160e-02 6.341096758842468262e-02
4.370000000000000000e+02 4.479863494634628296e-02 6.365296244621276855e-02
4.380000000000000000e+02 4.480223357677459717e-02 6.367921829223632812e-02
4.390000000000000000e+02 4.480168223381042480e-02 6.354065239429473877e-02
4.400000000000000000e+02 4.475525021553039551e-02 6.350811570882797241e-02
4.410000000000000000e+02 4.470328986644744873e-02 6.352929770946502686e-02
4.420000000000000000e+02 4.468625038862228394e-02 6.343856453895568848e-02
4.430000000000000000e+02 4.470404982566833496e-02 6.330472230911254883e-02
4.440000000000000000e+02 4.468143358826637268e-02 6.321439892053604126e-02
4.450000000000000000e+02 4.456817731261253357e-02 6.321066617965698242e-02
4.460000000000000000e+02 4.460712149739265442e-02 6.315162032842636108e-02
4.470000000000000000e+02 4.457051679491996765e-02 6.328986585140228271e-02
4.480000000000000000e+02 4.458584263920783997e-02 6.312651932239532471e-02
4.490000000000000000e+02 4.453773424029350281e-02 6.323035061359405518e-02
4.500000000000000000e+02 4.448428750038146973e-02 6.323001533746719360e-02
4.510000000000000000e+02 4.451916366815567017e-02 6.318590790033340454e-02
4.520000000000000000e+02 4.444208368659019470e-02 6.307461112737655640e-02
4.530000000000000000e+02 4.446313902735710144e-02 6.289717555046081543e-02
4.540000000000000000e+02 4.436754807829856873e-02 6.298934668302536011e-02
4.550000000000000000e+02 4.437169805169105530e-02 6.306470930576324463e-02
4.560000000000000000e+02 4.431432858109474182e-02 6.304176151752471924e-02
4.570000000000000000e+02 4.431175440549850464e-02 6.303937733173370361e-02
4.580000000000000000e+02 4.426982253789901733e-02 6.285428255796432495e-02
4.590000000000000000e+02 4.426463320851325989e-02 6.295708566904067993e-02
4.600000000000000000e+02 4.423578456044197083e-02 6.286373734474182129e-02
4.610000000000000000e+02 4.424292221665382385e-02 6.304627656936645508e-02
4.620000000000000000e+02 4.422179609537124634e-02 6.282712519168853760e-02
4.630000000000000000e+02 4.416345432400703430e-02 6.287112087011337280e-02
4.640000000000000000e+02 4.415551200509071350e-02 6.271756440401077271e-02
4.650000000000000000e+02 4.412551224231719971e-02 6.272169202566146851e-02
4.660000000000000000e+02 4.405518621206283569e-02 6.278666853904724121e-02
4.670000000000000000e+02 4.403844848275184631e-02 6.273256987333297729e-02
4.680000000000000000e+02 4.403962567448616028e-02 6.276468187570571899e-02
4.690000000000000000e+02 4.405750334262847900e-02 6.259342283010482788e-02
4.700000000000000000e+02 4.395579546689987183e-02 6.262310594320297241e-02
4.710000000000000000e+02 4.398598894476890564e-02 6.259802728891372681e-02
4.720000000000000000e+02 4.395838454365730286e-02 6.237702816724777222e-02
4.730000000000000000e+02 4.395109042525291443e-02 6.242999807000160217e-02
4.740000000000000000e+02 4.388463497161865234e-02 6.251001358032226562e-02
4.750000000000000000e+02 4.388582333922386169e-02 6.239567697048187256e-02
4.760000000000000000e+02 4.385592788457870483e-02 6.232680752873420715e-02
4.770000000000000000e+02 4.386965185403823853e-02 6.241683289408683777e-02
4.780000000000000000e+02 4.382427036762237549e-02 6.237811967730522156e-02
4.790000000000000000e+02 4.379865154623985291e-02 6.240646913647651672e-02
4.800000000000000000e+02 4.377112165093421936e-02 6.242630258202552795e-02
4.810000000000000000e+02 4.377493262290954590e-02 6.245553120970726013e-02
4.820000000000000000e+02 4.376124590635299683e-02 6.227285787463188171e-02
4.830000000000000000e+02 4.372536763548851013e-02 6.238780915737152100e-02
4.840000000000000000e+02 4.369603842496871948e-02 6.231487542390823364e-02
4.850000000000000000e+02 4.364218190312385559e-02 6.233664229512214661e-02
4.860000000000000000e+02 4.363670572638511658e-02 6.232396513223648071e-02
4.870000000000000000e+02 4.365779459476470947e-02 6.206937879323959351e-02
4.880000000000000000e+02 4.360283166170120239e-02 6.211887672543525696e-02
4.890000000000000000e+02 4.361434280872344971e-02 6.208330020308494568e-02
4.900000000000000000e+02 4.361936450004577637e-02 6.217615678906440735e-02
4.910000000000000000e+02 4.356459900736808777e-02 6.224637851119041443e-02
4.920000000000000000e+02 4.353792220354080200e-02 6.220499798655509949e-02
4.930000000000000000e+02 4.357323423027992249e-02 6.210604682564735413e-02
4.940000000000000000e+02 4.347110539674758911e-02 6.209316849708557129e-02
4.950000000000000000e+02 4.347440972924232483e-02 6.212343648076057434e-02
4.960000000000000000e+02 4.351110011339187622e-02 6.185892224311828613e-02
4.970000000000000000e+02 4.347359389066696167e-02 6.197420507669448853e-02
4.980000000000000000e+02 4.338429495692253113e-02 6.191078200936317444e-02
4.990000000000000000e+02 4.333053529262542725e-02 6.199194118380546570e-02
5.000000000000000000e+02 4.334027692675590515e-02 6.194248795509338379e-02
5.010000000000000000e+02 4.339918121695518494e-02 6.189135089516639709e-02
5.020000000000000000e+02 4.331661015748977661e-02 6.177683174610137939e-02
5.030000000000000000e+02 4.332469403743743896e-02 6.180842593312263489e-02
5.040000000000000000e+02 4.328977689146995544e-02 6.187750399112701416e-02
5.050000000000000000e+02 4.323139041662216187e-02 6.181168928742408752e-02
5.060000000000000000e+02 4.328158497810363770e-02 6.184819340705871582e-02
5.070000000000000000e+02 4.322206601500511169e-02 6.179063022136688232e-02
5.080000000000000000e+02 4.323525726795196533e-02 6.168728321790695190e-02
5.090000000000000000e+02 4.321702569723129272e-02 6.175727769732475281e-02
5.100000000000000000e+02 4.317888244986534119e-02 6.171298027038574219e-02
5.110000000000000000e+02 4.322047904133796692e-02 6.180053204298019409e-02
5.120000000000000000e+02 4.315381497144699097e-02 6.180819869041442871e-02
5.130000000000000000e+02 4.312179237604141235e-02 6.182464212179183960e-02
5.140000000000000000e+02 4.315313324332237244e-02 6.158874556422233582e-02
5.150000000000000000e+02 4.312931746244430542e-02 6.168514117598533630e-02
5.160000000000000000e+02 4.310966655611991882e-02 6.153458356857299805e-02
5.170000000000000000e+02 4.309169948101043701e-02 6.160987913608551025e-02
5.180000000000000000e+02 4.302313551306724548e-02 6.157303601503372192e-02
5.190000000000000000e+02 4.298374056816101074e-02 6.162379309535026550e-02
5.200000000000000000e+02 4.300168156623840332e-02 6.137837842106819153e-02
5.210000000000000000e+02 4.299191012978553772e-02 6.131723150610923767e-02
5.220000000000000000e+02 4.300202056765556335e-02 6.147542223334312439e-02
5.230000000000000000e+02 4.294292628765106201e-02 6.145712360739707947e-02
5.240000000000000000e+02 4.293413832783699036e-02 6.149100139737129211e-02
5.250000000000000000e+02 4.293340444564819336e-02 6.141966953873634338e-02
5.260000000000000000e+02 4.290148988366127014e-02 6.147198006510734558e-02
5.270000000000000000e+02 4.294905439019203186e-02 6.129794195294380188e-02
5.280000000000000000e+02 4.286054521799087524e-02 6.128105521202087402e-02
5.290000000000000000e+02 4.289164394140243530e-02 6.146250665187835693e-02
5.300000000000000000e+02 4.282598569989204407e-02 6.138963252305984497e-02
5.310000000000000000e+02 4.285379871726036072e-02 6.130067259073257446e-02
5.320000000000000000e+02 4.278487712144851685e-02 6.130834668874740601e-02
5.330000000000000000e+02 4.282902926206588745e-02 6.127758324146270752e-02
5.340000000000000000e+02 4.276555031538009644e-02 6.131308153271675110e-02
5.350000000000000000e+02 4.275200143456459045e-02 6.119581684470176697e-02
5.360000000000000000e+02 4.276284575462341309e-02 6.119240075349807739e-02
5.370000000000000000e+02 4.269689694046974182e-02 6.134958937764167786e-02
5.380000000000000000e+02 4.273793846368789673e-02 6.124340370297431946e-02
5.390000000000000000e+02 4.271146655082702637e-02 6.121209636330604553e-02
5.400000000000000000e+02 4.265230149030685425e-02 6.120773032307624817e-02
5.410000000000000000e+02 4.269068315625190735e-02 6.108043715357780457e-02
5.420000000000000000e+02 4.263642802834510803e-02 6.123364716768264771e-02
5.430000000000000000e+02 4.261048883199691772e-02 6.110410764813423157e-02
5.440000000000000000e+02 4.253423213958740234e-02 6.113394722342491150e-02
5.450000000000000000e+02 4.258748516440391541e-02 6.100826337933540344e-02
5.460000000000000000e+02 4.264271631836891174e-02 6.112837046384811401e-02
5.470000000000000000e+02 4.255141317844390869e-02 6.086020544171333313e-02
5.480000000000000000e+02 4.261015728116035461e-02 6.104732677340507507e-02
5.490000000000000000e+02 4.252133890986442566e-02 6.097078323364257812e-02
5.500000000000000000e+02 4.250180348753929138e-02 6.103408709168434143e-02
5.510000000000000000e+02 4.250531271100044250e-02 6.103629618883132935e-02
5.520000000000000000e+02 4.246158152818679810e-02 6.103177741169929504e-02
5.530000000000000000e+02 4.246409237384796143e-02 6.087232008576393127e-02
5.540000000000000000e+02 4.248718172311782837e-02 6.085601076483726501e-02
5.550000000000000000e+02 4.242680966854095459e-02 6.091853603720664978e-02
5.560000000000000000e+02 4.243443906307220459e-02 6.083104386925697327e-02
5.570000000000000000e+02 4.238717257976531982e-02 6.091463938355445862e-02
5.580000000000000000e+02 4.237638041377067566e-02 6.077314913272857666e-02
5.590000000000000000e+02 4.233743250370025635e-02 6.078514829277992249e-02
5.600000000000000000e+02 4.238612204790115356e-02 6.076559424400329590e-02
5.610000000000000000e+02 4.232001304626464844e-02 6.066256016492843628e-02
5.620000000000000000e+02 4.230218753218650818e-02 6.066909804940223694e-02
5.630000000000000000e+02 4.235355183482170105e-02 6.072140857577323914e-02
5.640000000000000000e+02 4.231422767043113708e-02 6.075274944305419922e-02
5.650000000000000000e+02 4.228721186518669128e-02 6.053113564848899841e-02
5.660000000000000000e+02 4.226890951395034790e-02 6.057684496045112610e-02
5.670000000000000000e+02 4.225669428706169128e-02 6.061686575412750244e-02
5.680000000000000000e+02 4.225144907832145691e-02 6.057686358690261841e-02
5.690000000000000000e+02 4.225869476795196533e-02 6.073229387402534485e-02
5.700000000000000000e+02 4.216727614402770996e-02 6.057647243142127991e-02
5.710000000000000000e+02 4.218170791864395142e-02 6.054583936929702759e-02
5.720000000000000000e+02 4.223181307315826416e-02 6.064885482192039490e-02
5.730000000000000000e+02 4.217876493930816650e-02 6.054877117276191711e-02
5.740000000000000000e+02 4.214509576559066772e-02 6.055876612663269043e-02
