0.000000000000000000e+00 1.039479076862335205e-01 1.244210302829742432e-01
1.000000000000000000e+00 1.034457832574844360e-01 1.239992976188659668e-01
2.000000000000000000e+00 1.029578000307083130e-01 1.235859766602516174e-01
3.000000000000000000e+00 1.024575755000114441e-01 1.231327578425407410e-01
4.000000000000000000e+00 1.019778102636337280e-01 1.227069869637489319e-01
5.000000000000000000e+00 1.014959588646888733e-01 1.222795769572257996e-01
6.000000000000000000e+00 1.010080501437187195e-01 1.218068748712539673e-01
7.000000000000000000e+00 1.005251184105873108e-01 1.213927939534187317e-01
8.000000000000000000e+00 1.000449433922767639e-01 1.209617331624031067e-01
9.000000000000000000e+00 9.955412149429321289e-02 1.205293163657188416e-01
1.000000000000000000e+01 9.906312823295593262e-02 1.200737655162811279e-01
1.100000000000000000e+01 9.856835007667541504e-02 1.196323782205581665e-01
1.200000000000000000e+01 9.806483238935470581e-02 1.191705092787742615e-01
1.300000000000000000e+01 9.756157547235488892e-02 1.187359318137168884e-01
1.400000000000000000e+01 9.704949706792831421e-02 1.182775795459747314e-01
1.500000000000000000e+01 9.653332829475402832e-02 1.177881658077239990e-01
1.600000000000000000e+01 9.602110087871551514e-02 1.173249483108520508e-01
1.700000000000000000e+01 9.549745172262191772e-02 1.168883666396141052e-01
1.800000000000000000e+01 9.497264772653579712e-02 1.164206489920616150e-01
1.900000000000000000e+01 9.445374459028244019e-02 1.158742234110832214e-01
2.000000000000000000e+01 9.394069761037826538e-02 1.154668852686882019e-01
2.100000000000000000e+01 9.340016543865203857e-02 1.149627566337585449e-01
2.200000000000000000e+01 9.288185089826583862e-02 1.145079210400581360e-01
2.300000000000000000e+01 9.237312525510787964e-02 1.140286698937416077e-01
2.400000000000000000e+01 9.183632582426071167e-02 1.135291755199432373e-01
2.500000000000000000e+01 9.130178391933441162e-02 1.130696088075637817e-01
2.600000000000000000e+01 9.077990055084228516e-02 1.125496104359626770e-01
2.700000000000000000e+01 9.025593847036361694e-02 1.120616272091865540e-01
2.800000000000000000e+01 8.970575779676437378e-02 1.115328148007392883e-01
2.900000000000000000e+01 8.917340636253356934e-02 1.110283061861991882e-01
3.000000000000000000e+01 8.863510936498641968e-02 1.104771345853805542e-01
3.100000000000000000e+01 8.806593716144561768e-02 1.099707782268524170e-01
3.200000000000000000e+01 8.751095086336135864e-02 1.094307675957679749e-01
3.300000000000000000e+01 8.695121109485626221e-02 1.089125350117683411e-01
3.400000000000000000e+01 8.639747649431228638e-02 1.084535568952560425e-01
3.500000000000000000e+01 8.582141250371932983e-02 1.078180149197578430e-01
3.600000000000000000e+01 8.527214825153350830e-02 1.073408275842666626e-01
3.700000000000000000e+01 8.469238877296447754e-02 1.068847402930259705e-01
3.800000000000000000e+01 8.414483070373535156e-02 1.062684431672096252e-01
3.900000000000000000e+01 8.357570320367813110e-02 1.057488396763801575e-01
4.000000000000000000e+01 8.303833007812500000e-02 1.052322685718536377e-01
4.100000000000000000e+01 8.251631259918212891e-02 1.047080084681510925e-01
4.200000000000000000e+01 8.199188858270645142e-02 1.042805314064025879e-01
4.300000000000000000e+01 8.148808032274246216e-02 1.037995144724845886e-01
4.400000000000000000e+01 8.096887171268463135e-02 1.033298671245574951e-01
4.500000000000000000e+01 8.050002902746200562e-02 1.029036566615104675e-01
4.600000000000000000e+01 8.002333343029022217e-02 1.024919599294662476e-01
4.700000000000000000e+01 7.957001030445098877e-02 1.021100431680679321e-01
4.800000000000000000e+01 7.912439852952957153e-02 1.016847491264343262e-01
4.900000000000000000e+01 7.866758108139038086e-02 1.012612432241439819e-01
5.000000000000000000e+01 7.823663949966430664e-02 1.007448509335517883e-01
5.100000000000000000e+01 7.784518599510192871e-02 1.005774289369583130e-01
5.200000000000000000e+01 7.746724039316177368e-02 1.000797152519226074e-01
5.300000000000000000e+01 7.707539945840835571e-02 9.972184151411056519e-02
5.400000000000000000e+01 7.669587433338165283e-02 9.928902983665466309e-02
5.500000000000000000e+01 7.635143399238586426e-02 9.893960505723953247e-02
5.600000000000000000e+01 7.596825808286666870e-02 9.858018904924392700e-02
5.700000000000000000e+01 7.564619928598403931e-02 9.827734529972076416e-02
5.800000000000000000e+01 7.529208064079284668e-02 9.790022671222686768e-02
5.900000000000000000e+01 7.498463243246078491e-02 9.756517410278320312e-02
6.000000000000000000e+01 7.465773820877075195e-02 9.724451601505279541e-02
6.100000000000000000e+01 7.435156404972076416e-02 9.693133831024169922e-02
6.200000000000000000e+01 7.402063161134719849e-02 9.663175046443939209e-02
6.300000000000000000e+01 7.372747361660003662e-02 9.629905223846435547e-02
6.400000000000000000e+01 7.341387867927551270e-02 9.598264843225479126e-02
6.500000000000000000e+01 7.310201227664947510e-02 9.567016363143920898e-02
6.600000000000000000e+01 7.283044606447219849e-02 9.542087465524673462e-02
6.700000000000000000e+01 7.251027226448059082e-02 9.494154900312423706e-02
6.800000000000000000e+01 7.220682501792907715e-02 9.469036012887954712e-02
6.900000000000000000e+01 7.194422930479049683e-02 9.438466280698776245e-02
7.000000000000000000e+01 7.166698575019836426e-02 9.410867840051651001e-02
7.100000000000000000e+01 7.135975360870361328e-02 9.374648332595825195e-02
7.200000000000000000e+01 7.109776139259338379e-02 9.340100735425949097e-02
7.300000000000000000e+01 7.085642218589782715e-02 9.308739751577377319e-02
7.400000000000000000e+01 7.049223035573959351e-02 9.289579838514328003e-02
7.500000000000000000e+01 7.022155076265335083e-02 9.254036098718643188e-02
7.600000000000000000e+01 6.995646655559539795e-02 9.228819608688354492e-02
7.700000000000000000e+01 6.963072717189788818e-02 9.195230901241302490e-02
7.800000000000000000e+01 6.939202547073364258e-02 9.166810661554336548e-02
7.900000000000000000e+01 6.908112764358520508e-02 9.137440472841262817e-02
8.000000000000000000e+01 6.880724430084228516e-02 9.118505567312240601e-02
8.100000000000000000e+01 6.855514645576477051e-02 9.097556769847869873e-02
8.200000000000000000e+01 6.828900426626205444e-02 9.069727361202239990e-02
8.300000000000000000e+01 6.797665357589721680e-02 9.040366858243942261e-02
8.400000000000000000e+01 6.770084798336029053e-02 9.002223610877990723e-02
8.500000000000000000e+01 6.742022931575775146e-02 8.980907499790191650e-02
8.600000000000000000e+01 6.718780845403671265e-02 8.954798430204391479e-02
8.700000000000000000e+01 6.694094836711883545e-02 8.934334665536880493e-02
8.800000000000000000e+01 6.666167080402374268e-02 8.915894478559494019e-02
8.900000000000000000e+01 6.643238663673400879e-02 8.876739442348480225e-02
9.000000000000000000e+01 6.615059822797775269e-02 8.878332376480102539e-02
9.100000000000000000e+01 6.593402475118637085e-02 8.855409920215606689e-02
9.200000000000000000e+01 6.569200754165649414e-02 8.831554651260375977e-02
9.300000000000000000e+01 6.542333215475082397e-02 8.814907819032669067e-02
9.400000000000000000e+01 6.520092487335205078e-02 8.786351978778839111e-02
9.500000000000000000e+01 6.499167531728744507e-02 8.772575855255126953e-02
9.600000000000000000e+01 6.476293504238128662e-02 8.745902776718139648e-02
9.700000000000000000e+01 6.454300135374069214e-02 8.724045008420944214e-02
9.800000000000000000e+01 6.437315046787261963e-02 8.704441785812377930e-02
9.900000000000000000e+01 6.417061388492584229e-02 8.690243959426879883e-02
1.000000000000000000e+02 6.400150805711746216e-02 8.669421076774597168e-02
1.010000000000000000e+02 6.377969682216644287e-02 8.654628694057464600e-02
1.020000000000000000e+02 6.357884407043457031e-02 8.638586848974227905e-02
1.030000000000000000e+02 6.340773403644561768e-02 8.605118095874786377e-02
1.040000000000000000e+02 6.321953982114791870e-02 8.581797033548355103e-02
1.050000000000000000e+02 6.303210556507110596e-02 8.567469567060470581e-02
1.060000000000000000e+02 6.286774575710296631e-02 8.552434295415878296e-02
1.070000000000000000e+02 6.270390748977661133e-02 8.535164594650268555e-02
1.080000000000000000e+02 6.248451396822929382e-02 8.508870750665664673e-02
1.090000000000000000e+02 6.234604120254516602e-02 8.498501777648925781e-02
1.100000000000000000e+02 6.219422444701194763e-02 8.474012464284896851e-02
1.110000000000000000e+02 6.198258325457572937e-02 8.463803678750991821e-02
1.120000000000000000e+02 6.186237558722496033e-02 8.440820872783660889e-02
1.130000000000000000e+02 6.168296188116073608e-02 8.416165411472320557e-02
1.140000000000000000e+02 6.149518489837646484e-02 8.404868096113204956e-02
1.150000000000000000e+02 6.138465180993080139e-02 8.379094302654266357e-02
1.160000000000000000e+02 6.121531128883361816e-02 8.366484194993972778e-02
1.170000000000000000e+02 6.104644015431404114e-02 8.359868079423904419e-02
1.180000000000000000e+02 6.089079752564430237e-02 8.328401297330856323e-02
1.190000000000000000e+02 6.072397157549858093e-02 8.314837515354156494e-02
1.200000000000000000e+02 6.061568856239318848e-02 8.291766047477722168e-02
1.210000000000000000e+02 6.042228266596794128e-02 8.290903270244598389e-02
1.220000000000000000e+02 6.029027700424194336e-02 8.263295143842697144e-02
1.230000000000000000e+02 6.014522910118103027e-02 8.250343054533004761e-02
1.240000000000000000e+02 5.999173223972320557e-02 8.219105750322341919e-02
1.250000000000000000e+02 5.981842800974845886e-02 8.210241794586181641e-02
1.260000000000000000e+02 5.965816602110862732e-02 8.204752951860427856e-02
1.270000000000000000e+02 5.953197553753852844e-02 8.166271448135375977e-02
1.280000000000000000e+02 5.942226201295852661e-02 8.151157200336456299e-02
1.290000000000000000e+02 5.927740782499313354e-02 8.130613714456558228e-02
1.300000000000000000e+02 5.916429683566093445e-02 8.117263764142990112e-02
1.310000000000000000e+02 5.901195108890533447e-02 8.078714460134506226e-02
1.320000000000000000e+02 5.885052308440208435e-02 8.093905448913574219e-02
1.330000000000000000e+02 5.876358225941658020e-02 8.053091168403625488e-02
1.340000000000000000e+02 5.864592641592025757e-02 8.041571080684661865e-02
1.350000000000000000e+02 5.853003636002540588e-02 8.024638146162033081e-02
1.360000000000000000e+02 5.841206386685371399e-02 8.014966547489166260e-02
1.370000000000000000e+02 5.823605135083198547e-02 8.001366257667541504e-02
1.380000000000000000e+02 5.815407261252403259e-02 7.973708957433700562e-02
1.390000000000000000e+02 5.802198871970176697e-02 7.975721359252929688e-02
1.400000000000000000e+02 5.795655399560928345e-02 7.946154475212097168e-02
1.410000000000000000e+02 5.784982070326805115e-02 7.919923961162567139e-02
1.420000000000000000e+02 5.775713548064231873e-02 7.921245694160461426e-02
1.430000000000000000e+02 5.760508030652999878e-02 7.899905741214752197e-02
1.440000000000000000e+02 5.749640986323356628e-02 7.884784042835235596e-02
1.450000000000000000e+02 5.737128853797912598e-02 7.874666154384613037e-02
1.460000000000000000e+02 5.726027861237525940e-02 7.856001704931259155e-02
1.470000000000000000e+02 5.713726952672004700e-02 7.844208925962448120e-02
1.480000000000000000e+02 5.709394812583923340e-02 7.826503366231918335e-02
1.490000000000000000e+02 5.699160322546958923e-02 7.817351073026657104e-02
1.500000000000000000e+02 5.685521662235260010e-02 7.788322120904922485e-02
1.510000000000000000e+02 5.677522718906402588e-02 7.794952392578125000e-02
1.520000000000000000e+02 5.664382874965667725e-02 7.771904021501541138e-02
1.530000000000000000e+02 5.659905448555946350e-02 7.762056589126586914e-02
1.540000000000000000e+02 5.644883960485458374e-02 7.746336609125137329e-02
1.550000000000000000e+02 5.638545379042625427e-02 7.738776504993438721e-02
1.560000000000000000e+02 5.626140162348747253e-02 7.718819379806518555e-02
1.570000000000000000e+02 5.616954714059829712e-02 7.720094174146652222e-02
1.580000000000000000e+02 5.615050345659255981e-02 7.705486565828323364e-02
1.590000000000000000e+02 5.599513277411460876e-02 7.706478983163833618e-02
1.600000000000000000e+02 5.589164420962333679e-02 7.688439637422561646e-02
1.610000000000000000e+02 5.581447109580039978e-02 7.657893747091293335e-02
1.620000000000000000e+02 5.569724366068840027e-02 7.649062573909759521e-02
1.630000000000000000e+02 5.565359815955162048e-02 7.638534903526306152e-02
1.640000000000000000e+02 5.552991107106208801e-02 7.645455747842788696e-02
1.650000000000000000e+02 5.550879985094070435e-02 7.614301145076751709e-02
1.660000000000000000e+02 5.532508715987205505e-02 7.610029727220535278e-02
1.670000000000000000e+02 5.526511743664741516e-02 7.605330646038055420e-02
1.680000000000000000e+02 5.527720972895622253e-02 7.588478922843933105e-02
1.690000000000000000e+02 5.514424294233322144e-02 7.586885243654251099e-02
1.700000000000000000e+02 5.500892177224159241e-02 7.587504386901855469e-02
1.710000000000000000e+02 5.498581007122993469e-02 7.570801675319671631e-02
1.720000000000000000e+02 5.486596003174781799e-02 7.553429156541824341e-02
1.730000000000000000e+02 5.478218942880630493e-02 7.551337778568267822e-02
1.740000000000000000e+02 5.472083017230033875e-02 7.545071095228195190e-02
1.750000000000000000e+02 5.462835356593132019e-02 7.534667849540710449e-02
1.760000000000000000e+02 5.460229888558387756e-02 7.526102662086486816e-02
1.770000000000000000e+02 5.451988801360130310e-02 7.502727955579757690e-02
1.780000000000000000e+02 5.442139506340026855e-02 7.510349899530410767e-02
1.790000000000000000e+02 5.426274240016937256e-02 7.499578595161437988e-02
1.800000000000000000e+02 5.428056046366691589e-02 7.493396103382110596e-02
1.810000000000000000e+02 5.416208878159523010e-02 7.487832009792327881e-02
1.820000000000000000e+02 5.408650264143943787e-02 7.462914288043975830e-02
1.830000000000000000e+02 5.400028452277183533e-02 7.457837462425231934e-02
1.840000000000000000e+02 5.394493788480758667e-02 7.462278753519058228e-02
1.850000000000000000e+02 5.386423319578170776e-02 7.440848648548126221e-02
1.860000000000000000e+02 5.380522832274436951e-02 7.433176040649414062e-02
1.870000000000000000e+02 5.368191748857498169e-02 7.424634695053100586e-02
1.880000000000000000e+02 5.362212285399436951e-02 7.417789101600646973e-02
1.890000000000000000e+02 5.355338379740715027e-02 7.410217076539993286e-02
1.900000000000000000e+02 5.347101017832756042e-02 7.413414865732192993e-02
1.910000000000000000e+02 5.345206335186958313e-02 7.390710711479187012e-02
1.920000000000000000e+02 5.334922298789024353e-02 7.393888384103775024e-02
1.930000000000000000e+02 5.325625836849212646e-02 7.370690256357192993e-02
1.940000000000000000e+02 5.321748927235603333e-02 7.357998192310333252e-02
1.950000000000000000e+02 5.309478566050529480e-02 7.357021421194076538e-02
1.960000000000000000e+02 5.308390781283378601e-02 7.353957742452621460e-02
1.970000000000000000e+02 5.307690426707267761e-02 7.341773062944412231e-02
1.980000000000000000e+02 5.297005921602249146e-02 7.336127758026123047e-02
1.990000000000000000e+02 5.291106551885604858e-02 7.324667274951934814e-02
2.000000000000000000e+02 5.283035337924957275e-02 7.332064211368560791e-02
2.010000000000000000e+02 5.279489979147911072e-02 7.318063080310821533e-02
2.020000000000000000e+02 5.270069092512130737e-02 7.305512577295303345e-02
2.030000000000000000e+02 5.266744643449783325e-02 7.281008362770080566e-02
2.040000000000000000e+02 5.254890024662017822e-02 7.297246903181076050e-02
2.050000000000000000e+02 5.256919190287590027e-02 7.289043813943862915e-02
2.060000000000000000e+02 5.241593345999717712e-02 7.276515662670135498e-02
2.070000000000000000e+02 5.239097028970718384e-02 7.277724891901016235e-02
2.080000000000000000e+02 5.226235464215278625e-02 7.257076352834701538e-02
2.090000000000000000e+02 5.224275961518287659e-02 7.261023670434951782e-02
2.100000000000000000e+02 5.220139026641845703e-02 7.248225063085556030e-02
2.110000000000000000e+02 5.214087292551994324e-02 7.239466905593872070e-02
2.120000000000000000e+02 5.206614360213279724e-02 7.234278321266174316e-02
2.130000000000000000e+02 5.199534446001052856e-02 7.238103449344635010e-02
2.140000000000000000e+02 5.196489021182060242e-02 7.216111570596694946e-02
2.150000000000000000e+02 5.192790925502777100e-02 7.231770455837249756e-02
2.160000000000000000e+02 5.184055119752883911e-02 7.214695960283279419e-02
2.170000000000000000e+02 5.181853845715522766e-02 7.202828675508499146e-02
2.180000000000000000e+02 5.173217877745628357e-02 7.185503095388412476e-02
2.190000000000000000e+02 5.169999971985816956e-02 7.193091511726379395e-02
2.200000000000000000e+02 5.161330476403236389e-02 7.194299995899200439e-02
2.210000000000000000e+02 5.160688981413841248e-02 7.201293110847473145e-02
2.220000000000000000e+02 5.155064165592193604e-02 7.192824780941009521e-02
2.230000000000000000e+02 5.154236778616905212e-02 7.184238731861114502e-02
2.240000000000000000e+02 5.146708339452743530e-02 7.176660746335983276e-02
2.250000000000000000e+02 5.142705515027046204e-02 7.169770449399948120e-02
2.260000000000000000e+02 5.132569000124931335e-02 7.157601416110992432e-02
2.270000000000000000e+02 5.128764733672142029e-02 7.149524241685867310e-02
2.280000000000000000e+02 5.120042711496353149e-02 7.150706648826599121e-02
2.290000000000000000e+02 5.112431198358535767e-02 7.145495712757110596e-02
2.300000000000000000e+02 5.105162784457206726e-02 7.127379626035690308e-02
2.310000000000000000e+02 5.104540660977363586e-02 7.124391943216323853e-02
2.320000000000000000e+02 5.104746669530868530e-02 7.113257795572280884e-02
2.330000000000000000e+02 5.092750489711761475e-02 7.116083800792694092e-02
2.340000000000000000e+02 5.093348026275634766e-02 7.123658806085586548e-02
2.350000000000000000e+02 5.084644630551338196e-02 7.106371223926544189e-02
2.360000000000000000e+02 5.080329626798629761e-02 7.108421623706817627e-02
2.370000000000000000e+02 5.080670863389968872e-02 7.103880494832992554e-02
2.380000000000000000e+02 5.071735754609107971e-02 7.096098363399505615e-02
2.390000000000000000e+02 5.064783990383148193e-02 7.094684243202209473e-02
2.400000000000000000e+02 5.064004659652709961e-02 7.082461565732955933e-02
2.410000000000000000e+02 5.054897814989089966e-02 7.080660760402679443e-02
2.420000000000000000e+02 5.050224438309669495e-02 7.077285647392272949e-02
2.430000000000000000e+02 5.047424882650375366e-02 7.061700522899627686e-02
2.440000000000000000e+02 5.043729394674301147e-02 7.065139710903167725e-02
2.450000000000000000e+02 5.035841464996337891e-02 7.062903791666030884e-02
2.460000000000000000e+02 5.036887153983116150e-02 7.052505761384963989e-02
2.470000000000000000e+02 5.030013993382453918e-02 7.061622291803359985e-02
2.480000000000000000e+02 5.023796483874320984e-02 7.057549804449081421e-02
2.490000000000000000e+02 5.021636933088302612e-02 7.050477713346481323e-02
2.500000000000000000e+02 5.021927505731582642e-02 7.038770616054534912e-02
2.510000000000000000e+02 5.014297738671302795e-02 7.033531367778778076e-02
2.520000000000000000e+02 5.004591867327690125e-02 7.039029896259307861e-02
2.530000000000000000e+02 5.006758123636245728e-02 7.023449987173080444e-02
2.540000000000000000e+02 4.999260604381561279e-02 7.012102752923965454e-02
2.550000000000000000e+02 4.994263127446174622e-02 7.026210427284240723e-02
2.560000000000000000e+02 4.993504658341407776e-02 7.025013864040374756e-02
2.570000000000000000e+02 4.987049475312232971e-02 7.007150352001190186e-02
2.580000000000000000e+02 4.983472824096679688e-02 7.005359977483749390e-02
2.590000000000000000e+02 4.974390938878059387e-02 7.018901407718658447e-02
2.600000000000000000e+02 4.974422231316566467e-02 6.986150145530700684e-02
2.610000000000000000e+02 4.973690956830978394e-02 6.997714191675186157e-02
2.620000000000000000e+02 4.966152086853981018e-02 6.997587531805038452e-02
2.630000000000000000e+02 4.966991022229194641e-02 6.983184814453125000e-02
2.640000000000000000e+02 4.961961135268211365e-02 6.979024410247802734e-02
2.650000000000000000e+02 4.955381527543067932e-02 6.971005350351333618e-02
2.660000000000000000e+02 4.951765760779380798e-02 6.961079686880111694e-02
2.670000000000000000e+02 4.947748407721519470e-02 6.987562775611877441e-02
2.680000000000000000e+02 4.944580793380737305e-02 6.957948207855224609e-02
2.690000000000000000e+02 4.942306503653526306e-02 6.956953555345535278e-02
2.700000000000000000e+02 4.937687888741493225e-02 6.959515810012817383e-02
2.710000000000000000e+02 4.932038486003875732e-02 6.941277533769607544e-02
2.720000000000000000e+02 4.928623884916305542e-02 6.966618448495864868e-02
2.730000000000000000e+02 4.924083873629570007e-02 6.938377022743225098e-02
2.740000000000000000e+02 4.920803755521774292e-02 6.928249448537826538e-02
2.750000000000000000e+02 4.913376644253730774e-02 6.933436542749404907e-02
2.760000000000000000e+02 4.909085854887962341e-02 6.944596022367477417e-02
2.770000000000000000e+02 4.910451173782348633e-02 6.923528015613555908e-02
2.780000000000000000e+02 4.906342551112174988e-02 6.910641491413116455e-02
2.790000000000000000e+02 4.905314370989799500e-02 6.923848390579223633e-02
2.800000000000000000e+02 4.900004714727401733e-02 6.922847777605056763e-02
2.810000000000000000e+02 4.896428436040878296e-02 6.926025450229644775e-02
2.820000000000000000e+02 4.890538379549980164e-02 6.908866763114929199e-02
2.830000000000000000e+02 4.887153208255767822e-02 6.897946447134017944e-02
2.840000000000000000e+02 4.884172603487968445e-02 6.905359774827957153e-02
2.850000000000000000e+02 4.880870878696441650e-02 6.890743970870971680e-02
2.860000000000000000e+02 4.878650978207588196e-02 6.885837018489837646e-02
2.870000000000000000e+02 4.871955886483192444e-02 6.879012286663055420e-02
2.880000000000000000e+02 4.871321842074394226e-02 6.888276338577270508e-02
2.890000000000000000e+02 4.872237890958786011e-02 6.873196363449096680e-02
2.900000000000000000e+02 4.855077341198921204e-02 6.863342225551605225e-02
2.910000000000000000e+02 4.860422015190124512e-02 6.883097440004348755e-02
2.920000000000000000e+02 4.859123378992080688e-02 6.864062696695327759e-02
2.930000000000000000e+02 4.855341464281082153e-02 6.842604279518127441e-02
2.940000000000000000e+02 4.854837805032730103e-02 6.857180595397949219e-02
2.950000000000000000e+02 4.849423840641975403e-02 6.860741227865219116e-02
2.960000000000000000e+02 4.847267270088195801e-02 6.862724572420120239e-02
2.970000000000000000e+02 4.838588461279869080e-02 6.849943101406097412e-02
2.980000000000000000e+02 4.838945344090461731e-02 6.846911460161209106e-02
2.990000000000000000e+02 4.834200069308280945e-02 6.851617991924285889e-02
3.000000000000000000e+02 4.828929156064987183e-02 6.829817593097686768e-02
3.010000000000000000e+02 4.826560989022254944e-02 6.833057850599288940e-02
3.020000000000000000e+02 4.820547625422477722e-02 6.828108429908752441e-02
3.030000000000000000e+02 4.819531738758087158e-02 6.826917827129364014e-02
3.040000000000000000e+02 4.818707332015037537e-02 6.825146079063415527e-02
3.050000000000000000e+02 4.814044386148452759e-02 6.820803135633468628e-02
3.060000000000000000e+02 4.814910143613815308e-02 6.824107468128204346e-02
3.070000000000000000e+02 4.806078597903251648e-02 6.817394495010375977e-02
3.080000000000000000e+02 4.797341674566268921e-02 6.811174005270004272e-02
3.090000000000000000e+02 4.796644672751426697e-02 6.809190660715103149e-02
3.100000000000000000e+02 4.800333455204963684e-02 6.805840134620666504e-02
3.110000000000000000e+02 4.799330979585647583e-02 6.802881509065628052e-02
3.120000000000000000e+02 4.790899157524108887e-02 6.798417866230010986e-02
3.130000000000000000e+02 4.790640249848365784e-02 6.795576959848403931e-02
3.140000000000000000e+02 4.784078896045684814e-02 6.785871833562850952e-02
3.150000000000000000e+02 4.780645295977592468e-02 6.796898692846298218e-02
3.160000000000000000e+02 4.775689542293548584e-02 6.800527870655059814e-02
3.170000000000000000e+02 4.771925136446952820e-02 6.776843219995498657e-02
3.180000000000000000e+02 4.772256314754486084e-02 6.780173629522323608e-02
3.190000000000000000e+02 4.773337021470069885e-02 6.774099171161651611e-02
3.200000000000000000e+02 4.768459126353263855e-02 6.767468154430389404e-02
3.210000000000000000e+02 4.765508696436882019e-02 6.770562380552291870e-02
3.220000000000000000e+02 4.761553183197975159e-02 6.767763942480087280e-02
3.230000000000000000e+02 4.757731035351753235e-02 6.765672564506530762e-02
3.240000000000000000e+02 4.749783501029014587e-02 6.764613091945648193e-02
3.250000000000000000e+02 4.747735336422920227e-02 6.764303892850875854e-02
3.260000000000000000e+02 4.744293540716171265e-02 6.741054356098175049e-02
3.270000000000000000e+02 4.746773466467857361e-02 6.744880229234695435e-02
3.280000000000000000e+02 4.741792753338813782e-02 6.732016056776046753e-02
3.290000000000000000e+02 4.740464314818382263e-02 6.743691861629486084e-02
3.300000000000000000e+02 4.739582166075706482e-02 6.737275421619415283e-02
3.310000000000000000e+02 4.732466116547584534e-02 6.739342212677001953e-02
3.320000000000000000e+02 4.728469997644424438e-02 6.736604869365692139e-02
3.330000000000000000e+02 4.724092409014701843e-02 6.736927479505538940e-02
3.340000000000000000e+02 4.721888154745101929e-02 6.724436581134796143e-02
3.350000000000000000e+02 4.715100675821304321e-02 6.726378947496414185e-02
3.360000000000000000e+02 4.715181142091751099e-02 6.714689731597900391e-02
3.370000000000000000e+02 4.714606329798698425e-02 6.729295104742050171e-02
3.380000000000000000e+02 4.715541377663612366e-02 6.717236340045928955e-02
3.390000000000000000e+02 4.714450985193252563e-02 6.708036363124847412e-02
3.400000000000000000e+02 4.706962034106254578e-02 6.706479936838150024e-02
3.410000000000000000e+02 4.706278443336486816e-02 6.694312393665313721e-02
3.420000000000000000e+02 4.703809693455696106e-02 6.700094044208526611e-02
3.430000000000000000e+02 4.701699689030647278e-02 6.702569872140884399e-02
3.440000000000000000e+02 4.700751975178718567e-02 6.690453737974166870e-02
3.450000000000000000e+02 4.697651788592338562e-02 6.692969799041748047e-02
3.460000000000000000e+02 4.689938202500343323e-02 6.688048690557479858e-02
3.470000000000000000e+02 4.686297848820686340e-02 6.712013483047485352e-02
3.480000000000000000e+02 4.681860655546188354e-02 6.680889427661895752e-02
3.490000000000000000e+02 4.680418223142623901e-02 6.679858267307281494e-02
3.500000000000000000e+02 4.681690409779548645e-02 6.679471582174301147e-02
3.510000000000000000e+02 4.677575454115867615e-02 6.673619896173477173e-02
3.520000000000000000e+02 4.675393551588058472e-02 6.671757996082305908e-02
3.530000000000000000e+02 4.672837629914283752e-02 6.670978665351867676e-02
3.540000000000000000e+02 4.668726772069931030e-02 6.671009212732315063e-02
3.550000000000000000e+02 4.669411107897758484e-02 6.663809716701507568e-02
3.560000000000000000e+02 4.665242135524749756e-02 6.661017984151840210e-02
3.570000000000000000e+02 4.659188911318778992e-02 6.657821685075759888e-02
3.580000000000000000e+02 4.666972905397415161e-02 6.646040827035903931e-02
3.590000000000000000e+02 4.652056843042373657e-02 6.653200089931488037e-02
3.600000000000000000e+02 4.651670157909393311e-02 6.649308651685714722e-02
3.610000000000000000e+02 4.650991782546043396e-02 6.647495925426483154e-02
3.620000000000000000e+02 4.645637050271034241e-02 6.643913686275482178e-02
3.630000000000000000e+02 4.640538617968559265e-02 6.639826297760009766e-02
3.640000000000000000e+02 4.645266011357307434e-02 6.623493880033493042e-02
3.650000000000000000e+02 4.642057791352272034e-02 6.619843095541000366e-02
3.660000000000000000e+02 4.636269807815551758e-02 6.641285866498947144e-02
3.670000000000000000e+02 4.633970186114311218e-02 6.617706269025802612e-02
3.680000000000000000e+02 4.634367674589157104e-02 6.631913781166076660e-02
3.690000000000000000e+02 4.623661190271377563e-02 6.620241701602935791e-02
3.700000000000000000e+02 4.628597199916839600e-02 6.621961295604705811e-02
3.710000000000000000e+02 4.619055241346359253e-02 6.616707891225814819e-02
3.720000000000000000e+02 4.617421329021453857e-02 6.608893722295761108e-02
3.730000000000000000e+02 4.617991670966148376e-02 6.606915593147277832e-02
3.740000000000000000e+02 4.613683000206947327e-02 6.604138016700744629e-02
3.750000000000000000e+02 4.609084874391555786e-02 6.595984846353530884e-02
3.760000000000000000e+02 4.612658545374870300e-02 6.591264903545379639e-02
3.770000000000000000e+02 4.604605585336685181e-02 6.607700884342193604e-02
3.780000000000000000e+02 4.601756483316421509e-02 6.589258462190628052e-02
3.790000000000000000e+02 4.601720348000526428e-02 6.592528522014617920e-02
3.800000000000000000e+02 4.598745331168174744e-02 6.594561040401458740e-02
3.810000000000000000e+02 4.599867761135101318e-02 6.575455516576766968e-02
3.820000000000000000e+02 4.595852270722389221e-02 6.569346040487289429e-02
3.830000000000000000e+02 4.590929299592971802e-02 6.580409407615661621e-02
3.840000000000000000e+02 4.590131714940071106e-02 6.579422205686569214e-02
3.850000000000000000e+02 4.591750726103782654e-02 6.575709581375122070e-02
3.860000000000000000e+02 4.587372019886970520e-02 6.579884141683578491e-02
3.870000000000000000e+02 4.582690075039863586e-02 6.572416424751281738e-02
3.880000000000000000e+02 4.579168558120727539e-02 6.564298272132873535e-02
3.890000000000000000e+02 4.577417671680450439e-02 6.566379219293594360e-02
3.900000000000000000e+02 4.574961587786674500e-02 6.558448821306228638e-02
3.910000000000000000e+02 4.570481553673744202e-02 6.564003229141235352e-02
3.920000000000000000e+02 4.570396617054939270e-02 6.556480377912521362e-02
3.930000000000000000e+02 4.561949521303176880e-02 6.548885256052017212e-02
3.940000000000000000e+02 4.561724513769149780e-02 6.542111933231353760e-02
3.950000000000000000e+02 4.558937996625900269e-02 6.531303375959396362e-02
3.960000000000000000e+02 4.559224471449851990e-02 6.545183807611465454e-02
3.970000000000000000e+02 4.557292908430099487e-02 6.524492800235748291e-02
3.980000000000000000e+02 4.553181678056716919e-02 6.545253098011016846e-02
3.990000000000000000e+02 4.550575837492942810e-02 6.519468128681182861e-02
4.000000000000000000e+02 4.548778757452964783e-02 6.521740555763244629e-02
4.010000000000000000e+02 4.549912735819816589e-02 6.533812731504440308e-02
4.020000000000000000e+02 4.542459920048713684e-02 6.525127589702606201e-02
4.030000000000000000e+02 4.540117830038070679e-02 6.516524404287338257e-02
4.040000000000000000e+02 4.536984115839004517e-02 6.514700502157211304e-02
4.050000000000000000e+02 4.539681226015090942e-02 6.523047387599945068e-02
4.060000000000000000e+02 4.533066228032112122e-02 6.518416106700897217e-02
4.070000000000000000e+02 4.529985785484313965e-02 6.507828086614608765e-02
4.080000000000000000e+02 4.536214843392372131e-02 6.502972543239593506e-02
4.090000000000000000e+02 4.527336731553077698e-02 6.496272236108779907e-02
4.100000000000000000e+02 4.522994533181190491e-02 6.497402489185333252e-02
4.110000000000000000e+02 4.527292028069496155e-02 6.502246856689453125e-02
4.120000000000000000e+02 4.523649066686630249e-02 6.493882834911346436e-02
4.130000000000000000e+02 4.518684744834899902e-02 6.488665938377380371e-02
4.140000000000000000e+02 4.514271393418312073e-02 6.488459557294845581e-02
4.150000000000000000e+02 4.514325782656669617e-02 6.500803679227828979e-02
4.160000000000000000e+02 4.510081186890602112e-02 6.484199315309524536e-02
4.170000000000000000e+02 4.508669674396514893e-02 6.484065204858779907e-02
4.180000000000000000e+02 4.503245279192924500e-02 6.472097337245941162e-02
4.190000000000000000e+02 4.504343494772911072e-02 6.488247215747833252e-02
4.200000000000000000e+02 4.503137245774269104e-02 6.466940045356750488e-02
4.210000000000000000e+02 4.501256719231605530e-02 6.474461406469345093e-02
4.220000000000000000e+02 4.495045542716979980e-02 6.456963717937469482e-02
4.230000000000000000e+02 4.498117044568061829e-02 6.475420296192169189e-02
4.240000000000000000e+02 4.495361447334289551e-02 6.461992114782333374e-02
4.250000000000000000e+02 4.492286220192909241e-02 6.461407989263534546e-02
4.260000000000000000e+02 4.488156735897064209e-02 6.463555991649627686e-02
4.270000000000000000e+02 4.483442008495330811e-02 6.437902152538299561e-02
4.280000000000000000e+02 4.482141137123107910e-02 6.455790996551513672e-02
4.290000000000000000e+02 4.477541893720626831e-02 6.446886807680130005e-02
4.300000000000000000e+02 4.480353370308876038e-02 6.450904905796051025e-02
4.310000000000000000e+02 4.475324600934982300e-02 6.443364918231964111e-02
4.320000000000000000e+02 4.474075883626937866e-02 6.434275954961776733e-02
4.330000000000000000e+02 4.478509724140167236e-02 6.444878876209259033e-02
4.340000000000000000e+02 4.470818117260932922e-02 6.431178003549575806e-02
4.350000000000000000e+02 4.472687840461730957e-02 6.438399851322174072e-02
4.360000000000000000e+02 4.467147588729858398e-02 6.438120454549789429e-02
4.370000000000000000e+02 4.464818537235260010e-02 6.433793902397155762e-02
4.380000000000000000e+02 4.462167248129844666e-02 6.424245238304138184e-02
4.390000000000000000e+02 4.459542036056518555e-02 6.420697271823883057e-02
4.400000000000000000e+02 4.461650177836418152e-02 6.412757933139801025e-02
4.410000000000000000e+02 4.451154544949531555e-02 6.420799344778060913e-02
4.420000000000000000e+02 4.455239325761795044e-02 6.414195895195007324e-02
4.430000000000000000e+02 4.449393227696418762e-02 6.408033519983291626e-02
4.440000000000000000e+02 4.443965479731559753e-02 6.397918611764907837e-02
4.450000000000000000e+02 4.444902390241622925e-02 6.399755924940109253e-02
4.460000000000000000e+02 4.438474029302597046e-02 6.402598321437835693e-02
4.470000000000000000e+02 4.436196386814117432e-02 6.414350867271423340e-02
4.480000000000000000e+02 4.442342743277549744e-02 6.400537490844726562e-02
4.490000000000000000e+02 4.440155625343322754e-02 6.390641629695892334e-02
4.500000000000000000e+02 4.434834793210029602e-02 6.397054344415664673e-02
4.510000000000000000e+02 4.435386508703231812e-02 6.411334127187728882e-02
4.520000000000000000e+02 4.429501295089721680e-02 6.384175270795822144e-02
4.530000000000000000e+02 4.426755011081695557e-02 6.378537416458129883e-02
4.540000000000000000e+02 4.427224770188331604e-02 6.394747644662857056e-02
4.550000000000000000e+02 4.419938474893569946e-02 6.378754973411560059e-02
4.560000000000000000e+02 4.423354566097259521e-02 6.369973719120025635e-02
4.570000000000000000e+02 4.416851699352264404e-02 6.376627832651138306e-02
4.580000000000000000e+02 4.416736960411071777e-02 6.377944350242614746e-02
4.590000000000000000e+02 4.416409134864807129e-02 6.380205601453781128e-02
4.600000000000000000e+02 4.415456205606460571e-02 6.365159898996353149e-02
4.610000000000000000e+02 4.409177228808403015e-02 6.377996504306793213e-02
4.620000000000000000e+02 4.409605637192726135e-02 6.361580640077590942e-02
4.630000000000000000e+02 4.409407451748847961e-02 6.358326971530914307e-02
4.640000000000000000e+02 4.402606934309005737e-02 6.362181901931762695e-02
4.650000000000000000e+02 4.396903514862060547e-02 6.368351727724075317e-02
4.660000000000000000e+02 4.398893937468528748e-02 6.355591118335723877e-02
4.670000000000000000e+02 4.394817352294921875e-02 6.347195059061050415e-02
4.680000000000000000e+02 4.393934458494186401e-02 6.349343806505203247e-02
4.690000000000000000e+02 4.399693012237548828e-02 6.346589326858520508e-02
4.700000000000000000e+02 4.395837709307670593e-02 6.345243752002716064e-02
4.710000000000000000e+02 4.391289129853248596e-02 6.342481821775436401e-02
4.720000000000000000e+02 4.388351738452911377e-02 6.339650601148605347e-02
4.730000000000000000e+02 4.385030642151832581e-02 6.334072351455688477e-02
4.740000000000000000e+02 4.380855709314346313e-02 6.334349513053894043e-02
4.750000000000000000e+02 4.384971410036087036e-02 6.314373761415481567e-02
4.760000000000000000e+02 4.378924146294593811e-02 6.333487480878829956e-02
4.770000000000000000e+02 4.382978007197380066e-02 6.332278251647949219e-02
4.780000000000000000e+02 4.379491880536079407e-02 6.314392387866973877e-02
4.790000000000000000e+02 4.374276846647262573e-02 6.324721127748489380e-02
4.800000000000000000e+02 4.370991885662078857e-02 6.317886710166931152e-02
4.810000000000000000e+02 4.368645697832107544e-02 6.320198625326156616e-02
4.820000000000000000e+02 4.363156855106353760e-02 6.309655308723449707e-02
4.830000000000000000e+02 4.368232190608978271e-02 6.310736387968063354e-02
4.840000000000000000e+02 4.359580576419830322e-02 6.307726353406906128e-02
4.850000000000000000e+02 4.360659047961235046e-02 6.299604475498199463e-02
4.860000000000000000e+02 4.357095807790756226e-02 6.308875232934951782e-02
4.870000000000000000e+02 4.360397532582283020e-02 6.294871121644973755e-02
4.880000000000000000e+02 4.353681951761245728e-02 6.302005797624588013e-02
4.890000000000000000e+02 4.353144392371177673e-02 6.294385343790054321e-02
4.900000000000000000e+02 4.352665320038795471e-02 6.294527649879455566e-02
4.910000000000000000e+02 4.346346110105514526e-02 6.278721243143081665e-02
4.920000000000000000e+02 4.347909241914749146e-02 6.286145001649856567e-02
4.930000000000000000e+02 4.347533732652664185e-02 6.268559396266937256e-02
4.940000000000000000e+02 4.349514096975326538e-02 6.292448192834854126e-02
4.950000000000000000e+02 4.344775527715682983e-02 6.283839046955108643e-02
4.960000000000000000e+02 4.341332241892814636e-02 6.281610578298568726e-02
4.970000000000000000e+02 4.339786246418952942e-02 6.275966018438339233e-02
4.980000000000000000e+02 4.338714107871055603e-02 6.268312036991119385e-02
4.990000000000000000e+02 4.331722855567932129e-02 6.257789582014083862e-02
5.000000000000000000e+02 4.331281408667564392e-02 6.276153773069381714e-02
5.010000000000000000e+02 4.329858720302581787e-02 6.264423578977584839e-02
5.020000000000000000e+02 4.331278428435325623e-02 6.255850195884704590e-02
5.030000000000000000e+02 4.325387254357337952e-02 6.262002140283584595e-02
5.040000000000000000e+02 4.324946179986000061e-02 6.256899982690811157e-02
5.050000000000000000e+02 4.321540147066116333e-02 6.261180341243743896e-02
5.060000000000000000e+02 4.316653311252593994e-02 6.245421245694160461e-02
5.070000000000000000e+02 4.319473356008529663e-02 6.261307001113891602e-02
5.080000000000000000e+02 4.316771402955055237e-02 6.257557868957519531e-02
5.090000000000000000e+02 4.316603019833564758e-02 6.249348074197769165e-02
5.100000000000000000e+02 4.313047975301742554e-02 6.242507696151733398e-02
5.110000000000000000e+02 4.316371306777000427e-02 6.250362843275070190e-02
5.120000000000000000e+02 4.307642206549644470e-02 6.254159659147262573e-02
5.130000000000000000e+02 4.307067766785621643e-02 6.227678805589675903e-02
5.140000000000000000e+02 4.301207885146141052e-02 6.251912564039230347e-02
5.150000000000000000e+02 4.305051639676094055e-02 6.230549514293670654e-02
5.160000000000000000e+02 4.298071190714836121e-02 6.222115084528923035e-02
5.170000000000000000e+02 4.299594834446907043e-02 6.232806295156478882e-02
5.180000000000000000e+02 4.297960922122001648e-02 6.222898885607719421e-02
5.190000000000000000e+02 4.293540492653846741e-02 6.216756999492645264e-02
5.200000000000000000e+02 4.294387996196746826e-02 6.211398169398307800e-02
5.210000000000000000e+02 4.289245605468750000e-02 6.223307177424430847e-02
5.220000000000000000e+02 4.289337247610092163e-02 6.220448762178421021e-02
5.230000000000000000e+02 4.287025332450866699e-02 6.205755099654197693e-02
5.240000000000000000e+02 4.291736334562301636e-02 6.204118952155113220e-02
5.250000000000000000e+02 4.285617172718048096e-02 6.225727871060371399e-02
5.260000000000000000e+02 4.280304536223411560e-02 6.199237704277038574e-02
5.270000000000000000e+02 4.282255843281745911e-02 6.215049698948860168e-02
5.280000000000000000e+02 4.280249029397964478e-02 6.206105649471282959e-02
5.290000000000000000e+02 4.284245520830154419e-02 6.207662075757980347e-02
5.300000000000000000e+02 4.277454689145088196e-02 6.189946085214614868e-02
5.310000000000000000e+02 4.278193414211273193e-02 6.192131713032722473e-02
5.320000000000000000e+02 4.276631772518157959e-02 6.191525608301162720e-02
5.330000000000000000e+02 4.275141656398773193e-02 6.196930631995201111e-02
5.340000000000000000e+02 4.272308945655822754e-02 6.195433065295219421e-02
5.350000000000000000e+02 4.268312081694602966e-02 6.192995980381965637e-02
5.360000000000000000e+02 4.266669973731040955e-02 6.189110130071640015e-02
5.370000000000000000e+02 4.266915470361709595e-02 6.175274029374122620e-02
5.380000000000000000e+02 4.265671223402023315e-02 6.177469715476036072e-02
5.390000000000000000e+02 4.263876006007194519e-02 6.183970347046852112e-02
5.400000000000000000e+02 4.262446239590644836e-02 6.189649552106857300e-02
5.410000000000000000e+02 4.259464517235755920e-02 6.182917207479476929e-02
5.420000000000000000e+02 4.262222349643707275e-02 6.169082224369049072e-02
5.430000000000000000e+02 4.260001704096794128e-02 6.181047856807708740e-02
5.440000000000000000e+02 4.254178702831268311e-02 6.164428219199180603e-02
5.450000000000000000e+02 4.257504642009735107e-02 6.157901138067245483e-02
5.460000000000000000e+02 4.254106432199478149e-02 6.164366751909255981e-02
5.470000000000000000e+02 4.251031205058097839e-02 6.159508228302001953e-02
5.480000000000000000e+02 4.247440025210380554e-02 6.148878112435340881e-02
5.490000000000000000e+02 4.248008504509925842e-02 6.165038794279098511e-02
5.500000000000000000e+02 4.246785491704940796e-02 6.159274280071258545e-02
5.510000000000000000e+02 4.241968691349029541e-02 6.146465241909027100e-02
5.520000000000000000e+02 4.243154078722000122e-02 6.163360178470611572e-02
5.530000000000000000e+02 4.239770770072937012e-02 6.149879097938537598e-02
5.540000000000000000e+02 4.233465343713760376e-02 6.139019876718521118e-02
5.550000000000000000e+02 4.240057989954948425e-02 6.142581254243850708e-02
5.560000000000000000e+02 4.237090051174163818e-02 6.145122274756431580e-02
5.570000000000000000e+02 4.235757514834403992e-02 6.151739880442619324e-02
5.580000000000000000e+02 4.231697320938110352e-02 6.144278123974800110e-02
5.590000000000000000e+02 4.232257977128028870e-02 6.139356270432472229e-02
5.600000000000000000e+02 4.230973124504089355e-02 6.144475936889648438e-02
5.610000000000000000e+02 4.229176044464111328e-02 6.139842793345451355e-02
5.620000000000000000e+02 4.231896251440048218e-02 6.137388944625854492e-02
5.630000000000000000e+02 4.230358451604843140e-02 6.134020164608955383e-02
5.640000000000000000e+02 4.223300516605377197e-02 6.137531623244285583e-02
5.650000000000000000e+02 4.221316054463386536e-02 6.128314137458801270e-02
5.660000000000000000e+02 4.220174252986907959e-02 6.121144443750381470e-02
5.670000000000000000e+02 4.215970635414123535e-02 6.127919256687164307e-02
5.680000000000000000e+02 4.219929873943328857e-02 6.125618889927864075e-02
5.690000000000000000e+02 4.220277816057205200e-02 6.128239631652832031e-02
5.700000000000000000e+02 4.222409799695014954e-02 6.106358394026756287e-02
5.710000000000000000e+02 4.214693978428840637e-02 6.124077364802360535e-02
5.720000000000000000e+02 4.214525967836380005e-02 6.113653257489204407e-02
5.730000000000000000e+02 4.213706776499748230e-02 6.119472160935401917e-02
5.740000000000000000e+02 4.211980849504470825e-02 6.099093332886695862e-02
5.750000000000000000e+02 4.205669090151786804e-02 6.101904809474945068e-02
5.760000000000000000e+02 4.204040020704269409e-02 6.112649291753768921e-02
5.770000000000000000e+02 4.206124320626258850e-02 6.099102646112442017e-02
5.780000000000000000e+02 4.204271733760833740e-02 6.116736680269241333e-02
5.790000000000000000e+02 4.207276552915573120e-02 6.094184517860412598e-02
5.800000000000000000e+02 4.203800857067108154e-02 6.097235158085823059e-02
5.810000000000000000e+02 4.198192805051803589e-02 6.098263338208198547e-02
5.820000000000000000e+02 4.197940602898597717e-02 6.104297935962677002e-02
5.830000000000000000e+02 4.198530688881874084e-02 6.080933287739753723e-02
5.840000000000000000e+02 4.198814928531646729e-02 6.092585250735282898e-02
5.850000000000000000e+02 4.199040308594703674e-02 6.086248904466629028e-02
5.860000000000000000e+02 4.191086813807487488e-02 6.095007434487342834e-02
5.870000000000000000e+02 4.191737249493598938e-02 6.085271388292312622e-02
5.880000000000000000e+02 4.192894697189331055e-02 6.077605113387107849e-02
5.890000000000000000e+02 4.189614579081535339e-02 6.077071651816368103e-02
5.900000000000000000e+02 4.189648479223251343e-02 6.084838882088661194e-02
5.910000000000000000e+02 4.184130579233169556e-02 6.089776754379272461e-02
5.920000000000000000e+02 4.185478761792182922e-02 6.076240539550781250e-02
5.930000000000000000e+02 4.188880324363708496e-02 6.067984923720359802e-02
5.940000000000000000e+02 4.184252768754959106e-02 6.071515381336212158e-02
5.950000000000000000e+02 4.188252985477447510e-02 6.064790114760398865e-02
5.960000000000000000e+02 4.184445738792419434e-02 6.076657027006149292e-02
5.970000000000000000e+02 4.176801815629005432e-02 6.081898510456085205e-02
5.980000000000000000e+02 4.176693782210350037e-02 6.064371392130851746e-02
5.990000000000000000e+02 4.180508106946945190e-02 6.079009920358657837e-02
6.000000000000000000e+02 4.173498228192329407e-02 6.065295264124870300e-02
6.010000000000000000e+02 4.177229106426239014e-02 6.053438410162925720e-02
6.020000000000000000e+02 4.173708707094192505e-02 6.081304699182510376e-02
6.030000000000000000e+02 4.172081127762794495e-02 6.045771390199661255e-02
6.040000000000000000e+02 4.175800457596778870e-02 6.066419556736946106e-02
6.050000000000000000e+02 4.169865697622299194e-02 6.063123047351837158e-02
6.060000000000000000e+02 4.171415045857429504e-02 6.059852987527847290e-02
6.070000000000000000e+02 4.169389978051185608e-02 6.058448180556297302e-02
6.080000000000000000e+02 4.166578873991966248e-02 6.052520498633384705e-02
6.090000000000000000e+02 4.165484756231307983e-02 6.047267094254493713e-02
6.100000000000000000e+02 4.164734482765197754e-02 6.048699468374252319e-02
6.110000000000000000e+02 4.163962975144386292e-02 6.043972447514533997e-02
6.120000000000000000e+02 4.161444678902626038e-02 6.041201204061508179e-02
6.130000000000000000e+02 4.159492626786231995e-02 6.036140024662017822e-02
6.140000000000000000e+02 4.156517609953880310e-02 6.047629937529563904e-02
6.150000000000000000e+02 4.157739877700805664e-02 6.032476574182510376e-02
6.160000000000000000e+02 4.162906110286712646e-02 6.042153760790824890e-02
6.170000000000000000e+02 4.155790060758590698e-02 6.043544411659240723e-02
6.180000000000000000e+02 4.158823564648628235e-02 6.056412681937217712e-02
6.190000000000000000e+02 4.151260852813720703e-02 6.027853861451148987e-02
6.200000000000000000e+02 4.152743518352508545e-02 6.026613339781761169e-02
6.210000000000000000e+02 4.149489849805831909e-02 6.041764095425605774e-02
6.220000000000000000e+02 4.145425185561180115e-02 6.037320941686630249e-02
6.230000000000000000e+02 4.146481677889823914e-02 6.018310040235519409e-02
6.240000000000000000e+02 4.149244725704193115e-02 6.024305522441864014e-02
6.250000000000000000e+02 4.144627228379249573e-02 6.025505810976028442e-02
6.260000000000000000e+02 4.143656045198440552e-02 6.015245988965034485e-02
6.270000000000000000e+02 4.146241769194602966e-02 6.026007235050201416e-02
6.280000000000000000e+02 4.145295917987823486e-02 6.023290380835533142e-02
6.290000000000000000e+02 4.145817458629608154e-02 6.024744361639022827e-02
6.300000000000000000e+02 4.138273000717163086e-02 6.019264832139015198e-02
6.310000000000000000e+02 4.135338962078094482e-02 6.017820537090301514e-02
6.320000000000000000e+02 4.138917103409767151e-02 6.008883193135261536e-02
6.330000000000000000e+02 4.137021675705909729e-02 6.011793389916419983e-02
6.340000000000000000e+02 4.135061055421829224e-02 6.005329266190528870e-02
6.350000000000000000e+02 4.131842032074928284e-02 6.008033081889152527e-02
6.360000000000000000e+02 4.131148755550384521e-02 6.001936644315719604e-02
6.370000000000000000e+02 4.128623381257057190e-02 6.015982478857040405e-02
6.380000000000000000e+02 4.133674874901771545e-02 6.000762432813644409e-02
6.390000000000000000e+02 4.129123687744140625e-02 6.000319868326187134e-02
6.400000000000000000e+02 4.132354632019996643e-02 5.998074635863304138e-02
6.410000000000000000e+02 4.130251333117485046e-02 6.004390865564346313e-02
6.420000000000000000e+02 4.119734093546867371e-02 5.995036661624908447e-02
6.430000000000000000e+02 4.125671088695526123e-02 5.998977646231651306e-02
6.440000000000000000e+02 4.122327268123626709e-02 5.986341089010238647e-02
6.450000000000000000e+02 4.122589901089668274e-02 5.994393676519393921e-02
6.460000000000000000e+02 4.124205559492111206e-02 5.989273265004158020e-02
6.470000000000000000e+02 4.119710251688957214e-02 6.001696735620498657e-02
6.480000000000000000e+02 4.122534021735191345e-02 5.990575253963470459e-02
6.490000000000000000e+02 4.121658951044082642e-02 5.983940139412879944e-02
6.500000000000000000e+02 4.120367765426635742e-02 5.984810739755630493e-02
6.510000000000000000e+02 4.118601977825164795e-02 5.989914387464523315e-02
6.520000000000000000e+02 4.118920862674713135e-02 5.979963764548301697e-02
6.530000000000000000e+02 4.117316380143165588e-02 5.987607687711715698e-02
6.540000000000000000e+02 4.116049408912658691e-02 5.974695459008216858e-02
6.550000000000000000e+02 4.111639410257339478e-02 5.972654372453689575e-02
6.560000000000000000e+02 4.113779589533805847e-02 5.992804467678070068e-02
6.570000000000000000e+02 4.113475605845451355e-02 5.967542156577110291e-02
6.580000000000000000e+02 4.112700745463371277e-02 5.972641333937644958e-02
6.590000000000000000e+02 4.107194393873214722e-02 5.975074321031570435e-02
6.600000000000000000e+02 4.109888523817062378e-02 5.965149775147438049e-02
6.610000000000000000e+02 4.103956371545791626e-02 5.956992134451866150e-02
6.620000000000000000e+02 4.105327650904655457e-02 5.975205451250076294e-02
6.630000000000000000e+02 4.104944318532943726e-02 5.960813537240028381e-02
6.640000000000000000e+02 4.105518013238906860e-02 5.978454649448394775e-02
6.650000000000000000e+02 4.096819460391998291e-02 5.965596064925193787e-02
6.660000000000000000e+02 4.102096706628799438e-02 5.962726846337318420e-02
6.670000000000000000e+02 4.102927446365356445e-02 5.956519767642021179e-02
6.680000000000000000e+02 4.103723913431167603e-02 5.960911512374877930e-02
6.690000000000000000e+02 4.096855968236923218e-02 5.958703160285949707e-02
6.700000000000000000e+02 4.098352789878845215e-02 5.961064621806144714e-02
6.710000000000000000e+02 4.099671170115470886e-02 5.959915742278099060e-02
6.720000000000000000e+02 4.091024771332740784e-02 5.952626839280128479e-02
6.730000000000000000e+02 4.092037677764892578e-02 5.953783914446830750e-02
6.740000000000000000e+02 4.093742743134498596e-02 5.957848206162452698e-02
6.750000000000000000e+02 4.088354483246803284e-02 5.941306054592132568e-02
6.760000000000000000e+02 4.090234637260437012e-02 5.947293713688850403e-02
6.770000000000000000e+02 4.089605063199996948e-02 5.953243002295494080e-02
6.780000000000000000e+02 4.085115715861320496e-02 5.946779251098632812e-02
6.790000000000000000e+02 4.088448733091354370e-02 5.937691405415534973e-02
6.800000000000000000e+02 4.087569192051887512e-02 5.964770540595054626e-02
6.810000000000000000e+02 4.087503254413604736e-02 5.943880602717399597e-02
6.820000000000000000e+02 4.083032906055450439e-02 5.948352813720703125e-02
6.830000000000000000e+02 4.082339257001876831e-02 5.942074581980705261e-02
6.840000000000000000e+02 4.084935411810874939e-02 5.945912376046180725e-02
6.850000000000000000e+02 4.085040092468261719e-02 5.958821624517440796e-02
6.860000000000000000e+02 4.079799354076385498e-02 5.945830419659614563e-02
6.870000000000000000e+02 4.081788286566734314e-02 5.939008668065071106e-02
6.880000000000000000e+02 4.082158580422401428e-02 5.942112207412719727e-02
