0.000000000000000000e+00 1.050272956490516663e-01 1.265208423137664795e-01
1.000000000000000000e+00 1.045850515365600586e-01 1.261614114046096802e-01
2.000000000000000000e+00 1.041500270366668701e-01 1.258433610200881958e-01
3.000000000000000000e+00 1.037059873342514038e-01 1.254987269639968872e-01
4.000000000000000000e+00 1.032728031277656555e-01 1.251996308565139771e-01
5.000000000000000000e+00 1.028407290577888489e-01 1.248501911759376526e-01
6.000000000000000000e+00 1.024139896035194397e-01 1.245539262890815735e-01
7.000000000000000000e+00 1.019937247037887573e-01 1.242254003882408142e-01
8.000000000000000000e+00 1.015589386224746704e-01 1.239023581147193909e-01
9.000000000000000000e+00 1.011492758989334106e-01 1.236143857240676880e-01
1.000000000000000000e+01 1.007145792245864868e-01 1.232761442661285400e-01
1.100000000000000000e+01 1.002991795539855957e-01 1.229732036590576172e-01
1.200000000000000000e+01 9.987083822488784790e-02 1.226804405450820923e-01
1.300000000000000000e+01 9.944500029087066650e-02 1.223555207252502441e-01
1.400000000000000000e+01 9.901522845029830933e-02 1.220380142331123352e-01
1.500000000000000000e+01 9.859005361795425415e-02 1.217287257313728333e-01
1.600000000000000000e+01 9.814362972974777222e-02 1.214098706841468811e-01
1.700000000000000000e+01 9.769006818532943726e-02 1.210845634341239929e-01
1.800000000000000000e+01 9.725224226713180542e-02 1.207438781857490540e-01
1.900000000000000000e+01 9.679965674877166748e-02 1.204083114862442017e-01
2.000000000000000000e+01 9.634652733802795410e-02 1.200677379965782166e-01
2.100000000000000000e+01 9.587131440639495850e-02 1.197228729724884033e-01
2.200000000000000000e+01 9.539604187011718750e-02 1.193480417132377625e-01
2.300000000000000000e+01 9.490429610013961792e-02 1.189639940857887268e-01
2.400000000000000000e+01 9.440815448760986328e-02 1.186021119356155396e-01
2.500000000000000000e+01 9.390659630298614502e-02 1.181939020752906799e-01
2.600000000000000000e+01 9.339252859354019165e-02 1.177587136626243591e-01
2.700000000000000000e+01 9.285926818847656250e-02 1.173195093870162964e-01
2.800000000000000000e+01 9.231745451688766479e-02 1.169034019112586975e-01
2.900000000000000000e+01 9.176351875066757202e-02 1.164249032735824585e-01
3.000000000000000000e+01 9.119619429111480713e-02 1.159805059432983398e-01
3.100000000000000000e+01 9.062453359365463257e-02 1.154595091938972473e-01
3.200000000000000000e+01 9.003344178199768066e-02 1.150424629449844360e-01
3.300000000000000000e+01 8.943519741296768188e-02 1.145001202821731567e-01
3.400000000000000000e+01 8.881963789463043213e-02 1.139064729213714600e-01
3.500000000000000000e+01 8.817479014396667480e-02 1.133744865655899048e-01
3.600000000000000000e+01 8.753529191017150879e-02 1.128432154655456543e-01
3.700000000000000000e+01 8.688562363386154175e-02 1.122312545776367188e-01
3.800000000000000000e+01 8.621371537446975708e-02 1.116054728627204895e-01
3.900000000000000000e+01 8.555407822132110596e-02 1.110057458281517029e-01
4.000000000000000000e+01 8.487701416015625000e-02 1.103209853172302246e-01
4.100000000000000000e+01 8.418985456228256226e-02 1.097237989306449890e-01
4.200000000000000000e+01 8.348146826028823853e-02 1.090422049164772034e-01
4.300000000000000000e+01 8.278024196624755859e-02 1.084078252315521240e-01
4.400000000000000000e+01 8.207080513238906860e-02 1.077073961496353149e-01
4.500000000000000000e+01 8.140709996223449707e-02 1.069804206490516663e-01
4.600000000000000000e+01 8.069724589586257935e-02 1.062898188829421997e-01
4.700000000000000000e+01 8.000847697257995605e-02 1.056367903947830200e-01
4.800000000000000000e+01 7.931860536336898804e-02 1.049044653773307800e-01
4.900000000000000000e+01 7.867202907800674438e-02 1.042214855551719666e-01
5.000000000000000000e+01 7.803487032651901245e-02 1.034320890903472900e-01
5.100000000000000000e+01 7.742087543010711670e-02 1.028152108192443848e-01
5.200000000000000000e+01 7.682266086339950562e-02 1.021346077322959900e-01
5.300000000000000000e+01 7.623465359210968018e-02 1.014906838536262512e-01
5.400000000000000000e+01 7.568973302841186523e-02 1.008339151740074158e-01
5.500000000000000000e+01 7.517635822296142578e-02 1.001298055052757263e-01
5.600000000000000000e+01 7.471236586570739746e-02 9.953336417675018311e-02
5.700000000000000000e+01 7.425349205732345581e-02 9.892456978559494019e-02
5.800000000000000000e+01 7.383447140455245972e-02 9.828144311904907227e-02
5.900000000000000000e+01 7.341712713241577148e-02 9.778266400098800659e-02
6.000000000000000000e+01 7.305549830198287964e-02 9.717308729887008667e-02
6.100000000000000000e+01 7.271114736795425415e-02 9.667787700891494751e-02
6.200000000000000000e+01 7.238100469112396240e-02 9.622682631015777588e-02
6.300000000000000000e+01 7.207352668046951294e-02 9.578882157802581787e-02
6.400000000000000000e+01 7.176477462053298950e-02 9.536333382129669189e-02
6.500000000000000000e+01 7.148089259862899780e-02 9.493357688188552856e-02
6.600000000000000000e+01 7.119268923997879028e-02 9.449334442615509033e-02
6.700000000000000000e+01 7.093252986669540405e-02 9.409832209348678589e-02
6.800000000000000000e+01 7.064715027809143066e-02 9.373972564935684204e-02
6.900000000000000000e+01 7.041777670383453369e-02 9.339755028486251831e-02
7.000000000000000000e+01 7.015349715948104858e-02 9.319601207971572876e-02
7.100000000000000000e+01 6.987762451171875000e-02 9.275465458631515503e-02
7.200000000000000000e+01 6.967490911483764648e-02 9.231998026371002197e-02
7.300000000000000000e+01 6.942290812730789185e-02 9.201854467391967773e-02
7.400000000000000000e+01 6.911681592464447021e-02 9.158563613891601562e-02
7.500000000000000000e+01 6.887201219797134399e-02 9.142740815877914429e-02
7.600000000000000000e+01 6.862009316682815552e-02 9.107934683561325073e-02
7.700000000000000000e+01 6.833735108375549316e-02 9.067876636981964111e-02
7.800000000000000000e+01 6.809060275554656982e-02 9.025868773460388184e-02
7.900000000000000000e+01 6.784474849700927734e-02 9.005129337310791016e-02
8.000000000000000000e+01 6.757170706987380981e-02 8.975018560886383057e-02
8.100000000000000000e+01 6.730500608682632446e-02 8.937174826860427856e-02
8.200000000000000000e+01 6.703167408704757690e-02 8.907835930585861206e-02
8.300000000000000000e+01 6.678988784551620483e-02 8.873435109853744507e-02
8.400000000000000000e+01 6.655335426330566406e-02 8.839324861764907837e-02
8.500000000000000000e+01 6.628067046403884888e-02 8.816386759281158447e-02
8.600000000000000000e+01 6.601768732070922852e-02 8.787871152162551880e-02
8.700000000000000000e+01 6.576412171125411987e-02 8.753363043069839478e-02
8.800000000000000000e+01 6.555370241403579712e-02 8.731389045715332031e-02
8.900000000000000000e+01 6.529364734888076782e-02 8.692530542612075806e-02
9.000000000000000000e+01 6.504742801189422607e-02 8.673185110092163086e-02
9.100000000000000000e+01 6.481833010911941528e-02 8.633606135845184326e-02
9.200000000000000000e+01 6.460602581501007080e-02 8.604165166616439819e-02
9.300000000000000000e+01 6.435188651084899902e-02 8.578532934188842773e-02
9.400000000000000000e+01 6.411869823932647705e-02 8.548501133918762207e-02
9.500000000000000000e+01 6.390263140201568604e-02 8.524718880653381348e-02
9.600000000000000000e+01 6.368482112884521484e-02 8.495596796274185181e-02
9.700000000000000000e+01 6.348498910665512085e-02 8.470571041107177734e-02
9.800000000000000000e+01 6.332818418741226196e-02 8.439259231090545654e-02
9.900000000000000000e+01 6.309262663125991821e-02 8.423057198524475098e-02
1.000000000000000000e+02 6.289552897214889526e-02 8.405098319053649902e-02
1.010000000000000000e+02 6.272913515567779541e-02 8.365526795387268066e-02
1.020000000000000000e+02 6.253486126661300659e-02 8.324731141328811646e-02
1.030000000000000000e+02 6.234575435519218445e-02 8.314518630504608154e-02
1.040000000000000000e+02 6.216967850923538208e-02 8.296644687652587891e-02
1.050000000000000000e+02 6.201388314366340637e-02 8.277457207441329956e-02
1.060000000000000000e+02 6.186987459659576416e-02 8.264408260583877563e-02
1.070000000000000000e+02 6.173573061823844910e-02 8.231356739997863770e-02
1.080000000000000000e+02 6.158672273159027100e-02 8.200928568840026855e-02
1.090000000000000000e+02 6.138361245393753052e-02 8.193421363830566406e-02
1.100000000000000000e+02 6.125757470726966858e-02 8.172189444303512573e-02
1.110000000000000000e+02 6.114784628152847290e-02 8.161816745996475220e-02
1.120000000000000000e+02 6.101678311824798584e-02 8.128692209720611572e-02
1.130000000000000000e+02 6.087834015488624573e-02 8.112695068120956421e-02
1.140000000000000000e+02 6.071937829256057739e-02 8.096121996641159058e-02
1.150000000000000000e+02 6.059200689196586609e-02 8.074018359184265137e-02
1.160000000000000000e+02 6.047857925295829773e-02 8.067052811384201050e-02
1.170000000000000000e+02 6.037531048059463501e-02 8.043590188026428223e-02
1.180000000000000000e+02 6.026919558644294739e-02 8.034791797399520874e-02
1.190000000000000000e+02 6.009965762495994568e-02 8.004075288772583008e-02
1.200000000000000000e+02 6.003135815262794495e-02 8.005293458700180054e-02
1.210000000000000000e+02 5.989455431699752808e-02 7.979740947484970093e-02
1.220000000000000000e+02 5.976505577564239502e-02 7.974532991647720337e-02
1.230000000000000000e+02 5.968357995152473450e-02 7.959619909524917603e-02
1.240000000000000000e+02 5.952211469411849976e-02 7.943812012672424316e-02
1.250000000000000000e+02 5.944586172699928284e-02 7.924940437078475952e-02
1.260000000000000000e+02 5.931515246629714966e-02 7.919472455978393555e-02
1.270000000000000000e+02 5.924035981297492981e-02 7.896183431148529053e-02
1.280000000000000000e+02 5.916382372379302979e-02 7.886406779289245605e-02
1.290000000000000000e+02 5.905104428529739380e-02 7.862275093793869019e-02
1.300000000000000000e+02 5.897224694490432739e-02 7.851355522871017456e-02
1.310000000000000000e+02 5.884445831179618835e-02 7.848095893859863281e-02
1.320000000000000000e+02 5.872038751840591431e-02 7.840515673160552979e-02
1.330000000000000000e+02 5.867131799459457397e-02 7.815618067979812622e-02
1.340000000000000000e+02 5.853191390633583069e-02 7.802046835422515869e-02
1.350000000000000000e+02 5.846530199050903320e-02 7.802977412939071655e-02
1.360000000000000000e+02 5.832565948367118835e-02 7.801000773906707764e-02
1.370000000000000000e+02 5.827257409691810608e-02 7.767819613218307495e-02
1.380000000000000000e+02 5.812128633260726929e-02 7.767114788293838501e-02
1.390000000000000000e+02 5.807839334011077881e-02 7.759504020214080811e-02
1.400000000000000000e+02 5.801928788423538208e-02 7.751102745532989502e-02
1.410000000000000000e+02 5.792668089270591736e-02 7.727601379156112671e-02
1.420000000000000000e+02 5.780752003192901611e-02 7.734929025173187256e-02
1.430000000000000000e+02 5.767262727022171021e-02 7.718743383884429932e-02
1.440000000000000000e+02 5.760598927736282349e-02 7.706056535243988037e-02
1.450000000000000000e+02 5.751717090606689453e-02 7.699248939752578735e-02
1.460000000000000000e+02 5.741954594850540161e-02 7.686104625463485718e-02
1.470000000000000000e+02 5.734711140394210815e-02 7.683397829532623291e-02
1.480000000000000000e+02 5.724656954407691956e-02 7.674398273229598999e-02
1.490000000000000000e+02 5.717048421502113342e-02 7.653495669364929199e-02
1.500000000000000000e+02 5.713354423642158508e-02 7.640407979488372803e-02
1.510000000000000000e+02 5.705462768673896790e-02 7.642740756273269653e-02
1.520000000000000000e+02 5.695228651165962219e-02 7.634584605693817139e-02
1.530000000000000000e+02 5.685134977102279663e-02 7.619988173246383667e-02
1.540000000000000000e+02 5.681549012660980225e-02 7.608465850353240967e-02
1.550000000000000000e+02 5.672991275787353516e-02 7.595473527908325195e-02
1.560000000000000000e+02 5.664654076099395752e-02 7.601597905158996582e-02
1.570000000000000000e+02 5.659765377640724182e-02 7.586623728275299072e-02
1.580000000000000000e+02 5.649620294570922852e-02 7.578118890523910522e-02
1.590000000000000000e+02 5.639349296689033508e-02 7.579700648784637451e-02
1.600000000000000000e+02 5.627034977078437805e-02 7.560065388679504395e-02
1.610000000000000000e+02 5.622854083776473999e-02 7.548245042562484741e-02
1.620000000000000000e+02 5.615762621164321899e-02 7.537866383790969849e-02
1.630000000000000000e+02 5.608759820461273193e-02 7.528942078351974487e-02
1.640000000000000000e+02 5.603345856070518494e-02 7.521280646324157715e-02
1.650000000000000000e+02 5.591877549886703491e-02 7.522123306989669800e-02
1.660000000000000000e+02 5.583345144987106323e-02 7.506440579891204834e-02
1.670000000000000000e+02 5.579908937215805054e-02 7.494239509105682373e-02
1.680000000000000000e+02 5.571478977799415588e-02 7.478050142526626587e-02
1.690000000000000000e+02 5.559211596846580505e-02 7.475550472736358643e-02
1.700000000000000000e+02 5.553307756781578064e-02 7.475271075963973999e-02
1.710000000000000000e+02 5.544964969158172607e-02 7.468140870332717896e-02
1.720000000000000000e+02 5.535056814551353455e-02 7.445733249187469482e-02
1.730000000000000000e+02 5.529046058654785156e-02 7.444252073764801025e-02
1.740000000000000000e+02 5.522562563419342041e-02 7.442074269056320190e-02
1.750000000000000000e+02 5.515139549970626831e-02 7.422442734241485596e-02
1.760000000000000000e+02 5.508590117096900940e-02 7.426928728818893433e-02
1.770000000000000000e+02 5.500578507781028748e-02 7.409659028053283691e-02
1.780000000000000000e+02 5.493746325373649597e-02 7.403329014778137207e-02
1.790000000000000000e+02 5.490838363766670227e-02 7.395463436841964722e-02
1.800000000000000000e+02 5.477575212717056274e-02 7.407427579164505005e-02
1.810000000000000000e+02 5.475371330976486206e-02 7.384078204631805420e-02
1.820000000000000000e+02 5.466769635677337646e-02 7.374357432126998901e-02
1.830000000000000000e+02 5.458327382802963257e-02 7.373706996440887451e-02
1.840000000000000000e+02 5.451343208551406860e-02 7.371300458908081055e-02
1.850000000000000000e+02 5.438912659883499146e-02 7.356858253479003906e-02
1.860000000000000000e+02 5.434956029057502747e-02 7.358326762914657593e-02
1.870000000000000000e+02 5.428683385252952576e-02 7.344300299882888794e-02
1.880000000000000000e+02 5.422673001885414124e-02 7.323275506496429443e-02
1.890000000000000000e+02 5.418025329709053040e-02 7.339853793382644653e-02
1.900000000000000000e+02 5.412584170699119568e-02 7.334163784980773926e-02
1.910000000000000000e+02 5.401371791958808899e-02 7.310383021831512451e-02
1.920000000000000000e+02 5.395393446087837219e-02 7.310905307531356812e-02
1.930000000000000000e+02 5.387249961495399475e-02 7.299054414033889771e-02
1.940000000000000000e+02 5.384201928973197937e-02 7.287912815809249878e-02
1.950000000000000000e+02 5.373083055019378662e-02 7.282672822475433350e-02
1.960000000000000000e+02 5.369308963418006897e-02 7.279223948717117310e-02
1.970000000000000000e+02 5.359680205583572388e-02 7.272455841302871704e-02
1.980000000000000000e+02 5.355896428227424622e-02 7.290212064981460571e-02
1.990000000000000000e+02 5.347589030861854553e-02 7.238961756229400635e-02
2.000000000000000000e+02 5.337739363312721252e-02 7.260765135288238525e-02
2.010000000000000000e+02 5.330511927604675293e-02 7.236707955598831177e-02
2.020000000000000000e+02 5.325417220592498779e-02 7.226161658763885498e-02
2.030000000000000000e+02 5.325269326567649841e-02 7.223156094551086426e-02
2.040000000000000000e+02 5.319151654839515686e-02 7.223717123270034790e-02
2.050000000000000000e+02 5.312949046492576599e-02 7.206898927688598633e-02
2.060000000000000000e+02 5.298055335879325867e-02 7.213106006383895874e-02
2.070000000000000000e+02 5.293129757046699524e-02 7.201038300991058350e-02
2.080000000000000000e+02 5.293447524309158325e-02 7.198137789964675903e-02
2.090000000000000000e+02 5.281382426619529724e-02 7.178619503974914551e-02
2.100000000000000000e+02 5.273111909627914429e-02 7.163029164075851440e-02
2.110000000000000000e+02 5.274055153131484985e-02 7.176984846591949463e-02
2.120000000000000000e+02 5.265383049845695496e-02 7.168708741664886475e-02
2.130000000000000000e+02 5.255739763379096985e-02 7.160017639398574829e-02
2.140000000000000000e+02 5.253213644027709961e-02 7.158240675926208496e-02
2.150000000000000000e+02 5.245433002710342407e-02 7.165729254484176636e-02
2.160000000000000000e+02 5.238512158393859863e-02 7.137258350849151611e-02
2.170000000000000000e+02 5.233555659651756287e-02 7.134205102920532227e-02
2.180000000000000000e+02 5.224324762821197510e-02 7.129938900470733643e-02
2.190000000000000000e+02 5.222243815660476685e-02 7.111737877130508423e-02
2.200000000000000000e+02 5.211476981639862061e-02 7.114755362272262573e-02
2.210000000000000000e+02 5.208116024732589722e-02 7.102976739406585693e-02
2.220000000000000000e+02 5.205242708325386047e-02 7.086703926324844360e-02
2.230000000000000000e+02 5.197330564260482788e-02 7.091369479894638062e-02
2.240000000000000000e+02 5.193032324314117432e-02 7.099235802888870239e-02
2.250000000000000000e+02 5.187824368476867676e-02 7.082872837781906128e-02
2.260000000000000000e+02 5.183647200465202332e-02 7.065583020448684692e-02
2.270000000000000000e+02 5.171541497111320496e-02 7.072346657514572144e-02
2.280000000000000000e+02 5.168819800019264221e-02 7.070004194974899292e-02
2.290000000000000000e+02 5.163583531975746155e-02 7.079993933439254761e-02
2.300000000000000000e+02 5.160374566912651062e-02 7.053571939468383789e-02
2.310000000000000000e+02 5.154674500226974487e-02 7.044785469770431519e-02
2.320000000000000000e+02 5.150418728590011597e-02 7.036352157592773438e-02
2.330000000000000000e+02 5.143504962325096130e-02 7.038199156522750854e-02
2.340000000000000000e+02 5.133730918169021606e-02 7.048777490854263306e-02
2.350000000000000000e+02 5.129044875502586365e-02 7.025759667158126831e-02
2.360000000000000000e+02 5.126023292541503906e-02 7.027487456798553467e-02
2.370000000000000000e+02 5.120733007788658142e-02 7.030082494020462036e-02
2.380000000000000000e+02 5.113753303885459900e-02 7.021266222000122070e-02
2.390000000000000000e+02 5.106423795223236084e-02 7.014552503824234009e-02
2.400000000000000000e+02 5.100387334823608398e-02 7.002241164445877075e-02
2.410000000000000000e+02 5.093954876065254211e-02 7.006157189607620239e-02
2.420000000000000000e+02 5.092916265130043030e-02 7.005847245454788208e-02
2.430000000000000000e+02 5.088574811816215515e-02 6.987965852022171021e-02
2.440000000000000000e+02 5.079670622944831848e-02 6.996932625770568848e-02
2.450000000000000000e+02 5.081125721335411072e-02 6.983888894319534302e-02
2.460000000000000000e+02 5.070056766271591187e-02 6.975644081830978394e-02
2.470000000000000000e+02 5.067021772265434265e-02 6.978270411491394043e-02
2.480000000000000000e+02 5.067435652017593384e-02 6.973740458488464355e-02
2.490000000000000000e+02 5.057981982827186584e-02 6.959346681833267212e-02
2.500000000000000000e+02 5.049102380871772766e-02 6.947854906320571899e-02
2.510000000000000000e+02 5.042665451765060425e-02 6.941052526235580444e-02
2.520000000000000000e+02 5.041927844285964966e-02 6.944563984870910645e-02
2.530000000000000000e+02 5.035589262843132019e-02 6.938326358795166016e-02
2.540000000000000000e+02 5.034062638878822327e-02 6.934996694326400757e-02
2.550000000000000000e+02 5.028212442994117737e-02 6.911955773830413818e-02
2.560000000000000000e+02 5.023800581693649292e-02 6.916808336973190308e-02
2.570000000000000000e+02 5.015673488378524780e-02 6.910775601863861084e-02
2.580000000000000000e+02 5.009720101952552795e-02 6.913585960865020752e-02
2.590000000000000000e+02 5.007362365722656250e-02 6.888983398675918579e-02
2.600000000000000000e+02 5.000864341855049133e-02 6.891219317913055420e-02
2.610000000000000000e+02 4.999360442161560059e-02 6.884688884019851685e-02
2.620000000000000000e+02 4.997374117374420166e-02 6.886900961399078369e-02
2.630000000000000000e+02 4.986294358968734741e-02 6.870749592781066895e-02
2.640000000000000000e+02 4.983329772949218750e-02 6.876541674137115479e-02
2.650000000000000000e+02 4.980069398880004883e-02 6.864399462938308716e-02
2.660000000000000000e+02 4.971406236290931702e-02 6.855816394090652466e-02
2.670000000000000000e+02 4.967978224158287048e-02 6.860903650522232056e-02
2.680000000000000000e+02 4.961554706096649170e-02 6.853883713483810425e-02
2.690000000000000000e+02 4.961486160755157471e-02 6.848771125078201294e-02
2.700000000000000000e+02 4.955815523862838745e-02 6.835944205522537231e-02
2.710000000000000000e+02 4.950260743498802185e-02 6.848178058862686157e-02
2.720000000000000000e+02 4.943767935037612915e-02 6.835519522428512573e-02
2.730000000000000000e+02 4.941488802433013916e-02 6.847210973501205444e-02
2.740000000000000000e+02 4.939924553036689758e-02 6.830312311649322510e-02
2.750000000000000000e+02 4.934994131326675415e-02 6.816291809082031250e-02
2.760000000000000000e+02 4.929000884294509888e-02 6.816522777080535889e-02
2.770000000000000000e+02 4.923862963914871216e-02 6.818451732397079468e-02
2.780000000000000000e+02 4.921132698655128479e-02 6.814660876989364624e-02
2.790000000000000000e+02 4.913510382175445557e-02 6.813494861125946045e-02
2.800000000000000000e+02 4.905267432332038879e-02 6.808426976203918457e-02
2.810000000000000000e+02 4.907473176717758179e-02 6.802635639905929565e-02
2.820000000000000000e+02 4.894725605845451355e-02 6.790336966514587402e-02
2.830000000000000000e+02 4.895494133234024048e-02 6.778772175312042236e-02
2.840000000000000000e+02 4.890744015574455261e-02 6.768417358398437500e-02
2.850000000000000000e+02 4.887257888913154602e-02 6.782079488039016724e-02
2.860000000000000000e+02 4.879746213555335999e-02 6.766588985919952393e-02
2.870000000000000000e+02 4.885887727141380310e-02 6.762478500604629517e-02
2.880000000000000000e+02 4.869956150650978088e-02 6.762038171291351318e-02
2.890000000000000000e+02 4.870850220322608948e-02 6.766390055418014526e-02
2.900000000000000000e+02 4.868869110941886902e-02 6.760484725236892700e-02
2.910000000000000000e+02 4.863921552896499634e-02 6.748108565807342529e-02
2.920000000000000000e+02 4.857312142848968506e-02 6.759215146303176880e-02
2.930000000000000000e+02 4.851299151778221130e-02 6.744470447301864624e-02
2.940000000000000000e+02 4.851013794541358948e-02 6.737119704484939575e-02
2.950000000000000000e+02 4.842732474207878113e-02 6.728976964950561523e-02
2.960000000000000000e+02 4.846675321459770203e-02 6.742475926876068115e-02
2.970000000000000000e+02 4.837657511234283447e-02 6.734883040189743042e-02
2.980000000000000000e+02 4.833875969052314758e-02 6.721314787864685059e-02
2.990000000000000000e+02 4.831455647945404053e-02 6.713760644197463989e-02
3.000000000000000000e+02 4.826384037733078003e-02 6.697420775890350342e-02
3.010000000000000000e+02 4.823126271367073059e-02 6.716615706682205200e-02
3.020000000000000000e+02 4.814705997705459595e-02 6.705769896507263184e-02
3.030000000000000000e+02 4.811021313071250916e-02 6.690676510334014893e-02
3.040000000000000000e+02 4.807133972644805908e-02 6.694007664918899536e-02
3.050000000000000000e+02 4.801837727427482605e-02 6.678675115108489990e-02
3.060000000000000000e+02 4.803161323070526123e-02 6.680869311094284058e-02
3.070000000000000000e+02 4.797092080116271973e-02 6.685771048069000244e-02
3.080000000000000000e+02 4.789986088871955872e-02 6.682177633047103882e-02
3.090000000000000000e+02 4.791774228215217590e-02 6.671226024627685547e-02
3.100000000000000000e+02 4.789470508694648743e-02 6.670469790697097778e-02
3.110000000000000000e+02 4.778989404439926147e-02 6.651359796524047852e-02
3.120000000000000000e+02 4.778276383876800537e-02 6.648432463407516479e-02
3.130000000000000000e+02 4.774168506264686584e-02 6.656561791896820068e-02
3.140000000000000000e+02 4.770598188042640686e-02 6.647892296314239502e-02
3.150000000000000000e+02 4.771708697080612183e-02 6.643787026405334473e-02
3.160000000000000000e+02 4.757735133171081543e-02 6.656681746244430542e-02
3.170000000000000000e+02 4.760367795825004578e-02 6.637101620435714722e-02
3.180000000000000000e+02 4.750609770417213440e-02 6.624302268028259277e-02
3.190000000000000000e+02 4.754493758082389832e-02 6.639730185270309448e-02
3.200000000000000000e+02 4.746526107192039490e-02 6.628255546092987061e-02
3.210000000000000000e+02 4.747645556926727295e-02 6.629659980535507202e-02
3.220000000000000000e+02 4.744181409478187561e-02 6.630794703960418701e-02
3.230000000000000000e+02 4.733645543456077576e-02 6.606821715831756592e-02
3.240000000000000000e+02 4.727434739470481873e-02 6.618476659059524536e-02
3.250000000000000000e+02 4.727686569094657898e-02 6.602872908115386963e-02
3.260000000000000000e+02 4.724258556962013245e-02 6.610537320375442505e-02
3.270000000000000000e+02 4.722556099295616150e-02 6.594973802566528320e-02
3.280000000000000000e+02 4.723135009407997131e-02 6.588777899742126465e-02
3.290000000000000000e+02 4.716543853282928467e-02 6.587515026330947876e-02
3.300000000000000000e+02 4.713229835033416748e-02 6.592372804880142212e-02
3.310000000000000000e+02 4.710532724857330322e-02 6.576491147279739380e-02
3.320000000000000000e+02 4.705256596207618713e-02 6.581965088844299316e-02
3.330000000000000000e+02 4.702530801296234131e-02 6.585323065519332886e-02
3.340000000000000000e+02 4.693487286567687988e-02 6.571793556213378906e-02
3.350000000000000000e+02 4.694442078471183777e-02 6.571441143751144409e-02
3.360000000000000000e+02 4.689616709947586060e-02 6.560182571411132812e-02
3.370000000000000000e+02 4.685151204466819763e-02 6.551144272089004517e-02
3.380000000000000000e+02 4.684190079569816589e-02 6.568446755409240723e-02
3.390000000000000000e+02 4.679429158568382263e-02 6.546915322542190552e-02
3.400000000000000000e+02 4.678663238883018494e-02 6.555064767599105835e-02
3.410000000000000000e+02 4.670032858848571777e-02 6.542680412530899048e-02
3.420000000000000000e+02 4.667812585830688477e-02 6.540961563587188721e-02
3.430000000000000000e+02 4.662694036960601807e-02 6.536729633808135986e-02
3.440000000000000000e+02 4.666352272033691406e-02 6.520480662584304810e-02
3.450000000000000000e+02 4.662713035941123962e-02 6.530675292015075684e-02
3.460000000000000000e+02 4.655633494257926941e-02 6.517422199249267578e-02
3.470000000000000000e+02 4.653667658567428589e-02 6.507429480552673340e-02
3.480000000000000000e+02 4.650927335023880005e-02 6.527628004550933838e-02
3.490000000000000000e+02 4.647382721304893494e-02 6.508018821477890015e-02
3.500000000000000000e+02 4.642808809876441956e-02 6.514443457126617432e-02
3.510000000000000000e+02 4.639504849910736084e-02 6.511684507131576538e-02
3.520000000000000000e+02 4.634580388665199280e-02 6.506063044071197510e-02
3.530000000000000000e+02 4.635281115770339966e-02 6.492136418819427490e-02
3.540000000000000000e+02 4.629866406321525574e-02 6.505404412746429443e-02
3.550000000000000000e+02 4.623828455805778503e-02 6.501016765832901001e-02
3.560000000000000000e+02 4.619282111525535583e-02 6.484255939722061157e-02
3.570000000000000000e+02 4.619674384593963623e-02 6.480906158685684204e-02
3.580000000000000000e+02 4.620279371738433838e-02 6.473808735609054565e-02
3.590000000000000000e+02 4.614909365773200989e-02 6.475713104009628296e-02
3.600000000000000000e+02 4.612784460186958313e-02 6.474903225898742676e-02
3.610000000000000000e+02 4.605747014284133911e-02 6.477475166320800781e-02
3.620000000000000000e+02 4.606167599558830261e-02 6.464068591594696045e-02
3.630000000000000000e+02 4.603677242994308472e-02 6.471069157123565674e-02
3.640000000000000000e+02 4.597122967243194580e-02 6.468674540519714355e-02
3.650000000000000000e+02 4.596012458205223083e-02 6.455226987600326538e-02
3.660000000000000000e+02 4.596316069364547729e-02 6.458747386932373047e-02
3.670000000000000000e+02 4.588910192251205444e-02 6.436942517757415771e-02
3.680000000000000000e+02 4.585409909486770630e-02 6.447161734104156494e-02
3.690000000000000000e+02 4.585213214159011841e-02 6.440868973731994629e-02
3.700000000000000000e+02 4.579122364521026611e-02 6.454893201589584351e-02
3.710000000000000000e+02 4.580110311508178711e-02 6.438486278057098389e-02
3.720000000000000000e+02 4.574998095631599426e-02 6.437613070011138916e-02
3.730000000000000000e+02 4.565561190247535706e-02 6.423808634281158447e-02
3.740000000000000000e+02 4.564343392848968506e-02 6.433388590812683105e-02
3.750000000000000000e+02 4.570498690009117126e-02 6.425712257623672485e-02
3.760000000000000000e+02 4.564048349857330322e-02 6.418705731630325317e-02
3.770000000000000000e+02 4.556966945528984070e-02 6.424816697835922241e-02
3.780000000000000000e+02 4.556475952267646790e-02 6.404393166303634644e-02
3.790000000000000000e+02 4.550059884786605835e-02 6.402536481618881226e-02
3.800000000000000000e+02 4.547280818223953247e-02 6.420651823282241821e-02
3.810000000000000000e+02 4.552477598190307617e-02 6.410979479551315308e-02
3.820000000000000000e+02 4.548186063766479492e-02 6.408773362636566162e-02
3.830000000000000000e+02 4.539718851447105408e-02 6.395380944013595581e-02
3.840000000000000000e+02 4.540768265724182129e-02 6.393739581108093262e-02
3.850000000000000000e+02 4.536629095673561096e-02 6.389875710010528564e-02
3.860000000000000000e+02 4.537277296185493469e-02 6.387186795473098755e-02
3.870000000000000000e+02 4.529098048806190491e-02 6.397197395563125610e-02
3.880000000000000000e+02 4.525886476039886475e-02 6.386596709489822388e-02
3.890000000000000000e+02 4.528633132576942444e-02 6.374669075012207031e-02
3.900000000000000000e+02 4.523776471614837646e-02 6.385716795921325684e-02
3.910000000000000000e+02 4.519156366586685181e-02 6.382545083761215210e-02
3.920000000000000000e+02 4.516810551285743713e-02 6.376265734434127808e-02
3.930000000000000000e+02 4.515255242586135864e-02 6.369099766016006470e-02
3.940000000000000000e+02 4.511610418558120728e-02 6.369538605213165283e-02
3.950000000000000000e+02 4.510746896266937256e-02 6.369108706712722778e-02
3.960000000000000000e+02 4.505835473537445068e-02 6.371115893125534058e-02
3.970000000000000000e+02 4.501862451434135437e-02 6.375192850828170776e-02
3.980000000000000000e+02 4.500819742679595947e-02 6.357467919588088989e-02
3.990000000000000000e+02 4.500807821750640869e-02 6.352880597114562988e-02
4.000000000000000000e+02 4.496777430176734924e-02 6.345332413911819458e-02
4.010000000000000000e+02 4.491838440299034119e-02 6.340757012367248535e-02
4.020000000000000000e+02 4.486640170216560364e-02 6.344846636056900024e-02
4.030000000000000000e+02 4.483954608440399170e-02 6.340283900499343872e-02
4.040000000000000000e+02 4.486040398478507996e-02 6.334209442138671875e-02
4.050000000000000000e+02 4.480474069714546204e-02 6.330604851245880127e-02
4.060000000000000000e+02 4.477949440479278564e-02 6.332709640264511108e-02
4.070000000000000000e+02 4.474555328488349915e-02 6.334935873746871948e-02
4.080000000000000000e+02 4.472463950514793396e-02 6.323406845331192017e-02
4.090000000000000000e+02 4.474780336022377014e-02 6.327469646930694580e-02
4.100000000000000000e+02 4.471979662775993347e-02 6.319978088140487671e-02
4.110000000000000000e+02 4.466689378023147583e-02 6.314388662576675415e-02
4.120000000000000000e+02 4.460982605814933777e-02 6.315594911575317383e-02
4.130000000000000000e+02 4.461563378572463989e-02 6.317184865474700928e-02
4.140000000000000000e+02 4.465465247631072998e-02 6.306696683168411255e-02
4.150000000000000000e+02 4.460216313600540161e-02 6.306803226470947266e-02
4.160000000000000000e+02 4.450651258230209351e-02 6.299125403165817261e-02
4.170000000000000000e+02 4.446198418736457825e-02 6.302393972873687744e-02
4.180000000000000000e+02 4.450627043843269348e-02 6.293806433677673340e-02
4.190000000000000000e+02 4.445434734225273132e-02 6.294692307710647583e-02
4.200000000000000000e+02 4.440740123391151428e-02 6.294554471969604492e-02
4.210000000000000000e+02 4.439631476998329163e-02 6.285711377859115601e-02
4.220000000000000000e+02 4.437493160367012024e-02 6.283848732709884644e-02
4.230000000000000000e+02 4.439931362867355347e-02 6.285379081964492798e-02
4.240000000000000000e+02 4.436282441020011902e-02 6.289701163768768311e-02
4.250000000000000000e+02 4.428965970873832703e-02 6.281961500644683838e-02
4.260000000000000000e+02 4.426300898194313049e-02 6.271061301231384277e-02
4.270000000000000000e+02 4.426965862512588501e-02 6.268614530563354492e-02
4.280000000000000000e+02 4.427785798907279968e-02 6.278776377439498901e-02
4.290000000000000000e+02 4.420458897948265076e-02 6.266439706087112427e-02
4.300000000000000000e+02 4.415193200111389160e-02 6.260110437870025635e-02
4.310000000000000000e+02 4.419196397066116333e-02 6.271550804376602173e-02
4.320000000000000000e+02 4.420166462659835815e-02 6.252802163362503052e-02
4.330000000000000000e+02 4.406933113932609558e-02 6.258095055818557739e-02
4.340000000000000000e+02 4.410953074693679810e-02 6.256149709224700928e-02
4.350000000000000000e+02 4.405475780367851257e-02 6.252085417509078979e-02
4.360000000000000000e+02 4.403828456997871399e-02 6.248643249273300171e-02
4.370000000000000000e+02 4.398715496063232422e-02 6.245935708284378052e-02
4.380000000000000000e+02 4.399720206856727600e-02 6.236883625388145447e-02
4.390000000000000000e+02 4.399714246392250061e-02 6.228852272033691406e-02
4.400000000000000000e+02 4.393121600151062012e-02 6.219750642776489258e-02
4.410000000000000000e+02 4.394230246543884277e-02 6.249242275953292847e-02
4.420000000000000000e+02 4.390082880854606628e-02 6.242383643984794617e-02
4.430000000000000000e+02 4.387085512280464172e-02 6.229772791266441345e-02
4.440000000000000000e+02 4.387715458869934082e-02 6.232285872101783752e-02
4.450000000000000000e+02 4.384651407599449158e-02 6.231326237320899963e-02
4.460000000000000000e+02 4.381448030471801758e-02 6.229341030120849609e-02
4.470000000000000000e+02 4.377360269427299500e-02 6.237755343317985535e-02
4.480000000000000000e+02 4.376245290040969849e-02 6.222493946552276611e-02
4.490000000000000000e+02 4.373706504702568054e-02 6.212528049945831299e-02
4.500000000000000000e+02 4.376454651355743408e-02 6.221083924174308777e-02
4.510000000000000000e+02 4.369635134935379028e-02 6.220741942524909973e-02
4.520000000000000000e+02 4.366352781653404236e-02 6.215964257717132568e-02
4.530000000000000000e+02 4.368791729211807251e-02 6.208169087767601013e-02
4.540000000000000000e+02 4.366290941834449768e-02 6.210067495703697205e-02
4.550000000000000000e+02 4.367363452911376953e-02 6.218316406011581421e-02
4.560000000000000000e+02 4.357460513710975647e-02 6.201724335551261902e-02
4.570000000000000000e+02 4.359057918190956116e-02 6.199271976947784424e-02
4.580000000000000000e+02 4.359171912074089050e-02 6.220397725701332092e-02
4.590000000000000000e+02 4.358397051692008972e-02 6.211725249886512756e-02
4.600000000000000000e+02 4.353499785065650940e-02 6.198232248425483704e-02
4.610000000000000000e+02 4.347946122288703918e-02 6.199928745627403259e-02
4.620000000000000000e+02 4.346245154738426208e-02 6.179492175579071045e-02
4.630000000000000000e+02 4.344861954450607300e-02 6.183359026908874512e-02
4.640000000000000000e+02 4.340079799294471741e-02 6.184410303831100464e-02
4.650000000000000000e+02 4.340708628296852112e-02 6.188698485493659973e-02
4.660000000000000000e+02 4.341534152626991272e-02 6.175698339939117432e-02
4.670000000000000000e+02 4.333072155714035034e-02 6.174251437187194824e-02
4.680000000000000000e+02 4.338223859667778015e-02 6.160853803157806396e-02
4.690000000000000000e+02 4.337471351027488708e-02 6.181278079748153687e-02
4.700000000000000000e+02 4.332943633198738098e-02 6.171243637800216675e-02
4.710000000000000000e+02 4.330614954233169556e-02 6.168868392705917358e-02
4.720000000000000000e+02 4.326085746288299561e-02 6.153209507465362549e-02
4.730000000000000000e+02 4.327089339494705200e-02 6.145905330777168274e-02
4.740000000000000000e+02 4.321639984846115112e-02 6.167317554354667664e-02
4.750000000000000000e+02 4.320007190108299255e-02 6.156573817133903503e-02
4.760000000000000000e+02 4.319169744849205017e-02 6.147635728120803833e-02
4.770000000000000000e+02 4.313499107956886292e-02 6.149560213088989258e-02
4.780000000000000000e+02 4.319145902991294861e-02 6.144918501377105713e-02
4.790000000000000000e+02 4.315727576613426208e-02 6.128229200839996338e-02
4.800000000000000000e+02 4.311154410243034363e-02 6.143414974212646484e-02
4.810000000000000000e+02 4.310426861047744751e-02 6.155098974704742432e-02
4.820000000000000000e+02 4.309303686022758484e-02 6.145697832107543945e-02
4.830000000000000000e+02 4.310820996761322021e-02 6.139133498072624207e-02
4.840000000000000000e+02 4.305202141404151917e-02 6.128461658954620361e-02
4.850000000000000000e+02 4.304278269410133362e-02 6.138905137777328491e-02
4.860000000000000000e+02 4.305519163608551025e-02 6.129322573542594910e-02
4.870000000000000000e+02 4.297626763582229614e-02 6.139362230896949768e-02
4.880000000000000000e+02 4.295807331800460815e-02 6.118221208453178406e-02
4.890000000000000000e+02 4.295656457543373108e-02 6.126983091235160828e-02
4.900000000000000000e+02 4.292610660195350647e-02 6.139886751770973206e-02
4.910000000000000000e+02 4.293848946690559387e-02 6.120078265666961670e-02
4.920000000000000000e+02 4.291794449090957642e-02 6.115287914872169495e-02
4.930000000000000000e+02 4.292631149291992188e-02 6.107754260301589966e-02
4.940000000000000000e+02 4.288037866353988647e-02 6.119515001773834229e-02
4.950000000000000000e+02 4.287101328372955322e-02 6.118129938840866089e-02
4.960000000000000000e+02 4.286062717437744141e-02 6.108620762825012207e-02
4.970000000000000000e+02 4.283888638019561768e-02 6.117917597293853760e-02
4.980000000000000000e+02 4.280158132314682007e-02 6.117534637451171875e-02
4.990000000000000000e+02 4.279387369751930237e-02 6.117098033428192139e-02
5.000000000000000000e+02 4.282616823911666870e-02 6.094702705740928650e-02
5.010000000000000000e+02 4.276757314801216125e-02 6.104800850152969360e-02
5.020000000000000000e+02 4.273539409041404724e-02 6.088808178901672363e-02
5.030000000000000000e+02 4.274209961295127869e-02 6.096402183175086975e-02
5.040000000000000000e+02 4.269822314381599426e-02 6.094674393534660339e-02
5.050000000000000000e+02 4.272930696606636047e-02 6.089150160551071167e-02
5.060000000000000000e+02 4.271191358566284180e-02 6.088528037071228027e-02
5.070000000000000000e+02 4.272206127643585205e-02 6.091556698083877563e-02
5.080000000000000000e+02 4.268306121230125427e-02 6.090602278709411621e-02
5.090000000000000000e+02 4.265148937702178955e-02 6.095366925001144409e-02
5.100000000000000000e+02 4.263281077146530151e-02 6.088869273662567139e-02
5.110000000000000000e+02 4.260615259408950806e-02 6.063820421695709229e-02
5.120000000000000000e+02 4.258612915873527527e-02 6.083123385906219482e-02
5.130000000000000000e+02 4.255969077348709106e-02 6.076155975461006165e-02
5.140000000000000000e+02 4.253841191530227661e-02 6.078300625085830688e-02
5.150000000000000000e+02 4.257188364863395691e-02 6.063865497708320618e-02
5.160000000000000000e+02 4.258451610803604126e-02 6.067898496985435486e-02
5.170000000000000000e+02 4.253458604216575623e-02 6.075581163167953491e-02
5.180000000000000000e+02 4.247180745005607605e-02 6.074935197830200195e-02
5.190000000000000000e+02 4.246420785784721375e-02 6.072046980261802673e-02
5.200000000000000000e+02 4.249903559684753418e-02 6.053567677736282349e-02
5.210000000000000000e+02 4.245355352759361267e-02 6.061140075325965881e-02
5.220000000000000000e+02 4.244168475270271301e-02 6.053337827324867249e-02
5.230000000000000000e+02 4.241190478205680847e-02 6.062383949756622314e-02
5.240000000000000000e+02 4.241622984409332275e-02 6.062241643667221069e-02
5.250000000000000000e+02 4.239397495985031128e-02 6.059833243489265442e-02
5.260000000000000000e+02 4.236868768930435181e-02 6.065443530678749084e-02
5.270000000000000000e+02 4.238935932517051697e-02 6.045364961028099060e-02
5.280000000000000000e+02 4.239621758460998535e-02 6.051686778664588928e-02
5.290000000000000000e+02 4.231113940477371216e-02 6.038538366556167603e-02
5.300000000000000000e+02 4.235615581274032593e-02 6.045306473970413208e-02
5.310000000000000000e+02 4.233244061470031738e-02 6.048772111535072327e-02
5.320000000000000000e+02 4.233289510011672974e-02 6.038310006260871887e-02
5.330000000000000000e+02 4.230001941323280334e-02 6.048495694994926453e-02
5.340000000000000000e+02 4.220881313085556030e-02 6.034279987215995789e-02
5.350000000000000000e+02 4.229689389467239380e-02 6.047512963414192200e-02
5.360000000000000000e+02 4.225035011768341064e-02 6.042059883475303650e-02
5.370000000000000000e+02 4.226272553205490112e-02 6.029318273067474365e-02
5.380000000000000000e+02 4.222841560840606689e-02 6.044256314635276794e-02
5.390000000000000000e+02 4.225781559944152832e-02 6.035393476486206055e-02
5.400000000000000000e+02 4.220764711499214172e-02 6.039096042513847351e-02
5.410000000000000000e+02 4.222623631358146667e-02 6.033566966652870178e-02
5.420000000000000000e+02 4.216177761554718018e-02 6.037265434861183167e-02
5.430000000000000000e+02 4.216101765632629395e-02 6.026203557848930359e-02
5.440000000000000000e+02 4.214038699865341187e-02 6.016633659601211548e-02
5.450000000000000000e+02 4.215819388628005981e-02 6.028868630528450012e-02
5.460000000000000000e+02 4.217770695686340332e-02 6.009551137685775757e-02
5.470000000000000000e+02 4.208824411034584045e-02 6.021960452198982239e-02
5.480000000000000000e+02 4.210397228598594666e-02 6.020031496882438660e-02
5.490000000000000000e+02 4.212578013539314270e-02 6.025258451700210571e-02
5.500000000000000000e+02 4.205769300460815430e-02 6.014554947614669800e-02
5.510000000000000000e+02 4.205294698476791382e-02 6.019240245223045349e-02
5.520000000000000000e+02 4.203685000538825989e-02 6.026025861501693726e-02
5.530000000000000000e+02 4.203467816114425659e-02 6.013256311416625977e-02
5.540000000000000000e+02 4.199843853712081909e-02 6.008594110608100891e-02
5.550000000000000000e+02 4.202029481530189514e-02 6.002471223473548889e-02
5.560000000000000000e+02 4.198826104402542114e-02 6.008887290954589844e-02
5.570000000000000000e+02 4.199070483446121216e-02 5.997246131300926208e-02
5.580000000000000000e+02 4.196581989526748657e-02 5.991308391094207764e-02
5.590000000000000000e+02 4.193332791328430176e-02 5.989942699670791626e-02
5.600000000000000000e+02 4.195784404873847961e-02 5.985349789261817932e-02
5.610000000000000000e+02 4.192475229501724243e-02 5.999264121055603027e-02
5.620000000000000000e+02 4.191237688064575195e-02 5.989835038781166077e-02
5.630000000000000000e+02 4.186837747693061829e-02 6.000544130802154541e-02
5.640000000000000000e+02 4.187144339084625244e-02 5.999100580811500549e-02
5.650000000000000000e+02 4.188531637191772461e-02 5.991488322615623474e-02
5.660000000000000000e+02 4.187723249197006226e-02 5.998680740594863892e-02
5.670000000000000000e+02 4.184254631400108337e-02 5.998073518276214600e-02
5.680000000000000000e+02 4.188034310936927795e-02 5.995150655508041382e-02
5.690000000000000000e+02 4.184945300221443176e-02 5.964650586247444153e-02
5.700000000000000000e+02 4.179167747497558594e-02 5.986043810844421387e-02
5.710000000000000000e+02 4.182332754135131836e-02 5.993553996086120605e-02
5.720000000000000000e+02 4.184347391128540039e-02 5.980745330452919006e-02
5.730000000000000000e+02 4.176868870854377747e-02 5.983554571866989136e-02
5.740000000000000000e+02 4.181846231222152710e-02 5.985141173005104065e-02
5.750000000000000000e+02 4.171729087829589844e-02 5.977565795183181763e-02
5.760000000000000000e+02 4.172707721590995789e-02 5.974368378520011902e-02
5.770000000000000000e+02 4.175411164760589600e-02 5.965726822614669800e-02
5.780000000000000000e+02 4.173317179083824158e-02 5.979919433593750000e-02
