0.000000000000000000e+00 1.046992391347885132e-01 1.260519623756408691e-01
1.000000000000000000e+00 1.042700111865997314e-01 1.256520599126815796e-01
2.000000000000000000e+00 1.038350015878677368e-01 1.252551525831222534e-01
3.000000000000000000e+00 1.034133806824684143e-01 1.248773559927940369e-01
4.000000000000000000e+00 1.029895320534706116e-01 1.244700849056243896e-01
5.000000000000000000e+00 1.025654226541519165e-01 1.240764185786247253e-01
6.000000000000000000e+00 1.021477952599525452e-01 1.236970946192741394e-01
7.000000000000000000e+00 1.017326340079307556e-01 1.232980564236640930e-01
8.000000000000000000e+00 1.013116240501403809e-01 1.229102835059165955e-01
9.000000000000000000e+00 1.008987426757812500e-01 1.225255578756332397e-01
1.000000000000000000e+01 1.004684343934059143e-01 1.221301332116127014e-01
1.100000000000000000e+01 1.000459194183349609e-01 1.217299923300743103e-01
1.200000000000000000e+01 9.962119162082672119e-02 1.213289648294448853e-01
1.300000000000000000e+01 9.920407086610794067e-02 1.209390312433242798e-01
1.400000000000000000e+01 9.877178817987442017e-02 1.205249801278114319e-01
1.500000000000000000e+01 9.834598749876022339e-02 1.201083883643150330e-01
1.600000000000000000e+01 9.791851788759231567e-02 1.197112649679183960e-01
1.700000000000000000e+01 9.747844934463500977e-02 1.193025261163711548e-01
1.800000000000000000e+01 9.705122560262680054e-02 1.188757345080375671e-01
1.900000000000000000e+01 9.660255163908004761e-02 1.184676662087440491e-01
2.000000000000000000e+01 9.617625176906585693e-02 1.180451661348342896e-01
2.100000000000000000e+01 9.573574364185333252e-02 1.176540851593017578e-01
2.200000000000000000e+01 9.529174864292144775e-02 1.172185316681861877e-01
2.300000000000000000e+01 9.485608339309692383e-02 1.167700737714767456e-01
2.400000000000000000e+01 9.441644698381423950e-02 1.163802668452262878e-01
2.500000000000000000e+01 9.397638589143753052e-02 1.159668490290641785e-01
2.600000000000000000e+01 9.352776408195495605e-02 1.155071854591369629e-01
2.700000000000000000e+01 9.308580309152603149e-02 1.150674372911453247e-01
2.800000000000000000e+01 9.263846278190612793e-02 1.146953701972961426e-01
2.900000000000000000e+01 9.219305962324142456e-02 1.142985448241233826e-01
3.000000000000000000e+01 9.174811840057373047e-02 1.138419583439826965e-01
3.100000000000000000e+01 9.129904210567474365e-02 1.134152412414550781e-01
3.200000000000000000e+01 9.085027128458023071e-02 1.129724532365798950e-01
3.300000000000000000e+01 9.039532393217086792e-02 1.125234961509704590e-01
3.400000000000000000e+01 8.995930105447769165e-02 1.121210381388664246e-01
3.500000000000000000e+01 8.950803428888320923e-02 1.116859689354896545e-01
3.600000000000000000e+01 8.904840052127838135e-02 1.112675517797470093e-01
3.700000000000000000e+01 8.859342336654663086e-02 1.108053699135780334e-01
3.800000000000000000e+01 8.813840895891189575e-02 1.103915721178054810e-01
3.900000000000000000e+01 8.767997473478317261e-02 1.099513843655586243e-01
4.000000000000000000e+01 8.719882369041442871e-02 1.095264628529548645e-01
4.100000000000000000e+01 8.672367036342620850e-02 1.090778708457946777e-01
4.200000000000000000e+01 8.623167872428894043e-02 1.086364835500717163e-01
4.300000000000000000e+01 8.574822545051574707e-02 1.081909984350204468e-01
4.400000000000000000e+01 8.525975793600082397e-02 1.077312901616096497e-01
4.500000000000000000e+01 8.474805951118469238e-02 1.073047071695327759e-01
4.600000000000000000e+01 8.425062894821166992e-02 1.068030595779418945e-01
4.700000000000000000e+01 8.370494842529296875e-02 1.063324585556983948e-01
4.800000000000000000e+01 8.319258689880371094e-02 1.058867201209068298e-01
4.900000000000000000e+01 8.262711763381958008e-02 1.054442673921585083e-01
5.000000000000000000e+01 8.208820968866348267e-02 1.049876436591148376e-01
5.100000000000000000e+01 8.152215927839279175e-02 1.044196859002113342e-01
5.200000000000000000e+01 8.097489178180694580e-02 1.040088534355163574e-01
5.300000000000000000e+01 8.042144775390625000e-02 1.034337729215621948e-01
5.400000000000000000e+01 7.985620945692062378e-02 1.028899252414703369e-01
5.500000000000000000e+01 7.928458601236343384e-02 1.023395732045173645e-01
5.600000000000000000e+01 7.872325181961059570e-02 1.018670424818992615e-01
5.700000000000000000e+01 7.820233702659606934e-02 1.013705506920814514e-01
5.800000000000000000e+01 7.764220982789993286e-02 1.007473841309547424e-01
5.900000000000000000e+01 7.714932411909103394e-02 1.001616120338439941e-01
6.000000000000000000e+01 7.660460472106933594e-02 9.968037158250808716e-02
6.100000000000000000e+01 7.612062990665435791e-02 9.900715947151184082e-02
6.200000000000000000e+01 7.567461580038070679e-02 9.849954396486282349e-02
6.300000000000000000e+01 7.518013566732406616e-02 9.791149199008941650e-02
6.400000000000000000e+01 7.477541267871856689e-02 9.745734184980392456e-02
6.500000000000000000e+01 7.438702881336212158e-02 9.687677025794982910e-02
6.600000000000000000e+01 7.399141043424606323e-02 9.628581255674362183e-02
6.700000000000000000e+01 7.361655682325363159e-02 9.570295363664627075e-02
6.800000000000000000e+01 7.332335412502288818e-02 9.531624615192413330e-02
6.900000000000000000e+01 7.300443947315216064e-02 9.481273591518402100e-02
7.000000000000000000e+01 7.269437611103057861e-02 9.423922002315521240e-02
7.100000000000000000e+01 7.244537770748138428e-02 9.386300295591354370e-02
7.200000000000000000e+01 7.213191688060760498e-02 9.343950450420379639e-02
7.300000000000000000e+01 7.191925495862960815e-02 9.302242845296859741e-02
7.400000000000000000e+01 7.168104499578475952e-02 9.260071814060211182e-02
7.500000000000000000e+01 7.147860527038574219e-02 9.219835698604583740e-02
7.600000000000000000e+01 7.123123109340667725e-02 9.189459681510925293e-02
7.700000000000000000e+01 7.099325954914093018e-02 9.166602790355682373e-02
7.800000000000000000e+01 7.078658044338226318e-02 9.123007208108901978e-02
7.900000000000000000e+01 7.057359814643859863e-02 9.096800535917282104e-02
8.000000000000000000e+01 7.030754536390304565e-02 9.062240272760391235e-02
8.100000000000000000e+01 7.012476772069931030e-02 9.038858860731124878e-02
8.200000000000000000e+01 6.991849839687347412e-02 9.020986407995223999e-02
8.300000000000000000e+01 6.968944519758224487e-02 8.990160375833511353e-02
8.400000000000000000e+01 6.945888698101043701e-02 8.965340256690979004e-02
8.500000000000000000e+01 6.924185901880264282e-02 8.928649872541427612e-02
8.600000000000000000e+01 6.899246573448181152e-02 8.920664340257644653e-02
8.700000000000000000e+01 6.873375922441482544e-02 8.882378786802291870e-02
8.800000000000000000e+01 6.851711869239807129e-02 8.864623308181762695e-02
8.900000000000000000e+01 6.831058114767074585e-02 8.857089281082153320e-02
9.000000000000000000e+01 6.808605790138244629e-02 8.823192864656448364e-02
9.100000000000000000e+01 6.787554919719696045e-02 8.804505318403244019e-02
9.200000000000000000e+01 6.761357933282852173e-02 8.773475140333175659e-02
9.300000000000000000e+01 6.736961007118225098e-02 8.759843558073043823e-02
9.400000000000000000e+01 6.718785315752029419e-02 8.732930570840835571e-02
9.500000000000000000e+01 6.690193712711334229e-02 8.711633831262588501e-02
9.600000000000000000e+01 6.670492142438888550e-02 8.686986565589904785e-02
9.700000000000000000e+01 6.643080711364746094e-02 8.687324821949005127e-02
9.800000000000000000e+01 6.625332683324813843e-02 8.641361445188522339e-02
9.900000000000000000e+01 6.602315604686737061e-02 8.640208095312118530e-02
1.000000000000000000e+02 6.577780097723007202e-02 8.610896021127700806e-02
1.010000000000000000e+02 6.559635698795318604e-02 8.573175221681594849e-02
1.020000000000000000e+02 6.539257615804672241e-02 8.549766987562179565e-02
1.030000000000000000e+02 6.512889266014099121e-02 8.524042367935180664e-02
1.040000000000000000e+02 6.493160128593444824e-02 8.516345173120498657e-02
1.050000000000000000e+02 6.471394747495651245e-02 8.492969721555709839e-02
1.060000000000000000e+02 6.448790431022644043e-02 8.467693626880645752e-02
1.070000000000000000e+02 6.430750340223312378e-02 8.436355739831924438e-02
1.080000000000000000e+02 6.411836296319961548e-02 8.406958729028701782e-02
1.090000000000000000e+02 6.389121711254119873e-02 8.390001207590103149e-02
1.100000000000000000e+02 6.369042396545410156e-02 8.361684530973434448e-02
1.110000000000000000e+02 6.347595900297164917e-02 8.335478603839874268e-02
1.120000000000000000e+02 6.332219392061233521e-02 8.321589231491088867e-02
1.130000000000000000e+02 6.315872073173522949e-02 8.301309496164321899e-02
1.140000000000000000e+02 6.294378638267517090e-02 8.266673237085342407e-02
1.150000000000000000e+02 6.281987577676773071e-02 8.246672153472900391e-02
1.160000000000000000e+02 6.258076429367065430e-02 8.221347630023956299e-02
1.170000000000000000e+02 6.241131201386451721e-02 8.198610693216323853e-02
1.180000000000000000e+02 6.228931993246078491e-02 8.185990154743194580e-02
1.190000000000000000e+02 6.206712126731872559e-02 8.153723925352096558e-02
1.200000000000000000e+02 6.197316944599151611e-02 8.136831223964691162e-02
1.210000000000000000e+02 6.179721280932426453e-02 8.115787059068679810e-02
1.220000000000000000e+02 6.166924536228179932e-02 8.088608831167221069e-02
1.230000000000000000e+02 6.145656853914260864e-02 8.074364811182022095e-02
1.240000000000000000e+02 6.132896989583969116e-02 8.044215291738510132e-02
1.250000000000000000e+02 6.113363057374954224e-02 8.034911751747131348e-02
1.260000000000000000e+02 6.102130189538002014e-02 8.023282140493392944e-02
1.270000000000000000e+02 6.084122881293296814e-02 7.988972216844558716e-02
1.280000000000000000e+02 6.072046607732772827e-02 7.988066971302032471e-02
1.290000000000000000e+02 6.061026826500892639e-02 7.961613684892654419e-02
1.300000000000000000e+02 6.046469137072563171e-02 7.953649014234542847e-02
1.310000000000000000e+02 6.028784066438674927e-02 7.948563992977142334e-02
1.320000000000000000e+02 6.016376987099647522e-02 7.914786785840988159e-02
1.330000000000000000e+02 6.009868159890174866e-02 7.890108227729797363e-02
1.340000000000000000e+02 5.990851297974586487e-02 7.887386530637741089e-02
1.350000000000000000e+02 5.979516729712486267e-02 7.880804687738418579e-02
1.360000000000000000e+02 5.967694148421287537e-02 7.855219393968582153e-02
1.370000000000000000e+02 5.952929332852363586e-02 7.842528074979782104e-02
1.380000000000000000e+02 5.940561741590499878e-02 7.814023643732070923e-02
1.390000000000000000e+02 5.925425514578819275e-02 7.818204164505004883e-02
1.400000000000000000e+02 5.910926312208175659e-02 7.796603441238403320e-02
1.410000000000000000e+02 5.902095884084701538e-02 7.777707278728485107e-02
1.420000000000000000e+02 5.889111757278442383e-02 7.766173779964447021e-02
1.430000000000000000e+02 5.877640098333358765e-02 7.745926082134246826e-02
1.440000000000000000e+02 5.859473720192909241e-02 7.745118439197540283e-02
1.450000000000000000e+02 5.853748321533203125e-02 7.732400298118591309e-02
1.460000000000000000e+02 5.841586738824844360e-02 7.723028212785720825e-02
1.470000000000000000e+02 5.831003934144973755e-02 7.702392339706420898e-02
1.480000000000000000e+02 5.814574286341667175e-02 7.708547264337539673e-02
1.490000000000000000e+02 5.807057023048400879e-02 7.687957584857940674e-02
1.500000000000000000e+02 5.799313262104988098e-02 7.674055546522140503e-02
1.510000000000000000e+02 5.778309330344200134e-02 7.650761306285858154e-02
1.520000000000000000e+02 5.773769691586494446e-02 7.650902867317199707e-02
1.530000000000000000e+02 5.758604407310485840e-02 7.636726647615432739e-02
1.540000000000000000e+02 5.754132568836212158e-02 7.643486559391021729e-02
1.550000000000000000e+02 5.739981308579444885e-02 7.622133195400238037e-02
1.560000000000000000e+02 5.730591341853141785e-02 7.623293250799179077e-02
1.570000000000000000e+02 5.721492320299148560e-02 7.607649266719818115e-02
1.580000000000000000e+02 5.708729475736618042e-02 7.584224641323089600e-02
1.590000000000000000e+02 5.695672333240509033e-02 7.578081637620925903e-02
1.600000000000000000e+02 5.689513683319091797e-02 7.556241005659103394e-02
1.610000000000000000e+02 5.678487196564674377e-02 7.558732479810714722e-02
1.620000000000000000e+02 5.670720711350440979e-02 7.545964419841766357e-02
1.630000000000000000e+02 5.658705160021781921e-02 7.529959082603454590e-02
1.640000000000000000e+02 5.649294704198837280e-02 7.533429563045501709e-02
1.650000000000000000e+02 5.639243870973587036e-02 7.520651817321777344e-02
1.660000000000000000e+02 5.630943179130554199e-02 7.512201368808746338e-02
1.670000000000000000e+02 5.627061054110527039e-02 7.500446587800979614e-02
1.680000000000000000e+02 5.609985813498497009e-02 7.497412711381912231e-02
1.690000000000000000e+02 5.607046186923980713e-02 7.486884295940399170e-02
1.700000000000000000e+02 5.597739294171333313e-02 7.482801377773284912e-02
1.710000000000000000e+02 5.585658177733421326e-02 7.470874488353729248e-02
1.720000000000000000e+02 5.578746274113655090e-02 7.459907233715057373e-02
1.730000000000000000e+02 5.563170835375785828e-02 7.456844300031661987e-02
1.740000000000000000e+02 5.553475394845008850e-02 7.438734918832778931e-02
1.750000000000000000e+02 5.556410923600196838e-02 7.426174730062484741e-02
1.760000000000000000e+02 5.541994422674179077e-02 7.415372133255004883e-02
1.770000000000000000e+02 5.539351329207420349e-02 7.408916205167770386e-02
1.780000000000000000e+02 5.526848882436752319e-02 7.402048259973526001e-02
1.790000000000000000e+02 5.518057942390441895e-02 7.385063916444778442e-02
1.800000000000000000e+02 5.510855466127395630e-02 7.395087927579879761e-02
1.810000000000000000e+02 5.498933047056198120e-02 7.392922788858413696e-02
1.820000000000000000e+02 5.493392050266265869e-02 7.375200837850570679e-02
1.830000000000000000e+02 5.476495996117591858e-02 7.366080582141876221e-02
1.840000000000000000e+02 5.482983961701393127e-02 7.357414811849594116e-02
1.850000000000000000e+02 5.468486249446868896e-02 7.350905984640121460e-02
1.860000000000000000e+02 5.464357510209083557e-02 7.330803573131561279e-02
1.870000000000000000e+02 5.448056757450103760e-02 7.340275496244430542e-02
1.880000000000000000e+02 5.440827831625938416e-02 7.318884879350662231e-02
1.890000000000000000e+02 5.438742414116859436e-02 7.305372506380081177e-02
1.900000000000000000e+02 5.430250987410545349e-02 7.307542115449905396e-02
1.910000000000000000e+02 5.423694849014282227e-02 7.283744961023330688e-02
1.920000000000000000e+02 5.412119254469871521e-02 7.299779355525970459e-02
1.930000000000000000e+02 5.408515036106109619e-02 7.296156883239746094e-02
1.940000000000000000e+02 5.399920418858528137e-02 7.274203747510910034e-02
1.950000000000000000e+02 5.392681807279586792e-02 7.260923087596893311e-02
1.960000000000000000e+02 5.383906513452529907e-02 7.267972081899642944e-02
1.970000000000000000e+02 5.385917425155639648e-02 7.255659997463226318e-02
1.980000000000000000e+02 5.365527421236038208e-02 7.239978760480880737e-02
1.990000000000000000e+02 5.358996242284774780e-02 7.250443100929260254e-02
2.000000000000000000e+02 5.355709046125411987e-02 7.244561612606048584e-02
2.010000000000000000e+02 5.350111052393913269e-02 7.247406989336013794e-02
2.020000000000000000e+02 5.341861769556999207e-02 7.228856533765792847e-02
2.030000000000000000e+02 5.337244272232055664e-02 7.221344113349914551e-02
2.040000000000000000e+02 5.329178273677825928e-02 7.206036895513534546e-02
2.050000000000000000e+02 5.322867631912231445e-02 7.201837003231048584e-02
2.060000000000000000e+02 5.311750248074531555e-02 7.195965945720672607e-02
2.070000000000000000e+02 5.309115350246429443e-02 7.209230959415435791e-02
2.080000000000000000e+02 5.300877243280410767e-02 7.209985703229904175e-02
2.090000000000000000e+02 5.301238223910331726e-02 7.179573178291320801e-02
2.100000000000000000e+02 5.289884656667709351e-02 7.166331261396408081e-02
2.110000000000000000e+02 5.285697430372238159e-02 7.177835702896118164e-02
2.120000000000000000e+02 5.278633162379264832e-02 7.166042923927307129e-02
2.130000000000000000e+02 5.278332531452178955e-02 7.174343615770339966e-02
2.140000000000000000e+02 5.267990753054618835e-02 7.164252549409866333e-02
2.150000000000000000e+02 5.265257880091667175e-02 7.158392667770385742e-02
2.160000000000000000e+02 5.257426574826240540e-02 7.136359065771102905e-02
2.170000000000000000e+02 5.252205953001976013e-02 7.144576311111450195e-02
2.180000000000000000e+02 5.245310440659523010e-02 7.138761878013610840e-02
2.190000000000000000e+02 5.239930376410484314e-02 7.140672951936721802e-02
2.200000000000000000e+02 5.231771618127822876e-02 7.124560326337814331e-02
2.210000000000000000e+02 5.231714993715286255e-02 7.120741903781890869e-02
2.220000000000000000e+02 5.221866443753242493e-02 7.099605351686477661e-02
2.230000000000000000e+02 5.218651145696640015e-02 7.105776667594909668e-02
2.240000000000000000e+02 5.211414024233818054e-02 7.101741433143615723e-02
2.250000000000000000e+02 5.206653103232383728e-02 7.108478248119354248e-02
2.260000000000000000e+02 5.198908969759941101e-02 7.090911269187927246e-02
2.270000000000000000e+02 5.195483937859535217e-02 7.092811167240142822e-02
2.280000000000000000e+02 5.189226195216178894e-02 7.081081718206405640e-02
2.290000000000000000e+02 5.181693285703659058e-02 7.088637351989746094e-02
2.300000000000000000e+02 5.175233259797096252e-02 7.068855315446853638e-02
2.310000000000000000e+02 5.169991031289100647e-02 7.063278555870056152e-02
2.320000000000000000e+02 5.167935788631439209e-02 7.077828049659729004e-02
2.330000000000000000e+02 5.159918963909149170e-02 7.065807282924652100e-02
2.340000000000000000e+02 5.154804512858390808e-02 7.050327956676483154e-02
2.350000000000000000e+02 5.151385813951492310e-02 7.051049172878265381e-02
2.360000000000000000e+02 5.140727385878562927e-02 7.045304030179977417e-02
2.370000000000000000e+02 5.139411613345146179e-02 7.035943120718002319e-02
2.380000000000000000e+02 5.132382735610008240e-02 7.037652283906936646e-02
2.390000000000000000e+02 5.127425119280815125e-02 7.035000622272491455e-02
2.400000000000000000e+02 5.124187096953392029e-02 7.026314735412597656e-02
2.410000000000000000e+02 5.121236667037010193e-02 7.035228610038757324e-02
2.420000000000000000e+02 5.111513286828994751e-02 7.015481591224670410e-02
2.430000000000000000e+02 5.111182108521461487e-02 7.002660632133483887e-02
2.440000000000000000e+02 5.105392262339591980e-02 7.010876387357711792e-02
2.450000000000000000e+02 5.099145323038101196e-02 6.990767270326614380e-02
2.460000000000000000e+02 5.094510689377784729e-02 6.995826959609985352e-02
2.470000000000000000e+02 5.088813602924346924e-02 6.980729848146438599e-02
2.480000000000000000e+02 5.083446949720382690e-02 6.999324262142181396e-02
2.490000000000000000e+02 5.081658065319061279e-02 7.009957730770111084e-02
2.500000000000000000e+02 5.076242238283157349e-02 6.990772485733032227e-02
2.510000000000000000e+02 5.066211521625518799e-02 6.991213560104370117e-02
2.520000000000000000e+02 5.066903308033943176e-02 6.970921158790588379e-02
2.530000000000000000e+02 5.059442669153213501e-02 6.968589872121810913e-02
2.540000000000000000e+02 5.053976923227310181e-02 6.959525495767593384e-02
2.550000000000000000e+02 5.051895603537559509e-02 6.957270950078964233e-02
2.560000000000000000e+02 5.050973594188690186e-02 6.961715966463088989e-02
2.570000000000000000e+02 5.043332278728485107e-02 6.947523355484008789e-02
2.580000000000000000e+02 5.039988458156585693e-02 6.962745636701583862e-02
2.590000000000000000e+02 5.033938214182853699e-02 6.929872930049896240e-02
2.600000000000000000e+02 5.030585825443267822e-02 6.926481425762176514e-02
2.610000000000000000e+02 5.023965239524841309e-02 6.934414058923721313e-02
2.620000000000000000e+02 5.021582916378974915e-02 6.921277195215225220e-02
2.630000000000000000e+02 5.017781630158424377e-02 6.933053582906723022e-02
2.640000000000000000e+02 5.014425888657569885e-02 6.909109652042388916e-02
2.650000000000000000e+02 5.002677440643310547e-02 6.914524734020233154e-02
2.660000000000000000e+02 4.998534917831420898e-02 6.907006353139877319e-02
2.670000000000000000e+02 4.993975162506103516e-02 6.901180744171142578e-02
2.680000000000000000e+02 4.992668703198432922e-02 6.886352598667144775e-02
2.690000000000000000e+02 4.991523921489715576e-02 6.896296888589859009e-02
2.700000000000000000e+02 4.983245581388473511e-02 6.880161166191101074e-02
2.710000000000000000e+02 4.978590086102485657e-02 6.880660355091094971e-02
2.720000000000000000e+02 4.970672726631164551e-02 6.876887381076812744e-02
2.730000000000000000e+02 4.971821606159210205e-02 6.875798106193542480e-02
2.740000000000000000e+02 4.968963190913200378e-02 6.863651424646377563e-02
2.750000000000000000e+02 4.959553107619285583e-02 6.881494820117950439e-02
2.760000000000000000e+02 4.955485463142395020e-02 6.854014843702316284e-02
2.770000000000000000e+02 4.957454651594161987e-02 6.849883496761322021e-02
2.780000000000000000e+02 4.945683479309082031e-02 6.854318082332611084e-02
2.790000000000000000e+02 4.951280355453491211e-02 6.850431859493255615e-02
2.800000000000000000e+02 4.939313605427742004e-02 6.859905272722244263e-02
2.810000000000000000e+02 4.934250563383102417e-02 6.832462549209594727e-02
2.820000000000000000e+02 4.935958981513977051e-02 6.830497831106185913e-02
2.830000000000000000e+02 4.933119565248489380e-02 6.827738881111145020e-02
2.840000000000000000e+02 4.930419474840164185e-02 6.812565028667449951e-02
2.850000000000000000e+02 4.918715730309486389e-02 6.831801682710647583e-02
2.860000000000000000e+02 4.920674115419387817e-02 6.822866201400756836e-02
2.870000000000000000e+02 4.910976067185401917e-02 6.798608601093292236e-02
2.880000000000000000e+02 4.911392554640769958e-02 6.822289526462554932e-02
2.890000000000000000e+02 4.911319166421890259e-02 6.814676523208618164e-02
2.900000000000000000e+02 4.904686659574508667e-02 6.809399276971817017e-02
2.910000000000000000e+02 4.896362125873565674e-02 6.796508282423019409e-02
2.920000000000000000e+02 4.890589043498039246e-02 6.802919507026672363e-02
2.930000000000000000e+02 4.889648780226707458e-02 6.784658133983612061e-02
2.940000000000000000e+02 4.887089878320693970e-02 6.780155748128890991e-02
2.950000000000000000e+02 4.878211021423339844e-02 6.786398589611053467e-02
2.960000000000000000e+02 4.876344650983810425e-02 6.786871701478958130e-02
2.970000000000000000e+02 4.870867729187011719e-02 6.778882443904876709e-02
2.980000000000000000e+02 4.872773960232734680e-02 6.777329742908477783e-02
2.990000000000000000e+02 4.869437217712402344e-02 6.775384396314620972e-02
3.000000000000000000e+02 4.859634116291999817e-02 6.766480952501296997e-02
3.010000000000000000e+02 4.851940646767616272e-02 6.758802384138107300e-02
3.020000000000000000e+02 4.852430149912834167e-02 6.757064163684844971e-02
3.030000000000000000e+02 4.850094020366668701e-02 6.750039011240005493e-02
3.040000000000000000e+02 4.845081269741058350e-02 6.757345050573348999e-02
3.050000000000000000e+02 4.841927811503410339e-02 6.750912964344024658e-02
3.060000000000000000e+02 4.839009046554565430e-02 6.740356236696243286e-02
3.070000000000000000e+02 4.830524325370788574e-02 6.739571690559387207e-02
3.080000000000000000e+02 4.827052727341651917e-02 6.747426092624664307e-02
3.090000000000000000e+02 4.827993363142013550e-02 6.724856793880462646e-02
3.100000000000000000e+02 4.822200909256935120e-02 6.728421896696090698e-02
3.110000000000000000e+02 4.814217984676361084e-02 6.711721420288085938e-02
3.120000000000000000e+02 4.814120382070541382e-02 6.715303659439086914e-02
3.130000000000000000e+02 4.807712882757186890e-02 6.729535758495330811e-02
3.140000000000000000e+02 4.807588085532188416e-02 6.718108057975769043e-02
3.150000000000000000e+02 4.800765216350555420e-02 6.700617074966430664e-02
3.160000000000000000e+02 4.800227656960487366e-02 6.702750176191329956e-02
3.170000000000000000e+02 4.792023077607154846e-02 6.691116839647293091e-02
3.180000000000000000e+02 4.793095588684082031e-02 6.680205464363098145e-02
3.190000000000000000e+02 4.788542538881301880e-02 6.679356098175048828e-02
3.200000000000000000e+02 4.782970622181892395e-02 6.676273792982101440e-02
3.210000000000000000e+02 4.773476719856262207e-02 6.678490340709686279e-02
3.220000000000000000e+02 4.770124331116676331e-02 6.683940440416336060e-02
3.230000000000000000e+02 4.765040427446365356e-02 6.653478741645812988e-02
3.240000000000000000e+02 4.770256951451301575e-02 6.662696599960327148e-02
3.250000000000000000e+02 4.767543822526931763e-02 6.667307764291763306e-02
3.260000000000000000e+02 4.756755009293556213e-02 6.662946194410324097e-02
3.270000000000000000e+02 4.755514487624168396e-02 6.675705313682556152e-02
3.280000000000000000e+02 4.755679145455360413e-02 6.651590764522552490e-02
3.290000000000000000e+02 4.752454534173011780e-02 6.640513986349105835e-02
3.300000000000000000e+02 4.751246795058250427e-02 6.654414534568786621e-02
3.310000000000000000e+02 4.741935804486274719e-02 6.649357080459594727e-02
3.320000000000000000e+02 4.742416366934776306e-02 6.641960144042968750e-02
3.330000000000000000e+02 4.732955247163772583e-02 6.638908386230468750e-02
3.340000000000000000e+02 4.729060083627700806e-02 6.619370728731155396e-02
3.350000000000000000e+02 4.731816053390502930e-02 6.623502075672149658e-02
3.360000000000000000e+02 4.727267846465110779e-02 6.638695299625396729e-02
3.370000000000000000e+02 4.719626158475875854e-02 6.619876623153686523e-02
3.380000000000000000e+02 4.721683263778686523e-02 6.610525399446487427e-02
3.390000000000000000e+02 4.712060466408729553e-02 6.620153784751892090e-02
3.400000000000000000e+02 4.713531211018562317e-02 6.607444584369659424e-02
3.410000000000000000e+02 4.710884764790534973e-02 6.597782671451568604e-02
3.420000000000000000e+02 4.706313088536262512e-02 6.606791168451309204e-02
3.430000000000000000e+02 4.697883874177932739e-02 6.599918752908706665e-02
3.440000000000000000e+02 4.697308316826820374e-02 6.590455025434494019e-02
3.450000000000000000e+02 4.695558175444602966e-02 6.598664075136184692e-02
3.460000000000000000e+02 4.687911272048950195e-02 6.590535491704940796e-02
3.470000000000000000e+02 4.685850068926811218e-02 6.584233790636062622e-02
3.480000000000000000e+02 4.684947058558464050e-02 6.587821990251541138e-02
3.490000000000000000e+02 4.681529477238655090e-02 6.589730083942413330e-02
3.500000000000000000e+02 4.678837582468986511e-02 6.573627889156341553e-02
3.510000000000000000e+02 4.671123251318931580e-02 6.579053401947021484e-02
3.520000000000000000e+02 4.672135412693023682e-02 6.580915302038192749e-02
3.530000000000000000e+02 4.670108482241630554e-02 6.568475067615509033e-02
3.540000000000000000e+02 4.658709838986396790e-02 6.561525166034698486e-02
3.550000000000000000e+02 4.658474028110504150e-02 6.559415906667709351e-02
3.560000000000000000e+02 4.650047048926353455e-02 6.553659588098526001e-02
3.570000000000000000e+02 4.656180739402770996e-02 6.563955545425415039e-02
3.580000000000000000e+02 4.650915414094924927e-02 6.550475955009460449e-02
3.590000000000000000e+02 4.649805650115013123e-02 6.540136039257049561e-02
3.600000000000000000e+02 4.644513502717018127e-02 6.530744582414627075e-02
3.610000000000000000e+02 4.639457911252975464e-02 6.543441116809844971e-02
3.620000000000000000e+02 4.642066732048988342e-02 6.543604284524917603e-02
3.630000000000000000e+02 4.635048657655715942e-02 6.528261303901672363e-02
3.640000000000000000e+02 4.632787778973579407e-02 6.519453972578048706e-02
3.650000000000000000e+02 4.629682376980781555e-02 6.526113301515579224e-02
3.660000000000000000e+02 4.625308513641357422e-02 6.529724597930908203e-02
3.670000000000000000e+02 4.618578031659126282e-02 6.518638879060745239e-02
3.680000000000000000e+02 4.616010934114456177e-02 6.510465592145919800e-02
3.690000000000000000e+02 4.616174846887588501e-02 6.523241847753524780e-02
3.700000000000000000e+02 4.613309726119041443e-02 6.521465629339218140e-02
3.710000000000000000e+02 4.608739912509918213e-02 6.507005542516708374e-02
3.720000000000000000e+02 4.609955474734306335e-02 6.498982012271881104e-02
3.730000000000000000e+02 4.604339227080345154e-02 6.500791013240814209e-02
3.740000000000000000e+02 4.601705819368362427e-02 6.497288495302200317e-02
3.750000000000000000e+02 4.594867676496505737e-02 6.501760333776473999e-02
3.760000000000000000e+02 4.593916609883308411e-02 6.491742283105850220e-02
3.770000000000000000e+02 4.597007483243942261e-02 6.489893049001693726e-02
3.780000000000000000e+02 4.586037993431091309e-02 6.489508599042892456e-02
3.790000000000000000e+02 4.584216326475143433e-02 6.479045003652572632e-02
3.800000000000000000e+02 4.573461413383483887e-02 6.479963660240173340e-02
3.810000000000000000e+02 4.573906585574150085e-02 6.478992104530334473e-02
3.820000000000000000e+02 4.570586234331130981e-02 6.465850025415420532e-02
3.830000000000000000e+02 4.567369073629379272e-02 6.469066441059112549e-02
3.840000000000000000e+02 4.568715021014213562e-02 6.461200118064880371e-02
3.850000000000000000e+02 4.563069716095924377e-02 6.458771973848342896e-02
3.860000000000000000e+02 4.561608657240867615e-02 6.452987343072891235e-02
3.870000000000000000e+02 4.556305333971977234e-02 6.451629847288131714e-02
3.880000000000000000e+02 4.556049406528472900e-02 6.438451260328292847e-02
3.890000000000000000e+02 4.550866410136222839e-02 6.457160413265228271e-02
3.900000000000000000e+02 4.546344652771949768e-02 6.440968066453933716e-02
3.910000000000000000e+02 4.546146467328071594e-02 6.440208852291107178e-02
3.920000000000000000e+02 4.543185234069824219e-02 6.442760676145553589e-02
3.930000000000000000e+02 4.542604461312294006e-02 6.427791714668273926e-02
3.940000000000000000e+02 4.541208222508430481e-02 6.444934755563735962e-02
3.950000000000000000e+02 4.536153376102447510e-02 6.438160687685012817e-02
3.960000000000000000e+02 4.531721025705337524e-02 6.449889391660690308e-02
3.970000000000000000e+02 4.524350166320800781e-02 6.425984948873519897e-02
3.980000000000000000e+02 4.525628685951232910e-02 6.434653699398040771e-02
3.990000000000000000e+02 4.519692063331604004e-02 6.424225121736526489e-02
4.000000000000000000e+02 4.516217112541198730e-02 6.410121917724609375e-02
4.010000000000000000e+02 4.514791443943977356e-02 6.423673778772354126e-02
4.020000000000000000e+02 4.510906711220741272e-02 6.417185813188552856e-02
4.030000000000000000e+02 4.507779702544212341e-02 6.418160349130630493e-02
4.040000000000000000e+02 4.507355391979217529e-02 6.405366957187652588e-02
4.050000000000000000e+02 4.507724195718765259e-02 6.397986412048339844e-02
4.060000000000000000e+02 4.500785470008850098e-02 6.394976377487182617e-02
4.070000000000000000e+02 4.496970027685165405e-02 6.385920941829681396e-02
4.080000000000000000e+02 4.490003734827041626e-02 6.387192010879516602e-02
4.090000000000000000e+02 4.494777321815490723e-02 6.389548629522323608e-02
4.100000000000000000e+02 4.490888863801956177e-02 6.392578780651092529e-02
4.110000000000000000e+02 4.487728700041770935e-02 6.392475217580795288e-02
4.120000000000000000e+02 4.480051249265670776e-02 6.385680288076400757e-02
4.130000000000000000e+02 4.485672339797019958e-02 6.372920423746109009e-02
4.140000000000000000e+02 4.472579434514045715e-02 6.371168792247772217e-02
4.150000000000000000e+02 4.477331787347793579e-02 6.368879973888397217e-02
4.160000000000000000e+02 4.472720623016357422e-02 6.373467296361923218e-02
4.170000000000000000e+02 4.472502321004867554e-02 6.360022723674774170e-02
4.180000000000000000e+02 4.467566683888435364e-02 6.367497891187667847e-02
4.190000000000000000e+02 4.470170661807060242e-02 6.358692049980163574e-02
4.200000000000000000e+02 4.462727531790733337e-02 6.359881162643432617e-02
4.210000000000000000e+02 4.455616697669029236e-02 6.354335695505142212e-02
4.220000000000000000e+02 4.457256570458412170e-02 6.342875212430953979e-02
4.230000000000000000e+02 4.450015723705291748e-02 6.332114338874816895e-02
4.240000000000000000e+02 4.448026791214942932e-02 6.329559534788131714e-02
4.250000000000000000e+02 4.449047520756721497e-02 6.342041492462158203e-02
4.260000000000000000e+02 4.438598826527595520e-02 6.352132558822631836e-02
4.270000000000000000e+02 4.439404234290122986e-02 6.333366036415100098e-02
4.280000000000000000e+02 4.439229145646095276e-02 6.326179206371307373e-02
4.290000000000000000e+02 4.431031271815299988e-02 6.340601295232772827e-02
4.300000000000000000e+02 4.432334378361701965e-02 6.319949775934219360e-02
4.310000000000000000e+02 4.431289061903953552e-02 6.327756494283676147e-02
4.320000000000000000e+02 4.429302364587783813e-02 6.310407072305679321e-02
4.330000000000000000e+02 4.423135891556739807e-02 6.315062940120697021e-02
4.340000000000000000e+02 4.420446604490280151e-02 6.315595656633377075e-02
4.350000000000000000e+02 4.417331516742706299e-02 6.315277516841888428e-02
4.360000000000000000e+02 4.421767219901084900e-02 6.300652772188186646e-02
4.370000000000000000e+02 4.420043155550956726e-02 6.316445022821426392e-02
4.380000000000000000e+02 4.414897039532661438e-02 6.296201795339584351e-02
4.390000000000000000e+02 4.409344866871833801e-02 6.281087547540664673e-02
4.400000000000000000e+02 4.405937343835830688e-02 6.303668022155761719e-02
4.410000000000000000e+02 4.405362159013748169e-02 6.301009654998779297e-02
4.420000000000000000e+02 4.405939206480979919e-02 6.291009485721588135e-02
4.430000000000000000e+02 4.399095475673675537e-02 6.288246810436248779e-02
4.440000000000000000e+02 4.395211115479469299e-02 6.285252422094345093e-02
4.450000000000000000e+02 4.393579065799713135e-02 6.277906149625778198e-02
4.460000000000000000e+02 4.389880225062370300e-02 6.284254789352416992e-02
4.470000000000000000e+02 4.388193786144256592e-02 6.272815912961959839e-02
4.480000000000000000e+02 4.388119652867317200e-02 6.281531602144241333e-02
4.490000000000000000e+02 4.380590096116065979e-02 6.266146153211593628e-02
4.500000000000000000e+02 4.384924843907356262e-02 6.272112578153610229e-02
4.510000000000000000e+02 4.375954344868659973e-02 6.271662563085556030e-02
4.520000000000000000e+02 4.379284009337425232e-02 6.265588104724884033e-02
4.530000000000000000e+02 4.371564090251922607e-02 6.269335001707077026e-02
4.540000000000000000e+02 4.370465874671936035e-02 6.263072043657302856e-02
4.550000000000000000e+02 4.362336173653602600e-02 6.251446157693862915e-02
4.560000000000000000e+02 4.366760700941085815e-02 6.250738352537155151e-02
4.570000000000000000e+02 4.366800189018249512e-02 6.246298551559448242e-02
4.580000000000000000e+02 4.359330236911773682e-02 6.239533424377441406e-02
4.590000000000000000e+02 4.356283694505691528e-02 6.250211596488952637e-02
4.600000000000000000e+02 4.353666678071022034e-02 6.239942088723182678e-02
4.610000000000000000e+02 4.360426589846611023e-02 6.240672990679740906e-02
4.620000000000000000e+02 4.350392892956733704e-02 6.227172911167144775e-02
4.630000000000000000e+02 4.350078850984573364e-02 6.228087469935417175e-02
4.640000000000000000e+02 4.342757165431976318e-02 6.228272989392280579e-02
4.650000000000000000e+02 4.342535883188247681e-02 6.236029416322708130e-02
4.660000000000000000e+02 4.339154437184333801e-02 6.226485595107078552e-02
4.670000000000000000e+02 4.335905611515045166e-02 6.204736605286598206e-02
4.680000000000000000e+02 4.332623258233070374e-02 6.198313459753990173e-02
4.690000000000000000e+02 4.334583505988121033e-02 6.214185059070587158e-02
4.700000000000000000e+02 4.328617081046104431e-02 6.203905493021011353e-02
4.710000000000000000e+02 4.329146072268486023e-02 6.212408468127250671e-02
4.720000000000000000e+02 4.325446486473083496e-02 6.221527233719825745e-02
4.730000000000000000e+02 4.323978722095489502e-02 6.197752803564071655e-02
4.740000000000000000e+02 4.320617765188217163e-02 6.204081326723098755e-02
4.750000000000000000e+02 4.315512999892234802e-02 6.206440553069114685e-02
4.760000000000000000e+02 4.317088797688484192e-02 6.190351769328117371e-02
4.770000000000000000e+02 4.308006167411804199e-02 6.182203069329261780e-02
4.780000000000000000e+02 4.317145049571990967e-02 6.195627897977828979e-02
4.790000000000000000e+02 4.310999438166618347e-02 6.199092045426368713e-02
4.800000000000000000e+02 4.308941960334777832e-02 6.174448505043983459e-02
4.810000000000000000e+02 4.306610301136970520e-02 6.154003739356994629e-02
4.820000000000000000e+02 4.303392767906188965e-02 6.161921471357345581e-02
4.830000000000000000e+02 4.299920797348022461e-02 6.175164133310317993e-02
4.840000000000000000e+02 4.300592467188835144e-02 6.190058588981628418e-02
4.850000000000000000e+02 4.292167350649833679e-02 6.177821382880210876e-02
4.860000000000000000e+02 4.293516278266906738e-02 6.170720979571342468e-02
4.870000000000000000e+02 4.287730902433395386e-02 6.167683750391006470e-02
4.880000000000000000e+02 4.283723607659339905e-02 6.169931218028068542e-02
4.890000000000000000e+02 4.286694154143333435e-02 6.172651425004005432e-02
4.900000000000000000e+02 4.285727441310882568e-02 6.160915270447731018e-02
4.910000000000000000e+02 4.281498491764068604e-02 6.151670962572097778e-02
4.920000000000000000e+02 4.278211295604705811e-02 6.157177314162254333e-02
4.930000000000000000e+02 4.278713837265968323e-02 6.162310019135475159e-02
4.940000000000000000e+02 4.270823672413825989e-02 6.157864630222320557e-02
4.950000000000000000e+02 4.273450002074241638e-02 6.158532947301864624e-02
4.960000000000000000e+02 4.270097985863685608e-02 6.155626475811004639e-02
4.970000000000000000e+02 4.268754646182060242e-02 6.141809374094009399e-02
4.980000000000000000e+02 4.269861802458763123e-02 6.134154275059700012e-02
4.990000000000000000e+02 4.260018095374107361e-02 6.135985255241394043e-02
5.000000000000000000e+02 4.260934516787528992e-02 6.139891222119331360e-02
5.010000000000000000e+02 4.260610044002532959e-02 6.133828684687614441e-02
5.020000000000000000e+02 4.257082566618919373e-02 6.138890609145164490e-02
5.030000000000000000e+02 4.258700460195541382e-02 6.130836158990859985e-02
5.040000000000000000e+02 4.261612519621849060e-02 6.134566664695739746e-02
5.050000000000000000e+02 4.253666102886199951e-02 6.111302599310874939e-02
5.060000000000000000e+02 4.246840626001358032e-02 6.117619946599006653e-02
5.070000000000000000e+02 4.248312860727310181e-02 6.125347316265106201e-02
5.080000000000000000e+02 4.246265441179275513e-02 6.136336922645568848e-02
5.090000000000000000e+02 4.237592965364456177e-02 6.112464517354965210e-02
5.100000000000000000e+02 4.239445179700851440e-02 6.114609166979789734e-02
5.110000000000000000e+02 4.240560904145240784e-02 6.120752915740013123e-02
5.120000000000000000e+02 4.237869754433631897e-02 6.102900952100753784e-02
5.130000000000000000e+02 4.235313832759857178e-02 6.100638583302497864e-02
5.140000000000000000e+02 4.234931245446205139e-02 6.097828969359397888e-02
5.150000000000000000e+02 4.226440191268920898e-02 6.091474741697311401e-02
5.160000000000000000e+02 4.231499135494232178e-02 6.093528121709823608e-02
5.170000000000000000e+02 4.228698834776878357e-02 6.097073480486869812e-02
5.180000000000000000e+02 4.225590825080871582e-02 6.104800850152969360e-02
5.190000000000000000e+02 4.222221300005912781e-02 6.096142530441284180e-02
5.200000000000000000e+02 4.219027236104011536e-02 6.080663949251174927e-02
5.210000000000000000e+02 4.221473634243011475e-02 6.092934682965278625e-02
5.220000000000000000e+02 4.219692572951316833e-02 6.080419942736625671e-02
5.230000000000000000e+02 4.213692620396614075e-02 6.079141050577163696e-02
5.240000000000000000e+02 4.213714599609375000e-02 6.097604706883430481e-02
5.250000000000000000e+02 4.212387651205062866e-02 6.075535714626312256e-02
5.260000000000000000e+02 4.210988432168960571e-02 6.085054203867912292e-02
5.270000000000000000e+02 4.210032150149345398e-02 6.079729273915290833e-02
5.280000000000000000e+02 4.211084917187690735e-02 6.072403118014335632e-02
5.290000000000000000e+02 4.204775393009185791e-02 6.071712821722030640e-02
5.300000000000000000e+02 4.202536866068840027e-02 6.075714156031608582e-02
5.310000000000000000e+02 4.196368530392646790e-02 6.075908243656158447e-02
5.320000000000000000e+02 4.199351370334625244e-02 6.065799295902252197e-02
5.330000000000000000e+02 4.196051880717277527e-02 6.060105189681053162e-02
5.340000000000000000e+02 4.195457324385643005e-02 6.068960949778556824e-02
5.350000000000000000e+02 4.194023087620735168e-02 6.061628833413124084e-02
5.360000000000000000e+02 4.194223880767822266e-02 6.058996170759201050e-02
5.370000000000000000e+02 4.188679531216621399e-02 6.056035682559013367e-02
5.380000000000000000e+02 4.188844561576843262e-02 6.051560491323471069e-02
5.390000000000000000e+02 4.186983406543731689e-02 6.045648455619812012e-02
5.400000000000000000e+02 4.189909622073173523e-02 6.054485961794853210e-02
5.410000000000000000e+02 4.182687029242515564e-02 6.038918346166610718e-02
5.420000000000000000e+02 4.182135313749313354e-02 6.043667718768119812e-02
5.430000000000000000e+02 4.174898192286491394e-02 6.054198741912841797e-02
5.440000000000000000e+02 4.178325086832046509e-02 6.059973314404487610e-02
5.450000000000000000e+02 4.178661108016967773e-02 6.046133115887641907e-02
5.460000000000000000e+02 4.174213856458663940e-02 6.032690033316612244e-02
5.470000000000000000e+02 4.176408052444458008e-02 6.035097315907478333e-02
5.480000000000000000e+02 4.170298948884010315e-02 6.024060770869255066e-02
5.490000000000000000e+02 4.168035089969635010e-02 6.034107878804206848e-02
5.500000000000000000e+02 4.170092567801475525e-02 6.020019575953483582e-02
5.510000000000000000e+02 4.167005047202110291e-02 6.020785123109817505e-02
5.520000000000000000e+02 4.168293997645378113e-02 6.032036617398262024e-02
5.530000000000000000e+02 4.163520038127899170e-02 6.014108285307884216e-02
5.540000000000000000e+02 4.157515242695808411e-02 6.021187826991081238e-02
5.550000000000000000e+02 4.160381853580474854e-02 6.023601815104484558e-02
5.560000000000000000e+02 4.154232516884803772e-02 6.003334373235702515e-02
5.570000000000000000e+02 4.154078289866447449e-02 6.010199710726737976e-02
5.580000000000000000e+02 4.150220006704330444e-02 6.007775664329528809e-02
5.590000000000000000e+02 4.153746739029884338e-02 6.024856492877006531e-02
5.600000000000000000e+02 4.150131344795227051e-02 6.009733676910400391e-02
5.610000000000000000e+02 4.148829355835914612e-02 6.006581336259841919e-02
5.620000000000000000e+02 4.145268723368644714e-02 5.998936295509338379e-02
5.630000000000000000e+02 4.142047837376594543e-02 6.017327681183815002e-02
5.640000000000000000e+02 4.140170663595199585e-02 6.016502156853675842e-02
5.650000000000000000e+02 4.140809923410415649e-02 5.996228381991386414e-02
5.660000000000000000e+02 4.135069996118545532e-02 5.993119999766349792e-02
5.670000000000000000e+02 4.140556976199150085e-02 5.992708355188369751e-02
5.680000000000000000e+02 4.139017686247825623e-02 5.996154993772506714e-02
5.690000000000000000e+02 4.134307801723480225e-02 5.978753045201301575e-02
5.700000000000000000e+02 4.134738817811012268e-02 6.003296747803688049e-02
5.710000000000000000e+02 4.131104797124862671e-02 5.987961590290069580e-02
5.720000000000000000e+02 4.132565855979919434e-02 5.989868566393852234e-02
5.730000000000000000e+02 4.128839820623397827e-02 5.981843173503875732e-02
5.740000000000000000e+02 4.122963920235633850e-02 5.984471365809440613e-02
5.750000000000000000e+02 4.121439531445503235e-02 5.977594107389450073e-02
5.760000000000000000e+02 4.118923842906951904e-02 5.981302261352539062e-02
5.770000000000000000e+02 4.124533385038375854e-02 5.978540703654289246e-02
5.780000000000000000e+02 4.121921584010124207e-02 5.978411436080932617e-02
5.790000000000000000e+02 4.123320430517196655e-02 5.968956649303436279e-02
5.800000000000000000e+02 4.111960530281066895e-02 5.971661210060119629e-02
5.810000000000000000e+02 4.112732037901878357e-02 5.974306911230087280e-02
5.820000000000000000e+02 4.116491600871086121e-02 5.965998396277427673e-02
5.830000000000000000e+02 4.115480929613113403e-02 5.974807217717170715e-02
5.840000000000000000e+02 4.110822826623916626e-02 5.964414775371551514e-02
5.850000000000000000e+02 4.107549786567687988e-02 5.961761996150016785e-02
5.860000000000000000e+02 4.106241837143898010e-02 5.950552225112915039e-02
5.870000000000000000e+02 4.102914035320281982e-02 5.966275185346603394e-02
5.880000000000000000e+02 4.100263491272926331e-02 5.955129116773605347e-02
5.890000000000000000e+02 4.101183265447616577e-02 5.956276878714561462e-02
5.900000000000000000e+02 4.097381234169006348e-02 5.960929393768310547e-02
5.910000000000000000e+02 4.097788408398628235e-02 5.955368280410766602e-02
5.920000000000000000e+02 4.094985872507095337e-02 5.941871926188468933e-02
5.930000000000000000e+02 4.097219929099082947e-02 5.942960083484649658e-02
5.940000000000000000e+02 4.093682393431663513e-02 5.947371572256088257e-02
5.950000000000000000e+02 4.094348102807998657e-02 5.942261591553688049e-02
5.960000000000000000e+02 4.091140255331993103e-02 5.949800834059715271e-02
5.970000000000000000e+02 4.093296453356742859e-02 5.938445404171943665e-02
5.980000000000000000e+02 4.092381149530410767e-02 5.947168916463851929e-02
5.990000000000000000e+02 4.088849201798439026e-02 5.940225347876548767e-02
6.000000000000000000e+02 4.083446413278579712e-02 5.932186916470527649e-02
6.010000000000000000e+02 4.083454608917236328e-02 5.935030803084373474e-02
6.020000000000000000e+02 4.083291068673133850e-02 5.939304083585739136e-02
6.030000000000000000e+02 4.083089530467987061e-02 5.937875807285308838e-02
6.040000000000000000e+02 4.080948606133460999e-02 5.934006348252296448e-02
6.050000000000000000e+02 4.076578468084335327e-02 5.947272107005119324e-02
6.060000000000000000e+02 4.077408090233802795e-02 5.930106341838836670e-02
6.070000000000000000e+02 4.078869149088859558e-02 5.917386710643768311e-02
6.080000000000000000e+02 4.079125821590423584e-02 5.912527814507484436e-02
6.090000000000000000e+02 4.077065363526344299e-02 5.913692712783813477e-02
6.100000000000000000e+02 4.070239141583442688e-02 5.924697965383529663e-02
6.110000000000000000e+02 4.069585353136062622e-02 5.909489840269088745e-02
6.120000000000000000e+02 4.068808257579803467e-02 5.922838300466537476e-02
6.130000000000000000e+02 4.065686091780662537e-02 5.917247012257575989e-02
6.140000000000000000e+02 4.067308455705642700e-02 5.920458212494850159e-02
6.150000000000000000e+02 4.068642109632492065e-02 5.914624780416488647e-02
6.160000000000000000e+02 4.063662514090538025e-02 5.904961004853248596e-02
6.170000000000000000e+02 4.061466455459594727e-02 5.899787694215774536e-02
6.180000000000000000e+02 4.059951007366180420e-02 5.911124870181083679e-02
6.190000000000000000e+02 4.058321937918663025e-02 5.907260626554489136e-02
6.200000000000000000e+02 4.056740179657936096e-02 5.908059701323509216e-02
6.210000000000000000e+02 4.058162495493888855e-02 5.900264903903007507e-02
6.220000000000000000e+02 4.056314006447792053e-02 5.895132943987846375e-02
6.230000000000000000e+02 4.052461683750152588e-02 5.897137150168418884e-02
6.240000000000000000e+02 4.053357988595962524e-02 5.906884372234344482e-02
6.250000000000000000e+02 4.053571447730064392e-02 5.890151858329772949e-02
6.260000000000000000e+02 4.052225872874259949e-02 5.892990902066230774e-02
6.270000000000000000e+02 4.045865684747695923e-02 5.891184136271476746e-02
6.280000000000000000e+02 4.049093276262283325e-02 5.873157456517219543e-02
6.290000000000000000e+02 4.043337702751159668e-02 5.886197090148925781e-02
6.300000000000000000e+02 4.046149551868438721e-02 5.888899788260459900e-02
6.310000000000000000e+02 4.045957326889038086e-02 5.901851132512092590e-02
6.320000000000000000e+02 4.041521251201629639e-02 5.885371938347816467e-02
6.330000000000000000e+02 4.042723402380943298e-02 5.882604792714118958e-02
6.340000000000000000e+02 4.040171951055526733e-02 5.879247561097145081e-02
6.350000000000000000e+02 4.041633009910583496e-02 5.876623094081878662e-02
6.360000000000000000e+02 4.035211354494094849e-02 5.881024152040481567e-02
6.370000000000000000e+02 4.032247886061668396e-02 5.880730971693992615e-02
