0.000000000000000000e+00 1.040605455636978149e-01 1.248044222593307495e-01
1.000000000000000000e+00 1.036920920014381409e-01 1.244511231780052185e-01
2.000000000000000000e+00 1.033315807580947876e-01 1.241012513637542725e-01
3.000000000000000000e+00 1.029708757996559143e-01 1.237957105040550232e-01
4.000000000000000000e+00 1.026173010468482971e-01 1.234316080808639526e-01
5.000000000000000000e+00 1.022618263959884644e-01 1.231189519166946411e-01
6.000000000000000000e+00 1.019125580787658691e-01 1.227771714329719543e-01
7.000000000000000000e+00 1.015586629509925842e-01 1.224674060940742493e-01
8.000000000000000000e+00 1.012239977717399597e-01 1.220911443233489990e-01
9.000000000000000000e+00 1.008664667606353760e-01 1.217988580465316772e-01
1.000000000000000000e+01 1.005074083805084229e-01 1.214876621961593628e-01
1.100000000000000000e+01 1.001557856798171997e-01 1.211282163858413696e-01
1.200000000000000000e+01 9.980344027280807495e-02 1.208118274807929993e-01
1.300000000000000000e+01 9.944009780883789062e-02 1.204651221632957458e-01
1.400000000000000000e+01 9.909146279096603394e-02 1.201137006282806396e-01
1.500000000000000000e+01 9.871148318052291870e-02 1.197552680969238281e-01
1.600000000000000000e+01 9.835630655288696289e-02 1.194272935390472412e-01
1.700000000000000000e+01 9.798729419708251953e-02 1.190685704350471497e-01
1.800000000000000000e+01 9.760621190071105957e-02 1.186737716197967529e-01
1.900000000000000000e+01 9.722535312175750732e-02 1.183428317308425903e-01
2.000000000000000000e+01 9.685216844081878662e-02 1.179546117782592773e-01
2.100000000000000000e+01 9.645407646894454956e-02 1.175443381071090698e-01
2.200000000000000000e+01 9.605270624160766602e-02 1.171714663505554199e-01
2.300000000000000000e+01 9.568212926387786865e-02 1.168270334601402283e-01
2.400000000000000000e+01 9.528794139623641968e-02 1.164545193314552307e-01
2.500000000000000000e+01 9.487804770469665527e-02 1.160744875669479370e-01
2.600000000000000000e+01 9.447897225618362427e-02 1.156540066003799438e-01
2.700000000000000000e+01 9.407584369182586670e-02 1.152745708823204041e-01
2.800000000000000000e+01 9.365615993738174438e-02 1.148773878812789917e-01
2.900000000000000000e+01 9.324571490287780762e-02 1.145115345716476440e-01
3.000000000000000000e+01 9.282650053501129150e-02 1.141513213515281677e-01
3.100000000000000000e+01 9.240268915891647339e-02 1.137422248721122742e-01
3.200000000000000000e+01 9.195781499147415161e-02 1.134136468172073364e-01
3.300000000000000000e+01 9.152938425540924072e-02 1.130379438400268555e-01
3.400000000000000000e+01 9.106860309839248657e-02 1.125914156436920166e-01
3.500000000000000000e+01 9.060512483119964600e-02 1.122388243675231934e-01
3.600000000000000000e+01 9.012792259454727173e-02 1.117746531963348389e-01
3.700000000000000000e+01 8.966840803623199463e-02 1.114418059587478638e-01
3.800000000000000000e+01 8.917880058288574219e-02 1.110246032476425171e-01
3.900000000000000000e+01 8.868189901113510132e-02 1.105934008955955505e-01
4.000000000000000000e+01 8.817773312330245972e-02 1.101598143577575684e-01
4.100000000000000000e+01 8.767249435186386108e-02 1.097847297787666321e-01
4.200000000000000000e+01 8.716082572937011719e-02 1.093733161687850952e-01
4.300000000000000000e+01 8.662925660610198975e-02 1.088898628950119019e-01
4.400000000000000000e+01 8.610624074935913086e-02 1.085113212466239929e-01
4.500000000000000000e+01 8.554962277412414551e-02 1.080593615770339966e-01
4.600000000000000000e+01 8.500409126281738281e-02 1.075768023729324341e-01
4.700000000000000000e+01 8.446651697158813477e-02 1.070888713002204895e-01
4.800000000000000000e+01 8.392976224422454834e-02 1.067347899079322815e-01
4.900000000000000000e+01 8.338391780853271484e-02 1.061972826719284058e-01
5.000000000000000000e+01 8.282233774662017822e-02 1.057592555880546570e-01
5.100000000000000000e+01 8.226665854454040527e-02 1.052526012063026428e-01
5.200000000000000000e+01 8.170609921216964722e-02 1.048234850168228149e-01
5.300000000000000000e+01 8.114842325448989868e-02 1.042798385024070740e-01
5.400000000000000000e+01 8.058803528547286987e-02 1.037309467792510986e-01
5.500000000000000000e+01 8.003743737936019897e-02 1.032329872250556946e-01
5.600000000000000000e+01 7.948127388954162598e-02 1.026720032095909119e-01
5.700000000000000000e+01 7.893896847963333130e-02 1.022227257490158081e-01
5.800000000000000000e+01 7.835765928030014038e-02 1.016825661063194275e-01
5.900000000000000000e+01 7.783720642328262329e-02 1.012221798300743103e-01
6.000000000000000000e+01 7.728749513626098633e-02 1.005572155117988586e-01
6.100000000000000000e+01 7.675082236528396606e-02 1.001281887292861938e-01
6.200000000000000000e+01 7.622975856065750122e-02 9.961502254009246826e-02
6.300000000000000000e+01 7.570619881153106689e-02 9.914714843034744263e-02
6.400000000000000000e+01 7.517972588539123535e-02 9.865222126245498657e-02
6.500000000000000000e+01 7.473027706146240234e-02 9.810144454240798950e-02
6.600000000000000000e+01 7.422331720590591431e-02 9.758470952510833740e-02
6.700000000000000000e+01 7.370704412460327148e-02 9.707856923341751099e-02
6.800000000000000000e+01 7.325264066457748413e-02 9.658746421337127686e-02
6.900000000000000000e+01 7.274812459945678711e-02 9.612636268138885498e-02
7.000000000000000000e+01 7.231787592172622681e-02 9.565475583076477051e-02
7.100000000000000000e+01 7.187607884407043457e-02 9.510400146245956421e-02
7.200000000000000000e+01 7.144058495759963989e-02 9.468382596969604492e-02
7.300000000000000000e+01 7.104117423295974731e-02 9.413290768861770630e-02
7.400000000000000000e+01 7.062681019306182861e-02 9.373378008604049683e-02
7.500000000000000000e+01 7.023671269416809082e-02 9.340517222881317139e-02
7.600000000000000000e+01 6.985080987215042114e-02 9.296029806137084961e-02
7.700000000000000000e+01 6.947109848260879517e-02 9.246536344289779663e-02
7.800000000000000000e+01 6.911226361989974976e-02 9.205528348684310913e-02
7.900000000000000000e+01 6.874238699674606323e-02 9.157249331474304199e-02
8.000000000000000000e+01 6.844519078731536865e-02 9.131094813346862793e-02
8.100000000000000000e+01 6.811018288135528564e-02 9.098163247108459473e-02
8.200000000000000000e+01 6.779540330171585083e-02 9.056212007999420166e-02
8.300000000000000000e+01 6.750107556581497192e-02 9.010152518749237061e-02
8.400000000000000000e+01 6.719119846820831299e-02 8.978812396526336670e-02
8.500000000000000000e+01 6.686809659004211426e-02 8.945205807685852051e-02
8.600000000000000000e+01 6.663018465042114258e-02 8.912297338247299194e-02
8.700000000000000000e+01 6.639350950717926025e-02 8.881354331970214844e-02
8.800000000000000000e+01 6.610988825559616089e-02 8.834218233823776245e-02
8.900000000000000000e+01 6.588269025087356567e-02 8.819784969091415405e-02
9.000000000000000000e+01 6.562247127294540405e-02 8.782368898391723633e-02
9.100000000000000000e+01 6.536838412284851074e-02 8.750160783529281616e-02
9.200000000000000000e+01 6.514973938465118408e-02 8.718872815370559692e-02
9.300000000000000000e+01 6.493467837572097778e-02 8.706384152173995972e-02
9.400000000000000000e+01 6.470893323421478271e-02 8.684691041707992554e-02
9.500000000000000000e+01 6.450056284666061401e-02 8.649423718452453613e-02
9.600000000000000000e+01 6.432684510946273804e-02 8.631846308708190918e-02
9.700000000000000000e+01 6.411723047494888306e-02 8.611014485359191895e-02
9.800000000000000000e+01 6.389134377241134644e-02 8.577905595302581787e-02
9.900000000000000000e+01 6.367149204015731812e-02 8.550851047039031982e-02
1.000000000000000000e+02 6.348424404859542847e-02 8.521125465631484985e-02
1.010000000000000000e+02 6.329702585935592651e-02 8.498596400022506714e-02
1.020000000000000000e+02 6.313905864953994751e-02 8.479958772659301758e-02
1.030000000000000000e+02 6.292822957038879395e-02 8.444576710462570190e-02
1.040000000000000000e+02 6.270872056484222412e-02 8.420458436012268066e-02
1.050000000000000000e+02 6.250796467065811157e-02 8.415041118860244751e-02
1.060000000000000000e+02 6.233971938490867615e-02 8.393787592649459839e-02
1.070000000000000000e+02 6.218960508704185486e-02 8.365666121244430542e-02
1.080000000000000000e+02 6.196415051817893982e-02 8.346924930810928345e-02
1.090000000000000000e+02 6.178653612732887268e-02 8.327524363994598389e-02
1.100000000000000000e+02 6.162155047059059143e-02 8.299174904823303223e-02
1.110000000000000000e+02 6.142987683415412903e-02 8.271754533052444458e-02
1.120000000000000000e+02 6.124873086810112000e-02 8.250822126865386963e-02
1.130000000000000000e+02 6.111781671643257141e-02 8.225840330123901367e-02
1.140000000000000000e+02 6.097487732768058777e-02 8.211051672697067261e-02
1.150000000000000000e+02 6.078197434544563293e-02 8.194449543952941895e-02
1.160000000000000000e+02 6.061179935932159424e-02 8.167927712202072144e-02
1.170000000000000000e+02 6.040748953819274902e-02 8.142391592264175415e-02
1.180000000000000000e+02 6.027965620160102844e-02 8.119288831949234009e-02
1.190000000000000000e+02 6.011293083429336548e-02 8.101094514131546021e-02
1.200000000000000000e+02 5.993651226162910461e-02 8.078689873218536377e-02
1.210000000000000000e+02 5.982956662774085999e-02 8.063047379255294800e-02
1.220000000000000000e+02 5.959586799144744873e-02 8.050344139337539673e-02
1.230000000000000000e+02 5.946888402104377747e-02 8.025036007165908813e-02
1.240000000000000000e+02 5.928700789809226990e-02 7.998521625995635986e-02
1.250000000000000000e+02 5.916060134768486023e-02 7.988735288381576538e-02
1.260000000000000000e+02 5.896410346031188965e-02 7.955390214920043945e-02
1.270000000000000000e+02 5.881372839212417603e-02 7.966054975986480713e-02
1.280000000000000000e+02 5.869777500629425049e-02 7.937840372323989868e-02
1.290000000000000000e+02 5.851690098643302917e-02 7.909417897462844849e-02
1.300000000000000000e+02 5.840545147657394409e-02 7.894744724035263062e-02
1.310000000000000000e+02 5.824995413422584534e-02 7.886870950460433960e-02
1.320000000000000000e+02 5.809697508811950684e-02 7.880832254886627197e-02
1.330000000000000000e+02 5.795577913522720337e-02 7.858019322156906128e-02
1.340000000000000000e+02 5.783173814415931702e-02 7.847422361373901367e-02
1.350000000000000000e+02 5.775716155767440796e-02 7.835518568754196167e-02
1.360000000000000000e+02 5.758628249168395996e-02 7.807093858718872070e-02
1.370000000000000000e+02 5.744500830769538879e-02 7.805494964122772217e-02
1.380000000000000000e+02 5.732769891619682312e-02 7.774095982313156128e-02
1.390000000000000000e+02 5.716817826032638550e-02 7.764331996440887451e-02
1.400000000000000000e+02 5.701991915702819824e-02 7.746254652738571167e-02
1.410000000000000000e+02 5.693816766142845154e-02 7.719624042510986328e-02
1.420000000000000000e+02 5.688452720642089844e-02 7.721786201000213623e-02
1.430000000000000000e+02 5.673627182841300964e-02 7.706898450851440430e-02
1.440000000000000000e+02 5.663543194532394409e-02 7.695352286100387573e-02
1.450000000000000000e+02 5.650155246257781982e-02 7.686004787683486938e-02
1.460000000000000000e+02 5.642959848046302795e-02 7.678429782390594482e-02
1.470000000000000000e+02 5.627700686454772949e-02 7.654047757387161255e-02
1.480000000000000000e+02 5.616121366620063782e-02 7.646816968917846680e-02
1.490000000000000000e+02 5.609202012419700623e-02 7.641623914241790771e-02
1.500000000000000000e+02 5.597433075308799744e-02 7.615735381841659546e-02
1.510000000000000000e+02 5.589468404650688171e-02 7.610335201025009155e-02
1.520000000000000000e+02 5.580243468284606934e-02 7.596687972545623779e-02
1.530000000000000000e+02 5.566868185997009277e-02 7.593632489442825317e-02
1.540000000000000000e+02 5.563766881823539734e-02 7.586250454187393188e-02
1.550000000000000000e+02 5.552558228373527527e-02 7.561351358890533447e-02
1.560000000000000000e+02 5.541850253939628601e-02 7.554199546575546265e-02
1.570000000000000000e+02 5.535021796822547913e-02 7.533819228410720825e-02
1.580000000000000000e+02 5.527205392718315125e-02 7.524450868368148804e-02
1.590000000000000000e+02 5.516506731510162354e-02 7.541650533676147461e-02
1.600000000000000000e+02 5.508121475577354431e-02 7.531511783599853516e-02
1.610000000000000000e+02 5.499967560172080994e-02 7.509460300207138062e-02
1.620000000000000000e+02 5.494385585188865662e-02 7.498599588871002197e-02
1.630000000000000000e+02 5.487904325127601624e-02 7.488507777452468872e-02
1.640000000000000000e+02 5.479536578059196472e-02 7.479860633611679077e-02
1.650000000000000000e+02 5.469180271029472351e-02 7.470136880874633789e-02
1.660000000000000000e+02 5.460499227046966553e-02 7.474744319915771484e-02
1.670000000000000000e+02 5.458926782011985779e-02 7.472151517868041992e-02
1.680000000000000000e+02 5.446720123291015625e-02 7.448757439851760864e-02
1.690000000000000000e+02 5.438816919922828674e-02 7.430629432201385498e-02
1.700000000000000000e+02 5.429901555180549622e-02 7.429957389831542969e-02
1.710000000000000000e+02 5.426394566893577576e-02 7.429064065217971802e-02
1.720000000000000000e+02 5.415920540690422058e-02 7.411547750234603882e-02
1.730000000000000000e+02 5.415651947259902954e-02 7.395892590284347534e-02
1.740000000000000000e+02 5.407922342419624329e-02 7.398523390293121338e-02
1.750000000000000000e+02 5.392590537667274475e-02 7.378792017698287964e-02
1.760000000000000000e+02 5.390881001949310303e-02 7.375919818878173828e-02
1.770000000000000000e+02 5.382293462753295898e-02 7.376709580421447754e-02
1.780000000000000000e+02 5.375888198614120483e-02 7.371237874031066895e-02
1.790000000000000000e+02 5.371869727969169617e-02 7.355402410030364990e-02
1.800000000000000000e+02 5.366322025656700134e-02 7.337879389524459839e-02
1.810000000000000000e+02 5.358067527413368225e-02 7.352283596992492676e-02
1.820000000000000000e+02 5.347637087106704712e-02 7.341226935386657715e-02
1.830000000000000000e+02 5.345253646373748779e-02 7.327774167060852051e-02
1.840000000000000000e+02 5.339026823639869690e-02 7.328709959983825684e-02
1.850000000000000000e+02 5.328373238444328308e-02 7.325955480337142944e-02
1.860000000000000000e+02 5.324266105890274048e-02 7.323097437620162964e-02
1.870000000000000000e+02 5.308756232261657715e-02 7.299289852380752563e-02
1.880000000000000000e+02 5.312928929924964905e-02 7.303651422262191772e-02
1.890000000000000000e+02 5.300970003008842468e-02 7.300663739442825317e-02
1.900000000000000000e+02 5.301133543252944946e-02 7.309672981500625610e-02
1.910000000000000000e+02 5.298174545168876648e-02 7.289062440395355225e-02
1.920000000000000000e+02 5.292092636227607727e-02 7.279215753078460693e-02
1.930000000000000000e+02 5.273023247718811035e-02 7.261807471513748169e-02
1.940000000000000000e+02 5.272234976291656494e-02 7.252341508865356445e-02
1.950000000000000000e+02 5.266211181879043579e-02 7.262334972620010376e-02
1.960000000000000000e+02 5.265144258737564087e-02 7.266816496849060059e-02
1.970000000000000000e+02 5.253131315112113953e-02 7.227103412151336670e-02
1.980000000000000000e+02 5.247186124324798584e-02 7.239881157875061035e-02
1.990000000000000000e+02 5.243809148669242859e-02 7.218226045370101929e-02
2.000000000000000000e+02 5.231303349137306213e-02 7.230235636234283447e-02
2.010000000000000000e+02 5.230118334293365479e-02 7.230369746685028076e-02
2.020000000000000000e+02 5.224240571260452271e-02 7.225026935338973999e-02
2.030000000000000000e+02 5.213336274027824402e-02 7.192616909742355347e-02
2.040000000000000000e+02 5.209225788712501526e-02 7.203745096921920776e-02
2.050000000000000000e+02 5.201875418424606323e-02 7.185108959674835205e-02
2.060000000000000000e+02 5.195185169577598572e-02 7.194614410400390625e-02
2.070000000000000000e+02 5.187218263745307922e-02 7.180447131395339966e-02
2.080000000000000000e+02 5.182242393493652344e-02 7.172580808401107788e-02
2.090000000000000000e+02 5.179481208324432373e-02 7.180141657590866089e-02
2.100000000000000000e+02 5.173088982701301575e-02 7.157978415489196777e-02
2.110000000000000000e+02 5.168332159519195557e-02 7.131446152925491333e-02
2.120000000000000000e+02 5.158044025301933289e-02 7.146056741476058960e-02
2.130000000000000000e+02 5.154473707079887390e-02 7.125860452651977539e-02
2.140000000000000000e+02 5.144092813134193420e-02 7.129114866256713867e-02
2.150000000000000000e+02 5.132777243852615356e-02 7.128457725048065186e-02
2.160000000000000000e+02 5.140284821391105652e-02 7.117615640163421631e-02
2.170000000000000000e+02 5.127191171050071716e-02 7.119818031787872314e-02
2.180000000000000000e+02 5.126234516501426697e-02 7.106536626815795898e-02
2.190000000000000000e+02 5.115418881177902222e-02 7.105155289173126221e-02
2.200000000000000000e+02 5.117056518793106079e-02 7.104133069515228271e-02
2.210000000000000000e+02 5.107836425304412842e-02 7.087496668100357056e-02
2.220000000000000000e+02 5.102132260799407959e-02 7.077660411596298218e-02
2.230000000000000000e+02 5.090403556823730469e-02 7.080098986625671387e-02
2.240000000000000000e+02 5.084972456097602844e-02 7.068889588117599487e-02
2.250000000000000000e+02 5.076981335878372192e-02 7.051925361156463623e-02
2.260000000000000000e+02 5.074889957904815674e-02 7.063250243663787842e-02
2.270000000000000000e+02 5.071034654974937439e-02 7.049594074487686157e-02
2.280000000000000000e+02 5.065943673253059387e-02 7.043188065290451050e-02
2.290000000000000000e+02 5.055849626660346985e-02 7.036124914884567261e-02
2.300000000000000000e+02 5.058493092656135559e-02 7.028521597385406494e-02
2.310000000000000000e+02 5.048028752207756042e-02 7.036022096872329712e-02
2.320000000000000000e+02 5.042095482349395752e-02 7.039643824100494385e-02
2.330000000000000000e+02 5.043975263833999634e-02 7.020483165979385376e-02
2.340000000000000000e+02 5.034441873431205750e-02 7.018344104290008545e-02
2.350000000000000000e+02 5.026034638285636902e-02 7.005267590284347534e-02
2.360000000000000000e+02 5.022495239973068237e-02 6.995368003845214844e-02
2.370000000000000000e+02 5.019101127982139587e-02 6.988068670034408569e-02
2.380000000000000000e+02 5.016094073653221130e-02 6.984048336744308472e-02
2.390000000000000000e+02 4.998932033777236938e-02 6.969195604324340820e-02
2.400000000000000000e+02 4.997755587100982666e-02 6.981847435235977173e-02
2.410000000000000000e+02 4.993410035967826843e-02 6.996157765388488770e-02
2.420000000000000000e+02 4.989818111062049866e-02 6.974516063928604126e-02
2.430000000000000000e+02 4.992013797163963318e-02 6.961251795291900635e-02
2.440000000000000000e+02 4.981463402509689331e-02 6.963142007589340210e-02
2.450000000000000000e+02 4.978711158037185669e-02 6.941641867160797119e-02
2.460000000000000000e+02 4.969718679785728455e-02 6.948818266391754150e-02
2.470000000000000000e+02 4.971156641840934753e-02 6.923928856849670410e-02
2.480000000000000000e+02 4.966434836387634277e-02 6.930163502693176270e-02
2.490000000000000000e+02 4.961216077208518982e-02 6.937473267316818237e-02
2.500000000000000000e+02 4.954648017883300781e-02 6.924287229776382446e-02
2.510000000000000000e+02 4.950449988245964050e-02 6.899161636829376221e-02
2.520000000000000000e+02 4.947557672858238220e-02 6.920117139816284180e-02
2.530000000000000000e+02 4.941673576831817627e-02 6.921051442623138428e-02
2.540000000000000000e+02 4.936460778117179871e-02 6.901519745588302612e-02
2.550000000000000000e+02 4.928806051611900330e-02 6.913527101278305054e-02
2.560000000000000000e+02 4.928554221987724304e-02 6.905821710824966431e-02
2.570000000000000000e+02 4.924337938427925110e-02 6.887783855199813843e-02
2.580000000000000000e+02 4.924407601356506348e-02 6.895234435796737671e-02
2.590000000000000000e+02 4.918746277689933777e-02 6.888023763895034790e-02
2.600000000000000000e+02 4.907684400677680969e-02 6.884364038705825806e-02
2.610000000000000000e+02 4.901962727308273315e-02 6.870639324188232422e-02
2.620000000000000000e+02 4.901167750358581543e-02 6.884971261024475098e-02
2.630000000000000000e+02 4.895859956741333008e-02 6.864459067583084106e-02
2.640000000000000000e+02 4.892258346080780029e-02 6.848537176847457886e-02
2.650000000000000000e+02 4.889518767595291138e-02 6.852610409259796143e-02
2.660000000000000000e+02 4.883394762873649597e-02 6.854549795389175415e-02
2.670000000000000000e+02 4.880373552441596985e-02 6.850290298461914062e-02
2.680000000000000000e+02 4.873638227581977844e-02 6.848171353340148926e-02
2.690000000000000000e+02 4.876381158828735352e-02 6.836687028408050537e-02
2.700000000000000000e+02 4.865774139761924744e-02 6.827179342508316040e-02
2.710000000000000000e+02 4.864442721009254456e-02 6.824579089879989624e-02
2.720000000000000000e+02 4.867678508162498474e-02 6.822229921817779541e-02
2.730000000000000000e+02 4.859787970781326294e-02 6.835418194532394409e-02
2.740000000000000000e+02 4.852332547307014465e-02 6.808228790760040283e-02
2.750000000000000000e+02 4.853699728846549988e-02 6.810143589973449707e-02
2.760000000000000000e+02 4.846499860286712646e-02 6.804380565881729126e-02
2.770000000000000000e+02 4.847978428006172180e-02 6.810176372528076172e-02
2.780000000000000000e+02 4.836487397551536560e-02 6.797599047422409058e-02
2.790000000000000000e+02 4.839061945676803589e-02 6.806283444166183472e-02
2.800000000000000000e+02 4.832226037979125977e-02 6.783828884363174438e-02
2.810000000000000000e+02 4.827648028731346130e-02 6.795502454042434692e-02
2.820000000000000000e+02 4.827725514769554138e-02 6.784226000308990479e-02
2.830000000000000000e+02 4.823590815067291260e-02 6.774582713842391968e-02
2.840000000000000000e+02 4.818965494632720947e-02 6.785040348768234253e-02
2.850000000000000000e+02 4.814951494336128235e-02 6.770706176757812500e-02
2.860000000000000000e+02 4.809579253196716309e-02 6.768988817930221558e-02
2.870000000000000000e+02 4.809606075286865234e-02 6.761769205331802368e-02
2.880000000000000000e+02 4.803727567195892334e-02 6.758202612400054932e-02
2.890000000000000000e+02 4.798473790287971497e-02 6.746321171522140503e-02
2.900000000000000000e+02 4.797618091106414795e-02 6.761127710342407227e-02
2.910000000000000000e+02 4.787926003336906433e-02 6.747611612081527710e-02
2.920000000000000000e+02 4.786751419305801392e-02 6.753250211477279663e-02
2.930000000000000000e+02 4.786574840545654297e-02 6.742309033870697021e-02
2.940000000000000000e+02 4.782296717166900635e-02 6.740504503250122070e-02
2.950000000000000000e+02 4.777769744396209717e-02 6.745286285877227783e-02
2.960000000000000000e+02 4.774907976388931274e-02 6.726165115833282471e-02
2.970000000000000000e+02 4.772199317812919617e-02 6.735901534557342529e-02
2.980000000000000000e+02 4.767882451415061951e-02 6.727676093578338623e-02
2.990000000000000000e+02 4.761256277561187744e-02 6.722573935985565186e-02
3.000000000000000000e+02 4.760521277785301208e-02 6.715252250432968140e-02
3.010000000000000000e+02 4.761193320155143738e-02 6.713057309389114380e-02
3.020000000000000000e+02 4.754631966352462769e-02 6.710872799158096313e-02
3.030000000000000000e+02 4.756607860326766968e-02 6.709284335374832153e-02
3.040000000000000000e+02 4.747476056218147278e-02 6.703823804855346680e-02
3.050000000000000000e+02 4.743435606360435486e-02 6.710684299468994141e-02
3.060000000000000000e+02 4.737681522965431213e-02 6.701030582189559937e-02
3.070000000000000000e+02 4.737908765673637390e-02 6.684510409832000732e-02
3.080000000000000000e+02 4.739196971058845520e-02 6.713087856769561768e-02
3.090000000000000000e+02 4.733945056796073914e-02 6.688023358583450317e-02
3.100000000000000000e+02 4.729420319199562073e-02 6.691301614046096802e-02
3.110000000000000000e+02 4.729938879609107971e-02 6.677453219890594482e-02
3.120000000000000000e+02 4.721260815858840942e-02 6.668123602867126465e-02
3.130000000000000000e+02 4.717030376195907593e-02 6.662966310977935791e-02
3.140000000000000000e+02 4.716918990015983582e-02 6.664070487022399902e-02
3.150000000000000000e+02 4.716541245579719543e-02 6.658418476581573486e-02
3.160000000000000000e+02 4.712808877229690552e-02 6.656748801469802856e-02
3.170000000000000000e+02 4.710085690021514893e-02 6.664028018712997437e-02
3.180000000000000000e+02 4.705145955085754395e-02 6.652000546455383301e-02
3.190000000000000000e+02 4.703561216592788696e-02 6.650044023990631104e-02
3.200000000000000000e+02 4.699575528502464294e-02 6.648176163434982300e-02
3.210000000000000000e+02 4.693660140037536621e-02 6.661615520715713501e-02
3.220000000000000000e+02 4.689609259366989136e-02 6.643993407487869263e-02
3.230000000000000000e+02 4.691717028617858887e-02 6.632003188133239746e-02
3.240000000000000000e+02 4.692439734935760498e-02 6.635618209838867188e-02
3.250000000000000000e+02 4.683461040258407593e-02 6.630752980709075928e-02
3.260000000000000000e+02 4.692244157195091248e-02 6.628456711769104004e-02
3.270000000000000000e+02 4.675080254673957825e-02 6.624899059534072876e-02
3.280000000000000000e+02 4.674039781093597412e-02 6.625853478908538818e-02
3.290000000000000000e+02 4.671584069728851318e-02 6.623634696006774902e-02
3.300000000000000000e+02 4.667591676115989685e-02 6.608262658119201660e-02
3.310000000000000000e+02 4.668141901493072510e-02 6.611251831054687500e-02
3.320000000000000000e+02 4.665314033627510071e-02 6.607055664062500000e-02
3.330000000000000000e+02 4.660837724804878235e-02 6.608845293521881104e-02
3.340000000000000000e+02 4.663743078708648682e-02 6.607171148061752319e-02
3.350000000000000000e+02 4.657089337706565857e-02 6.597059220075607300e-02
3.360000000000000000e+02 4.648379981517791748e-02 6.592997163534164429e-02
3.370000000000000000e+02 4.651110246777534485e-02 6.593210995197296143e-02
3.380000000000000000e+02 4.647669941186904907e-02 6.591759622097015381e-02
3.390000000000000000e+02 4.643787443637847900e-02 6.596837937831878662e-02
3.400000000000000000e+02 4.641061648726463318e-02 6.588312238454818726e-02
3.410000000000000000e+02 4.643514379858970642e-02 6.574044376611709595e-02
3.420000000000000000e+02 4.634471610188484192e-02 6.571006774902343750e-02
3.430000000000000000e+02 4.629533737897872925e-02 6.569939851760864258e-02
3.440000000000000000e+02 4.622396826744079590e-02 6.566967815160751343e-02
3.450000000000000000e+02 4.622017219662666321e-02 6.559821963310241699e-02
3.460000000000000000e+02 4.626885056495666504e-02 6.578874588012695312e-02
3.470000000000000000e+02 4.615794494748115540e-02 6.559596210718154907e-02
3.480000000000000000e+02 4.620552435517311096e-02 6.569216400384902954e-02
3.490000000000000000e+02 4.612063616514205933e-02 6.562370061874389648e-02
3.500000000000000000e+02 4.609514400362968445e-02 6.560381501913070679e-02
3.510000000000000000e+02 4.614719003438949585e-02 6.548453122377395630e-02
3.520000000000000000e+02 4.609874635934829712e-02 6.540033221244812012e-02
3.530000000000000000e+02 4.610649123787879944e-02 6.537191569805145264e-02
3.540000000000000000e+02 4.603655263781547546e-02 6.543407589197158813e-02
3.550000000000000000e+02 4.598855227231979370e-02 6.537222862243652344e-02
3.560000000000000000e+02 4.590306058526039124e-02 6.530193984508514404e-02
3.570000000000000000e+02 4.596734046936035156e-02 6.539221853017807007e-02
3.580000000000000000e+02 4.593193903565406799e-02 6.523712724447250366e-02
3.590000000000000000e+02 4.584781080484390259e-02 6.518854945898056030e-02
3.600000000000000000e+02 4.582342505455017090e-02 6.513919681310653687e-02
3.610000000000000000e+02 4.582735151052474976e-02 6.517276167869567871e-02
3.620000000000000000e+02 4.582516849040985107e-02 6.506928056478500366e-02
3.630000000000000000e+02 4.577154666185379028e-02 6.508570164442062378e-02
3.640000000000000000e+02 4.570972919464111328e-02 6.494875997304916382e-02
3.650000000000000000e+02 4.565191641449928284e-02 6.492912024259567261e-02
3.660000000000000000e+02 4.574033245444297791e-02 6.499238312244415283e-02
3.670000000000000000e+02 4.565204679965972900e-02 6.486169248819351196e-02
3.680000000000000000e+02 4.562085866928100586e-02 6.492397189140319824e-02
3.690000000000000000e+02 4.558159038424491882e-02 6.493522226810455322e-02
3.700000000000000000e+02 4.555828124284744263e-02 6.485319137573242188e-02
3.710000000000000000e+02 4.553469642996788025e-02 6.472150981426239014e-02
3.720000000000000000e+02 4.555853828787803650e-02 6.497664749622344971e-02
3.730000000000000000e+02 4.548810049891471863e-02 6.471636891365051270e-02
3.740000000000000000e+02 4.546756669878959656e-02 6.473436206579208374e-02
3.750000000000000000e+02 4.542028158903121948e-02 6.473106145858764648e-02
3.760000000000000000e+02 4.539446532726287842e-02 6.472007185220718384e-02
3.770000000000000000e+02 4.538165032863616943e-02 6.468606740236282349e-02
3.780000000000000000e+02 4.539092630147933960e-02 6.456642597913742065e-02
3.790000000000000000e+02 4.530145972967147827e-02 6.471952050924301147e-02
3.800000000000000000e+02 4.527981206774711609e-02 6.457477807998657227e-02
3.810000000000000000e+02 4.529863223433494568e-02 6.453845649957656860e-02
3.820000000000000000e+02 4.528686404228210449e-02 6.449003517627716064e-02
3.830000000000000000e+02 4.522445052862167358e-02 6.462848931550979614e-02
3.840000000000000000e+02 4.524295032024383545e-02 6.450277566909790039e-02
3.850000000000000000e+02 4.517067968845367432e-02 6.444863975048065186e-02
3.860000000000000000e+02 4.517593607306480408e-02 6.439649313688278198e-02
3.870000000000000000e+02 4.514629766345024109e-02 6.434733420610427856e-02
3.880000000000000000e+02 4.511057958006858826e-02 6.422600895166397095e-02
3.890000000000000000e+02 4.506424441933631897e-02 6.430421769618988037e-02
3.900000000000000000e+02 4.499687626957893372e-02 6.414691358804702759e-02
3.910000000000000000e+02 4.500937461853027344e-02 6.418671458959579468e-02
3.920000000000000000e+02 4.498654231429100037e-02 6.415653228759765625e-02
3.930000000000000000e+02 4.501892998814582825e-02 6.410236656665802002e-02
3.940000000000000000e+02 4.499828442931175232e-02 6.407436728477478027e-02
3.950000000000000000e+02 4.493433982133865356e-02 6.414248794317245483e-02
3.960000000000000000e+02 4.485063999891281128e-02 6.405218690633773804e-02
3.970000000000000000e+02 4.486335441470146179e-02 6.404512375593185425e-02
3.980000000000000000e+02 4.487155005335807800e-02 6.404316425323486328e-02
3.990000000000000000e+02 4.482193663716316223e-02 6.392705440521240234e-02
4.000000000000000000e+02 4.476343840360641479e-02 6.388631463050842285e-02
4.010000000000000000e+02 4.481294006109237671e-02 6.379788368940353394e-02
4.020000000000000000e+02 4.471303522586822510e-02 6.379709392786026001e-02
4.030000000000000000e+02 4.468965157866477966e-02 6.375447660684585571e-02
4.040000000000000000e+02 4.470077529549598694e-02 6.376298516988754272e-02
4.050000000000000000e+02 4.469005391001701355e-02 6.370750814676284790e-02
4.060000000000000000e+02 4.470131546258926392e-02 6.382326036691665649e-02
4.070000000000000000e+02 4.461394250392913818e-02 6.372636556625366211e-02
4.080000000000000000e+02 4.462206736207008362e-02 6.374007463455200195e-02
4.090000000000000000e+02 4.463660717010498047e-02 6.357357650995254517e-02
4.100000000000000000e+02 4.458234086632728577e-02 6.361199915409088135e-02
4.110000000000000000e+02 4.448737204074859619e-02 6.364967674016952515e-02
4.120000000000000000e+02 4.453795030713081360e-02 6.350832432508468628e-02
4.130000000000000000e+02 4.449257627129554749e-02 6.346073001623153687e-02
4.140000000000000000e+02 4.447336122393608093e-02 6.351595371961593628e-02
4.150000000000000000e+02 4.444637522101402283e-02 6.347496807575225830e-02
4.160000000000000000e+02 4.438210278749465942e-02 6.355360150337219238e-02
4.170000000000000000e+02 4.439196735620498657e-02 6.346827745437622070e-02
4.180000000000000000e+02 4.443919286131858826e-02 6.327184289693832397e-02
4.190000000000000000e+02 4.440387710928916931e-02 6.342500448226928711e-02
4.200000000000000000e+02 4.435605928301811218e-02 6.328010559082031250e-02
4.210000000000000000e+02 4.431333765387535095e-02 6.324873864650726318e-02
4.220000000000000000e+02 4.424104467034339905e-02 6.314203143119812012e-02
4.230000000000000000e+02 4.427898302674293518e-02 6.321374326944351196e-02
4.240000000000000000e+02 4.428707063198089600e-02 6.317190825939178467e-02
4.250000000000000000e+02 4.416464641690254211e-02 6.325751543045043945e-02
4.260000000000000000e+02 4.420553892850875854e-02 6.319849193096160889e-02
4.270000000000000000e+02 4.420888423919677734e-02 6.311625987291336060e-02
4.280000000000000000e+02 4.414517432451248169e-02 6.311591714620590210e-02
4.290000000000000000e+02 4.408880323171615601e-02 6.309201568365097046e-02
4.300000000000000000e+02 4.402353242039680481e-02 6.294694542884826660e-02
4.310000000000000000e+02 4.406442120671272278e-02 6.292502582073211670e-02
4.320000000000000000e+02 4.403851553797721863e-02 6.287889182567596436e-02
4.330000000000000000e+02 4.402218014001846313e-02 6.291894614696502686e-02
4.340000000000000000e+02 4.400954768061637878e-02 6.281141936779022217e-02
4.350000000000000000e+02 4.395802691578865051e-02 6.286064535379409790e-02
4.360000000000000000e+02 4.398975148797035217e-02 6.274015456438064575e-02
4.370000000000000000e+02 4.398247227072715759e-02 6.273249536752700806e-02
4.380000000000000000e+02 4.393211007118225098e-02 6.272956728935241699e-02
4.390000000000000000e+02 4.381909966468811035e-02 6.274162232875823975e-02
4.400000000000000000e+02 4.393950477242469788e-02 6.260784715414047241e-02
4.410000000000000000e+02 4.382406175136566162e-02 6.266260147094726562e-02
4.420000000000000000e+02 4.379584640264511108e-02 6.264904141426086426e-02
4.430000000000000000e+02 4.381384328007698059e-02 6.245971098542213440e-02
4.440000000000000000e+02 4.377606138586997986e-02 6.253218650817871094e-02
4.450000000000000000e+02 4.380067437887191772e-02 6.263110786676406860e-02
4.460000000000000000e+02 4.374863579869270325e-02 6.258425861597061157e-02
4.470000000000000000e+02 4.373104497790336609e-02 6.244449689984321594e-02
4.480000000000000000e+02 4.369582235813140869e-02 6.253441423177719116e-02
4.490000000000000000e+02 4.369364678859710693e-02 6.243955716490745544e-02
4.500000000000000000e+02 4.364475607872009277e-02 6.247013434767723083e-02
4.510000000000000000e+02 4.363857209682464600e-02 6.239191442728042603e-02
4.520000000000000000e+02 4.360851272940635681e-02 6.237370148301124573e-02
4.530000000000000000e+02 4.359440878033638000e-02 6.228487566113471985e-02
4.540000000000000000e+02 4.358518868684768677e-02 6.238024681806564331e-02
4.550000000000000000e+02 4.354588687419891357e-02 6.232176721096038818e-02
4.560000000000000000e+02 4.348190873861312866e-02 6.219086423516273499e-02
4.570000000000000000e+02 4.349583014845848083e-02 6.214851140975952148e-02
4.580000000000000000e+02 4.350721463561058044e-02 6.211685389280319214e-02
4.590000000000000000e+02 4.349541291594505310e-02 6.227694079279899597e-02
4.600000000000000000e+02 4.342248290777206421e-02 6.225302070379257202e-02
4.610000000000000000e+02 4.342060536146163940e-02 6.217542663216590881e-02
4.620000000000000000e+02 4.337089136242866516e-02 6.201115995645523071e-02
4.630000000000000000e+02 4.337944090366363525e-02 6.203431263566017151e-02
4.640000000000000000e+02 4.340351000428199768e-02 6.209069117903709412e-02
4.650000000000000000e+02 4.330661520361900330e-02 6.204745918512344360e-02
4.660000000000000000e+02 4.329458251595497131e-02 6.191602721810340881e-02
4.670000000000000000e+02 4.327295348048210144e-02 6.193458661437034607e-02
4.680000000000000000e+02 4.326907545328140259e-02 6.191366538405418396e-02
4.690000000000000000e+02 4.326609522104263306e-02 6.186848506331443787e-02
4.700000000000000000e+02 4.326503723859786987e-02 6.187085434794425964e-02
4.710000000000000000e+02 4.318656399846076965e-02 6.201555952429771423e-02
4.720000000000000000e+02 4.317048192024230957e-02 6.180732697248458862e-02
4.730000000000000000e+02 4.316185414791107178e-02 6.175903230905532837e-02
4.740000000000000000e+02 4.320223256945610046e-02 6.175241991877555847e-02
4.750000000000000000e+02 4.315884411334991455e-02 6.189874932169914246e-02
4.760000000000000000e+02 4.314287379384040833e-02 6.174530833959579468e-02
4.770000000000000000e+02 4.312807694077491760e-02 6.156771630048751831e-02
4.780000000000000000e+02 4.302866011857986450e-02 6.192819029092788696e-02
4.790000000000000000e+02 4.306949675083160400e-02 6.162277236580848694e-02
4.800000000000000000e+02 4.307638481259346008e-02 6.156157329678535461e-02
4.810000000000000000e+02 4.299392923712730408e-02 6.162247434258460999e-02
4.820000000000000000e+02 4.304079711437225342e-02 6.166566163301467896e-02
4.830000000000000000e+02 4.301261901855468750e-02 6.156161427497863770e-02
4.840000000000000000e+02 4.293206334114074707e-02 6.163568422198295593e-02
4.850000000000000000e+02 4.294716194272041321e-02 6.143895536661148071e-02
4.860000000000000000e+02 4.293099045753479004e-02 6.154515221714973450e-02
4.870000000000000000e+02 4.290848597884178162e-02 6.153619661927223206e-02
4.880000000000000000e+02 4.286918044090270996e-02 6.150989234447479248e-02
4.890000000000000000e+02 4.285375028848648071e-02 6.144241616129875183e-02
4.900000000000000000e+02 4.284627735614776611e-02 6.146933510899543762e-02
4.910000000000000000e+02 4.278628155589103699e-02 6.139902025461196899e-02
4.920000000000000000e+02 4.280399903655052185e-02 6.140675395727157593e-02
4.930000000000000000e+02 4.275917261838912964e-02 6.142862141132354736e-02
4.940000000000000000e+02 4.278586432337760925e-02 6.134190410375595093e-02
4.950000000000000000e+02 4.277603700757026672e-02 6.128066778182983398e-02
4.960000000000000000e+02 4.272563010454177856e-02 6.133439019322395325e-02
4.970000000000000000e+02 4.270714893937110901e-02 6.112949922680854797e-02
4.980000000000000000e+02 4.271824285387992859e-02 6.128799170255661011e-02
4.990000000000000000e+02 4.263770952820777893e-02 6.126841902732849121e-02
5.000000000000000000e+02 4.264996945858001709e-02 6.120175868272781372e-02
5.010000000000000000e+02 4.262010008096694946e-02 6.114412099123001099e-02
5.020000000000000000e+02 4.260419681668281555e-02 6.112077832221984863e-02
5.030000000000000000e+02 4.258514940738677979e-02 6.117556616663932800e-02
5.040000000000000000e+02 4.256839677691459656e-02 6.122330576181411743e-02
5.050000000000000000e+02 4.255959764122962952e-02 6.112802773714065552e-02
5.060000000000000000e+02 4.254340752959251404e-02 6.095708534121513367e-02
5.070000000000000000e+02 4.254199191927909851e-02 6.107907369732856750e-02
5.080000000000000000e+02 4.248983412981033325e-02 6.110753118991851807e-02
5.090000000000000000e+02 4.248793050646781921e-02 6.099174171686172485e-02
5.100000000000000000e+02 4.248651862144470215e-02 6.100230291485786438e-02
5.110000000000000000e+02 4.247491061687469482e-02 6.090005859732627869e-02
5.120000000000000000e+02 4.240946844220161438e-02 6.089295446872711182e-02
5.130000000000000000e+02 4.240630194544792175e-02 6.095352768898010254e-02
5.140000000000000000e+02 4.238831996917724609e-02 6.094087660312652588e-02
5.150000000000000000e+02 4.241978749632835388e-02 6.097749620676040649e-02
5.160000000000000000e+02 4.237122088670730591e-02 6.081687659025192261e-02
5.170000000000000000e+02 4.233418032526969910e-02 6.075188517570495605e-02
5.180000000000000000e+02 4.235065728425979614e-02 6.073795258998870850e-02
5.190000000000000000e+02 4.232125729322433472e-02 6.074176728725433350e-02
5.200000000000000000e+02 4.233943670988082886e-02 6.082051619887351990e-02
5.210000000000000000e+02 4.229746013879776001e-02 6.072096526622772217e-02
5.220000000000000000e+02 4.227015376091003418e-02 6.058713793754577637e-02
5.230000000000000000e+02 4.222928360104560852e-02 6.073948368430137634e-02
5.240000000000000000e+02 4.225028306245803833e-02 6.075827032327651978e-02
5.250000000000000000e+02 4.224870726466178894e-02 6.077311560511589050e-02
5.260000000000000000e+02 4.215833917260169983e-02 6.070524081587791443e-02
5.270000000000000000e+02 4.219878837466239929e-02 6.058627367019653320e-02
5.280000000000000000e+02 4.213502258062362671e-02 6.061443313956260681e-02
5.290000000000000000e+02 4.216813668608665466e-02 6.068903207778930664e-02
5.300000000000000000e+02 4.212675988674163818e-02 6.054925546050071716e-02
5.310000000000000000e+02 4.217473790049552917e-02 6.062786281108856201e-02
5.320000000000000000e+02 4.210422933101654053e-02 6.053477898240089417e-02
5.330000000000000000e+02 4.209593683481216431e-02 6.054069846868515015e-02
5.340000000000000000e+02 4.208848625421524048e-02 6.046450138092041016e-02
5.350000000000000000e+02 4.204132035374641418e-02 6.057159975171089172e-02
5.360000000000000000e+02 4.202249646186828613e-02 6.047334894537925720e-02
5.370000000000000000e+02 4.198647290468215942e-02 6.037735566496849060e-02
5.380000000000000000e+02 4.199402779340744019e-02 6.043290719389915466e-02
5.390000000000000000e+02 4.200182482600212097e-02 6.033262610435485840e-02
5.400000000000000000e+02 4.193465784192085266e-02 6.031568720936775208e-02
5.410000000000000000e+02 4.198615998029708862e-02 6.036192923784255981e-02
5.420000000000000000e+02 4.197626188397407532e-02 6.022000685334205627e-02
5.430000000000000000e+02 4.188305884599685669e-02 6.017984449863433838e-02
5.440000000000000000e+02 4.190190508961677551e-02 6.024454534053802490e-02
5.450000000000000000e+02 4.189644753932952881e-02 6.018637865781784058e-02
5.460000000000000000e+02 4.188600927591323853e-02 6.021469831466674805e-02
5.470000000000000000e+02 4.187200218439102173e-02 6.036594137549400330e-02
5.480000000000000000e+02 4.185811430215835571e-02 6.017417460680007935e-02
5.490000000000000000e+02 4.186762869358062744e-02 6.013699620962142944e-02
5.500000000000000000e+02 4.180478677153587341e-02 6.016387045383453369e-02
5.510000000000000000e+02 4.179250076413154602e-02 6.014448031783103943e-02
5.520000000000000000e+02 4.178032651543617249e-02 6.022796407341957092e-02
5.530000000000000000e+02 4.179660603404045105e-02 6.025007739663124084e-02
5.540000000000000000e+02 4.181950166821479797e-02 6.014830619096755981e-02
5.550000000000000000e+02 4.171930626034736633e-02 6.011383235454559326e-02
5.560000000000000000e+02 4.177267849445343018e-02 6.000065058469772339e-02
5.570000000000000000e+02 4.170011356472969055e-02 6.013146042823791504e-02
5.580000000000000000e+02 4.175025224685668945e-02 6.010831147432327271e-02
5.590000000000000000e+02 4.168178886175155640e-02 5.998134240508079529e-02
5.600000000000000000e+02 4.169662296772003174e-02 6.000871583819389343e-02
5.610000000000000000e+02 4.164756089448928833e-02 6.007443368434906006e-02
5.620000000000000000e+02 4.168601334095001221e-02 5.995288863778114319e-02
5.630000000000000000e+02 4.163841530680656433e-02 5.988394096493721008e-02
5.640000000000000000e+02 4.163032397627830505e-02 6.000186130404472351e-02
5.650000000000000000e+02 4.155235365033149719e-02 5.993273481726646423e-02
5.660000000000000000e+02 4.155804961919784546e-02 5.989426374435424805e-02
5.670000000000000000e+02 4.156387597322463989e-02 5.975211411714553833e-02
5.680000000000000000e+02 4.153734445571899414e-02 5.983052030205726624e-02
5.690000000000000000e+02 4.150427132844924927e-02 5.979411676526069641e-02
5.700000000000000000e+02 4.152151942253112793e-02 5.976089462637901306e-02
5.710000000000000000e+02 4.150658100843429565e-02 5.967782065272331238e-02
5.720000000000000000e+02 4.152734205126762390e-02 5.976220965385437012e-02
5.730000000000000000e+02 4.151091724634170532e-02 5.975174531340599060e-02
5.740000000000000000e+02 4.147980362176895142e-02 5.969343706965446472e-02
5.750000000000000000e+02 4.148630052804946899e-02 5.979071557521820068e-02
5.760000000000000000e+02 4.145174846053123474e-02 5.971091240644454956e-02
5.770000000000000000e+02 4.145011678338050842e-02 5.969620868563652039e-02
5.780000000000000000e+02 4.142294079065322876e-02 5.962987244129180908e-02
5.790000000000000000e+02 4.146548733115196228e-02 5.960852652788162231e-02
5.800000000000000000e+02 4.136019945144653320e-02 5.963659286499023438e-02
5.810000000000000000e+02 4.142943397164344788e-02 5.959812551736831665e-02
5.820000000000000000e+02 4.135933890938758850e-02 5.950522050261497498e-02
5.830000000000000000e+02 4.132761433720588684e-02 5.957363173365592957e-02
5.840000000000000000e+02 4.135382175445556641e-02 5.959433689713478088e-02
5.850000000000000000e+02 4.130733385682106018e-02 5.953434482216835022e-02
5.860000000000000000e+02 4.131662473082542419e-02 5.952849611639976501e-02
5.870000000000000000e+02 4.127949476242065430e-02 5.953891202807426453e-02
5.880000000000000000e+02 4.129049554467201233e-02 5.954777076840400696e-02
5.890000000000000000e+02 4.124502465128898621e-02 5.946714803576469421e-02
5.900000000000000000e+02 4.122862592339515686e-02 5.946275219321250916e-02
5.910000000000000000e+02 4.125348851084709167e-02 5.950495600700378418e-02
5.920000000000000000e+02 4.124259203672409058e-02 5.942507088184356689e-02
5.930000000000000000e+02 4.125622287392616272e-02 5.950181186199188232e-02
5.940000000000000000e+02 4.119831696152687073e-02 5.940092727541923523e-02
5.950000000000000000e+02 4.118781536817550659e-02 5.960619822144508362e-02
5.960000000000000000e+02 4.122110083699226379e-02 5.940394848585128784e-02
5.970000000000000000e+02 4.116217046976089478e-02 5.935608595609664917e-02
5.980000000000000000e+02 4.121170565485954285e-02 5.948836356401443481e-02
5.990000000000000000e+02 4.114457592368125916e-02 5.934457108378410339e-02
6.000000000000000000e+02 4.113794863224029541e-02 5.936937034130096436e-02
6.010000000000000000e+02 4.109748452901840210e-02 5.918454378843307495e-02
6.020000000000000000e+02 4.112334921956062317e-02 5.934110656380653381e-02
6.030000000000000000e+02 4.111413657665252686e-02 5.927175283432006836e-02
6.040000000000000000e+02 4.107408225536346436e-02 5.916109308600425720e-02
6.050000000000000000e+02 4.103701561689376831e-02 5.919483304023742676e-02
6.060000000000000000e+02 4.107040911912918091e-02 5.919976904988288879e-02
6.070000000000000000e+02 4.104049131274223328e-02 5.919143557548522949e-02
6.080000000000000000e+02 4.102223366498947144e-02 5.909830331802368164e-02
6.090000000000000000e+02 4.102786630392074585e-02 5.911687389016151428e-02
6.100000000000000000e+02 4.097448661923408508e-02 5.911464244127273560e-02
6.110000000000000000e+02 4.094480350613594055e-02 5.922405421733856201e-02
6.120000000000000000e+02 4.093028977513313293e-02 5.921669304370880127e-02
6.130000000000000000e+02 4.094852879643440247e-02 5.899913236498832703e-02
6.140000000000000000e+02 4.091718047857284546e-02 5.909771844744682312e-02
6.150000000000000000e+02 4.090432822704315186e-02 5.906835943460464478e-02
6.160000000000000000e+02 4.094145819544792175e-02 5.908064171671867371e-02
6.170000000000000000e+02 4.095561057329177856e-02 5.893334373831748962e-02
6.180000000000000000e+02 4.090690612792968750e-02 5.889309942722320557e-02
6.190000000000000000e+02 4.093816503882408142e-02 5.905669182538986206e-02
6.200000000000000000e+02 4.087096080183982849e-02 5.905964970588684082e-02
6.210000000000000000e+02 4.082738608121871948e-02 5.889522656798362732e-02
6.220000000000000000e+02 4.085187241435050964e-02 5.891725048422813416e-02
6.230000000000000000e+02 4.082730785012245178e-02 5.899932608008384705e-02
6.240000000000000000e+02 4.077572748064994812e-02 5.896244570612907410e-02
6.250000000000000000e+02 4.085273668169975281e-02 5.883925780653953552e-02
6.260000000000000000e+02 4.083473235368728638e-02 5.880622193217277527e-02
6.270000000000000000e+02 4.077612236142158508e-02 5.885220691561698914e-02
6.280000000000000000e+02 4.079513624310493469e-02 5.890964716672897339e-02
6.290000000000000000e+02 4.072123765945434570e-02 5.875247716903686523e-02
6.300000000000000000e+02 4.073422774672508240e-02 5.869539827108383179e-02
6.310000000000000000e+02 4.074526950716972351e-02 5.888028070330619812e-02
6.320000000000000000e+02 4.071859642863273621e-02 5.878022313117980957e-02
6.330000000000000000e+02 4.072218015789985657e-02 5.872137099504470825e-02
6.340000000000000000e+02 4.074306041002273560e-02 5.872685834765434265e-02
6.350000000000000000e+02 4.068726301193237305e-02 5.868362262845039368e-02
6.360000000000000000e+02 4.069358482956886292e-02 5.859297886490821838e-02
6.370000000000000000e+02 4.068840667605400085e-02 5.879132449626922607e-02
6.380000000000000000e+02 4.067517071962356567e-02 5.881841480731964111e-02
6.390000000000000000e+02 4.065282270312309265e-02 5.880596861243247986e-02
6.400000000000000000e+02 4.063807800412178040e-02 5.865563452243804932e-02
6.410000000000000000e+02 4.062531515955924988e-02 5.865696072578430176e-02
6.420000000000000000e+02 4.063381999731063843e-02 5.870226398110389709e-02
6.430000000000000000e+02 4.057003557682037354e-02 5.856530368328094482e-02
6.440000000000000000e+02 4.058910161256790161e-02 5.851636826992034912e-02
6.450000000000000000e+02 4.060233756899833679e-02 5.873359739780426025e-02
6.460000000000000000e+02 4.057351127266883850e-02 5.867876112461090088e-02
6.470000000000000000e+02 4.060532525181770325e-02 5.854737013578414917e-02
6.480000000000000000e+02 4.054536297917366028e-02 5.850052088499069214e-02
6.490000000000000000e+02 4.053695499897003174e-02 5.835194140672683716e-02
6.500000000000000000e+02 4.056933149695396423e-02 5.854393169283866882e-02
6.510000000000000000e+02 4.051050171256065369e-02 5.855255946516990662e-02
6.520000000000000000e+02 4.050776734948158264e-02 5.840241536498069763e-02
6.530000000000000000e+02 4.047558829188346863e-02 5.841511115431785583e-02
6.540000000000000000e+02 4.047739505767822266e-02 5.845796316862106323e-02
6.550000000000000000e+02 4.043031483888626099e-02 5.843453109264373779e-02
6.560000000000000000e+02 4.048588126897811890e-02 5.851382762193679810e-02
6.570000000000000000e+02 4.045066237449645996e-02 5.853953212499618530e-02
6.580000000000000000e+02 4.042281582951545715e-02 5.834145843982696533e-02
6.590000000000000000e+02 4.043262451887130737e-02 5.839334055781364441e-02
6.600000000000000000e+02 4.045086354017257690e-02 5.842784792184829712e-02
6.610000000000000000e+02 4.038280993700027466e-02 5.829285830259323120e-02
6.620000000000000000e+02 4.035158455371856689e-02 5.835416540503501892e-02
6.630000000000000000e+02 4.038750752806663513e-02 5.832650139927864075e-02
6.640000000000000000e+02 4.035551100969314575e-02 5.826365947723388672e-02
6.650000000000000000e+02 4.037275537848472595e-02 5.818060785531997681e-02
6.660000000000000000e+02 4.037349298596382141e-02 5.832216143608093262e-02
6.670000000000000000e+02 4.036637768149375916e-02 5.825905501842498779e-02
6.680000000000000000e+02 4.033506289124488831e-02 5.818268284201622009e-02
6.690000000000000000e+02 4.031164944171905518e-02 5.827918276190757751e-02
6.700000000000000000e+02 4.032804816961288452e-02 5.822131782770156860e-02
6.710000000000000000e+02 4.031946882605552673e-02 5.819274485111236572e-02
6.720000000000000000e+02 4.030247777700424194e-02 5.824952572584152222e-02
6.730000000000000000e+02 4.030721634626388550e-02 5.809344351291656494e-02
6.740000000000000000e+02 4.028042033314704895e-02 5.814941599965095520e-02
6.750000000000000000e+02 4.024075344204902649e-02 5.820011720061302185e-02
6.760000000000000000e+02 4.022632911801338196e-02 5.809735879302024841e-02
6.770000000000000000e+02 4.023311287164688110e-02 5.824834108352661133e-02
6.780000000000000000e+02 4.018729552626609802e-02 5.816013738512992859e-02
6.790000000000000000e+02 4.022671282291412354e-02 5.814709141850471497e-02
6.800000000000000000e+02 4.023165255784988403e-02 5.819622799754142761e-02
6.810000000000000000e+02 4.016012325882911682e-02 5.797066539525985718e-02
6.820000000000000000e+02 4.016686230897903442e-02 5.802920460700988770e-02
6.830000000000000000e+02 4.016488045454025269e-02 5.807666480541229248e-02
6.840000000000000000e+02 4.015301913022994995e-02 5.803355202078819275e-02
6.850000000000000000e+02 4.018225893378257751e-02 5.805145204067230225e-02
6.860000000000000000e+02 4.015378654003143311e-02 5.804738402366638184e-02
6.870000000000000000e+02 4.012522846460342407e-02 5.799077823758125305e-02
6.880000000000000000e+02 4.013690724968910217e-02 5.800353735685348511e-02
6.890000000000000000e+02 4.009956866502761841e-02 5.798603594303131104e-02
6.900000000000000000e+02 4.007500410079956055e-02 5.804785341024398804e-02
