0.000000000000000000e+00 1.049998998641967773e-01 1.272787004709243774e-01
1.000000000000000000e+00 1.046015396714210510e-01 1.269101947546005249e-01
2.000000000000000000e+00 1.042081490159034729e-01 1.265566796064376831e-01
3.000000000000000000e+00 1.038271486759185791e-01 1.262197196483612061e-01
4.000000000000000000e+00 1.034530028700828552e-01 1.258835047483444214e-01
5.000000000000000000e+00 1.030812263488769531e-01 1.255451291799545288e-01
6.000000000000000000e+00 1.027123257517814636e-01 1.252023279666900635e-01
7.000000000000000000e+00 1.023541763424873352e-01 1.248902603983879089e-01
8.000000000000000000e+00 1.019945517182350159e-01 1.245649009943008423e-01
9.000000000000000000e+00 1.016319543123245239e-01 1.242467015981674194e-01
1.000000000000000000e+01 1.012802720069885254e-01 1.239465624094009399e-01
1.100000000000000000e+01 1.009233146905899048e-01 1.236284002661705017e-01
1.200000000000000000e+01 1.005733832716941833e-01 1.233100295066833496e-01
1.300000000000000000e+01 1.002172008156776428e-01 1.229948624968528748e-01
1.400000000000000000e+01 9.986090660095214844e-02 1.226792782545089722e-01
1.500000000000000000e+01 9.950634837150573730e-02 1.223695203661918640e-01
1.600000000000000000e+01 9.914932399988174438e-02 1.220373958349227905e-01
1.700000000000000000e+01 9.879813343286514282e-02 1.217073276638984680e-01
1.800000000000000000e+01 9.843481332063674927e-02 1.213677003979682922e-01
1.900000000000000000e+01 9.806863218545913696e-02 1.210538819432258606e-01
2.000000000000000000e+01 9.769665449857711792e-02 1.207335144281387329e-01
2.100000000000000000e+01 9.732474386692047119e-02 1.203728690743446350e-01
2.200000000000000000e+01 9.694121032953262329e-02 1.200365200638771057e-01
2.300000000000000000e+01 9.656469523906707764e-02 1.196926236152648926e-01
2.400000000000000000e+01 9.618291258811950684e-02 1.193069815635681152e-01
2.500000000000000000e+01 9.578070789575576782e-02 1.189371421933174133e-01
2.600000000000000000e+01 9.538000077009201050e-02 1.185905039310455322e-01
2.700000000000000000e+01 9.496732801198959351e-02 1.181829199194908142e-01
2.800000000000000000e+01 9.454692900180816650e-02 1.177883148193359375e-01
2.900000000000000000e+01 9.411857277154922485e-02 1.174441277980804443e-01
3.000000000000000000e+01 9.368288516998291016e-02 1.169856041669845581e-01
3.100000000000000000e+01 9.324496239423751831e-02 1.165719255805015564e-01
3.200000000000000000e+01 9.278561919927597046e-02 1.161523014307022095e-01
3.300000000000000000e+01 9.232416749000549316e-02 1.157111227512359619e-01
3.400000000000000000e+01 9.184040874242782593e-02 1.152730807662010193e-01
3.500000000000000000e+01 9.134711325168609619e-02 1.148296967148780823e-01
3.600000000000000000e+01 9.084875136613845825e-02 1.143755689263343811e-01
3.700000000000000000e+01 9.034328162670135498e-02 1.138976514339447021e-01
3.800000000000000000e+01 8.980096131563186646e-02 1.134057044982910156e-01
3.900000000000000000e+01 8.927343785762786865e-02 1.129227727651596069e-01
4.000000000000000000e+01 8.872085809707641602e-02 1.124235689640045166e-01
4.100000000000000000e+01 8.815723657608032227e-02 1.118733882904052734e-01
4.200000000000000000e+01 8.756578713655471802e-02 1.113636568188667297e-01
4.300000000000000000e+01 8.698621392250061035e-02 1.108198314905166626e-01
4.400000000000000000e+01 8.636598289012908936e-02 1.102643534541130066e-01
4.500000000000000000e+01 8.577009290456771851e-02 1.096993759274482727e-01
4.600000000000000000e+01 8.515791594982147217e-02 1.091112494468688965e-01
4.700000000000000000e+01 8.451876789331436157e-02 1.085682883858680725e-01
4.800000000000000000e+01 8.388842642307281494e-02 1.079568266868591309e-01
4.900000000000000000e+01 8.326104283332824707e-02 1.073864847421646118e-01
5.000000000000000000e+01 8.263647556304931641e-02 1.067237406969070435e-01
5.100000000000000000e+01 8.201071619987487793e-02 1.061573624610900879e-01
5.200000000000000000e+01 8.137790858745574951e-02 1.055592894554138184e-01
5.300000000000000000e+01 8.078433573246002197e-02 1.049722954630851746e-01
5.400000000000000000e+01 8.017186820507049561e-02 1.043255105614662170e-01
5.500000000000000000e+01 7.957427948713302612e-02 1.037213802337646484e-01
5.600000000000000000e+01 7.899393886327743530e-02 1.030937954783439636e-01
5.700000000000000000e+01 7.843147218227386475e-02 1.025414168834686279e-01
5.800000000000000000e+01 7.788763195276260376e-02 1.019824892282485962e-01
5.900000000000000000e+01 7.739501446485519409e-02 1.014773696660995483e-01
6.000000000000000000e+01 7.691629976034164429e-02 1.008812263607978821e-01
6.100000000000000000e+01 7.640454918146133423e-02 1.003106832504272461e-01
6.200000000000000000e+01 7.597025483846664429e-02 9.983161091804504395e-02
6.300000000000000000e+01 7.547184824943542480e-02 9.923739731311798096e-02
6.400000000000000000e+01 7.506494224071502686e-02 9.869709610939025879e-02
6.500000000000000000e+01 7.465201616287231445e-02 9.821118414402008057e-02
6.600000000000000000e+01 7.426317036151885986e-02 9.766485542058944702e-02
6.700000000000000000e+01 7.387904822826385498e-02 9.719380736351013184e-02
6.800000000000000000e+01 7.353028655052185059e-02 9.675849974155426025e-02
6.900000000000000000e+01 7.312933355569839478e-02 9.618289768695831299e-02
7.000000000000000000e+01 7.279238849878311157e-02 9.563553333282470703e-02
7.100000000000000000e+01 7.248357683420181274e-02 9.527192264795303345e-02
7.200000000000000000e+01 7.210914790630340576e-02 9.467025101184844971e-02
7.300000000000000000e+01 7.180958241224288940e-02 9.434586018323898315e-02
7.400000000000000000e+01 7.147110998630523682e-02 9.384943544864654541e-02
7.500000000000000000e+01 7.118011265993118286e-02 9.342265874147415161e-02
7.600000000000000000e+01 7.086054235696792603e-02 9.297543019056320190e-02
7.700000000000000000e+01 7.057746499776840210e-02 9.278198331594467163e-02
7.800000000000000000e+01 7.033772021532058716e-02 9.223318099975585938e-02
7.900000000000000000e+01 7.004602253437042236e-02 9.198295325040817261e-02
8.000000000000000000e+01 6.975837051868438721e-02 9.159963577985763550e-02
8.100000000000000000e+01 6.951621919870376587e-02 9.121639281511306763e-02
8.200000000000000000e+01 6.927704066038131714e-02 9.085407108068466187e-02
8.300000000000000000e+01 6.897512078285217285e-02 9.049183130264282227e-02
8.400000000000000000e+01 6.870210170745849609e-02 9.032640606164932251e-02
8.500000000000000000e+01 6.845214217901229858e-02 9.004723280668258667e-02
8.600000000000000000e+01 6.815992295742034912e-02 8.965884894132614136e-02
8.700000000000000000e+01 6.791544705629348755e-02 8.952940255403518677e-02
8.800000000000000000e+01 6.765212118625640869e-02 8.934773504734039307e-02
8.900000000000000000e+01 6.734889745712280273e-02 8.897896856069564819e-02
9.000000000000000000e+01 6.712603569030761719e-02 8.855003118515014648e-02
9.100000000000000000e+01 6.687125563621520996e-02 8.844208717346191406e-02
9.200000000000000000e+01 6.663352251052856445e-02 8.826673775911331177e-02
9.300000000000000000e+01 6.639512628316879272e-02 8.794169872999191284e-02
9.400000000000000000e+01 6.615418940782546997e-02 8.774793148040771484e-02
9.500000000000000000e+01 6.586869806051254272e-02 8.746068179607391357e-02
9.600000000000000000e+01 6.564971804618835449e-02 8.726280927658081055e-02
9.700000000000000000e+01 6.542154401540756226e-02 8.693645894527435303e-02
9.800000000000000000e+01 6.515614688396453857e-02 8.677569776773452759e-02
9.900000000000000000e+01 6.493263691663742065e-02 8.663157373666763306e-02
1.000000000000000000e+02 6.470196694135665894e-02 8.626988530158996582e-02
1.010000000000000000e+02 6.447506695985794067e-02 8.592753112316131592e-02
1.020000000000000000e+02 6.426170468330383301e-02 8.581719547510147095e-02
1.030000000000000000e+02 6.402697414159774780e-02 8.544227480888366699e-02
1.040000000000000000e+02 6.386152654886245728e-02 8.527061343193054199e-02
1.050000000000000000e+02 6.361638754606246948e-02 8.508756756782531738e-02
1.060000000000000000e+02 6.337556988000869751e-02 8.472812175750732422e-02
1.070000000000000000e+02 6.320649385452270508e-02 8.456839621067047119e-02
1.080000000000000000e+02 6.294545531272888184e-02 8.415792882442474365e-02
1.090000000000000000e+02 6.280327588319778442e-02 8.393119275569915771e-02
1.100000000000000000e+02 6.257771700620651245e-02 8.374886959791183472e-02
1.110000000000000000e+02 6.240402534604072571e-02 8.364363014698028564e-02
1.120000000000000000e+02 6.218545138835906982e-02 8.332448452711105347e-02
1.130000000000000000e+02 6.199855357408523560e-02 8.314678072929382324e-02
1.140000000000000000e+02 6.183280050754547119e-02 8.289313316345214844e-02
1.150000000000000000e+02 6.166064739227294922e-02 8.271374553442001343e-02
1.160000000000000000e+02 6.144365295767784119e-02 8.238096535205841064e-02
1.170000000000000000e+02 6.129123270511627197e-02 8.224312216043472290e-02
1.180000000000000000e+02 6.112445518374443054e-02 8.193305134773254395e-02
1.190000000000000000e+02 6.093284115195274353e-02 8.174337446689605713e-02
1.200000000000000000e+02 6.074929609894752502e-02 8.159069716930389404e-02
1.210000000000000000e+02 6.058097258210182190e-02 8.136560767889022827e-02
1.220000000000000000e+02 6.045982986688613892e-02 8.097434788942337036e-02
1.230000000000000000e+02 6.029719859361648560e-02 8.111108094453811646e-02
1.240000000000000000e+02 6.013533100485801697e-02 8.079114556312561035e-02
1.250000000000000000e+02 5.995214357972145081e-02 8.054714649915695190e-02
1.260000000000000000e+02 5.981697887182235718e-02 8.029369264841079712e-02
1.270000000000000000e+02 5.969083681702613831e-02 8.016547560691833496e-02
1.280000000000000000e+02 5.946027860045433044e-02 8.001862466335296631e-02
1.290000000000000000e+02 5.931883305311203003e-02 7.976074516773223877e-02
1.300000000000000000e+02 5.917897820472717285e-02 7.963532954454421997e-02
1.310000000000000000e+02 5.903900414705276489e-02 7.946377247571945190e-02
1.320000000000000000e+02 5.888126045465469360e-02 7.910006493330001831e-02
1.330000000000000000e+02 5.874535441398620605e-02 7.913763076066970825e-02
1.340000000000000000e+02 5.860996991395950317e-02 7.891135662794113159e-02
1.350000000000000000e+02 5.847885832190513611e-02 7.890543341636657715e-02
1.360000000000000000e+02 5.832278355956077576e-02 7.845754921436309814e-02
1.370000000000000000e+02 5.819430202245712280e-02 7.840799540281295776e-02
1.380000000000000000e+02 5.807666108012199402e-02 7.824333757162094116e-02
1.390000000000000000e+02 5.798789486289024353e-02 7.802391797304153442e-02
1.400000000000000000e+02 5.784685909748077393e-02 7.795074582099914551e-02
1.410000000000000000e+02 5.772579461336135864e-02 7.778343558311462402e-02
1.420000000000000000e+02 5.760439112782478333e-02 7.776351273059844971e-02
1.430000000000000000e+02 5.740816146135330200e-02 7.752653211355209351e-02
1.440000000000000000e+02 5.736060440540313721e-02 7.731802016496658325e-02
1.450000000000000000e+02 5.720254778861999512e-02 7.708795368671417236e-02
1.460000000000000000e+02 5.711686983704566956e-02 7.712639868259429932e-02
1.470000000000000000e+02 5.701092630624771118e-02 7.699943333864212036e-02
1.480000000000000000e+02 5.687496811151504517e-02 7.678370177745819092e-02
1.490000000000000000e+02 5.675455182790756226e-02 7.686475664377212524e-02
1.500000000000000000e+02 5.666276812553405762e-02 7.654576748609542847e-02
1.510000000000000000e+02 5.656209588050842285e-02 7.637061923742294312e-02
1.520000000000000000e+02 5.647795274853706360e-02 7.633938640356063843e-02
1.530000000000000000e+02 5.640906468033790588e-02 7.602700591087341309e-02
1.540000000000000000e+02 5.630397424101829529e-02 7.613458484411239624e-02
1.550000000000000000e+02 5.620183423161506653e-02 7.594117522239685059e-02
1.560000000000000000e+02 5.608727037906646729e-02 7.585330307483673096e-02
1.570000000000000000e+02 5.601113662123680115e-02 7.580407708883285522e-02
1.580000000000000000e+02 5.591771379113197327e-02 7.561440020799636841e-02
1.590000000000000000e+02 5.579610541462898254e-02 7.560706138610839844e-02
1.600000000000000000e+02 5.574059858918190002e-02 7.550879567861557007e-02
1.610000000000000000e+02 5.564958974719047546e-02 7.538864761590957642e-02
1.620000000000000000e+02 5.562436580657958984e-02 7.530946284532546997e-02
1.630000000000000000e+02 5.551250278949737549e-02 7.521914690732955933e-02
1.640000000000000000e+02 5.541523173451423645e-02 7.498791068792343140e-02
1.650000000000000000e+02 5.530864000320434570e-02 7.501557469367980957e-02
1.660000000000000000e+02 5.522463843226432800e-02 7.489592581987380981e-02
1.670000000000000000e+02 5.523278564214706421e-02 7.483747601509094238e-02
1.680000000000000000e+02 5.510314553976058960e-02 7.475788146257400513e-02
1.690000000000000000e+02 5.504798144102096558e-02 7.454369962215423584e-02
1.700000000000000000e+02 5.495636165142059326e-02 7.453829050064086914e-02
1.710000000000000000e+02 5.492274090647697449e-02 7.442793995141983032e-02
1.720000000000000000e+02 5.483692139387130737e-02 7.447581738233566284e-02
1.730000000000000000e+02 5.477407947182655334e-02 7.434862852096557617e-02
1.740000000000000000e+02 5.468650907278060913e-02 7.417814433574676514e-02
1.750000000000000000e+02 5.459641665220260620e-02 7.421779632568359375e-02
1.760000000000000000e+02 5.460320413112640381e-02 7.407072931528091431e-02
1.770000000000000000e+02 5.450341850519180298e-02 7.395436614751815796e-02
1.780000000000000000e+02 5.443081259727478027e-02 7.401963323354721069e-02
1.790000000000000000e+02 5.438542366027832031e-02 7.382401078939437866e-02
1.800000000000000000e+02 5.434595420956611633e-02 7.390124350786209106e-02
1.810000000000000000e+02 5.424121767282485962e-02 7.378782331943511963e-02
1.820000000000000000e+02 5.410771071910858154e-02 7.359635829925537109e-02
1.830000000000000000e+02 5.410244688391685486e-02 7.354599237442016602e-02
1.840000000000000000e+02 5.402570962905883789e-02 7.342097163200378418e-02
1.850000000000000000e+02 5.395657196640968323e-02 7.336546480655670166e-02
1.860000000000000000e+02 5.392031744122505188e-02 7.327789068222045898e-02
1.870000000000000000e+02 5.388515815138816833e-02 7.332145422697067261e-02
1.880000000000000000e+02 5.378531292080879211e-02 7.323604822158813477e-02
1.890000000000000000e+02 5.374602600932121277e-02 7.314788550138473511e-02
1.900000000000000000e+02 5.368928611278533936e-02 7.323352992534637451e-02
1.910000000000000000e+02 5.363848805427551270e-02 7.304665446281433105e-02
1.920000000000000000e+02 5.360642448067665100e-02 7.293295860290527344e-02
1.930000000000000000e+02 5.353630706667900085e-02 7.280719280242919922e-02
1.940000000000000000e+02 5.345084518194198608e-02 7.268676906824111938e-02
1.950000000000000000e+02 5.342873558402061462e-02 7.272055000066757202e-02
1.960000000000000000e+02 5.338754132390022278e-02 7.279904186725616455e-02
1.970000000000000000e+02 5.334678664803504944e-02 7.271704077720642090e-02
1.980000000000000000e+02 5.325748026371002197e-02 7.241307199001312256e-02
1.990000000000000000e+02 5.318145453929901123e-02 7.250053435564041138e-02
2.000000000000000000e+02 5.317403748631477356e-02 7.258965075016021729e-02
2.010000000000000000e+02 5.305523425340652466e-02 7.244399189949035645e-02
2.020000000000000000e+02 5.307634919881820679e-02 7.240557670593261719e-02
2.030000000000000000e+02 5.300296843051910400e-02 7.241792976856231689e-02
2.040000000000000000e+02 5.291284248232841492e-02 7.222180813550949097e-02
2.050000000000000000e+02 5.289712920784950256e-02 7.202090322971343994e-02
2.060000000000000000e+02 5.283148214221000671e-02 7.200893014669418335e-02
2.070000000000000000e+02 5.279323831200599670e-02 7.202467322349548340e-02
2.080000000000000000e+02 5.273025482892990112e-02 7.201639562845230103e-02
2.090000000000000000e+02 5.270557105541229248e-02 7.192399352788925171e-02
2.100000000000000000e+02 5.259971320629119873e-02 7.176904380321502686e-02
2.110000000000000000e+02 5.256674066185951233e-02 7.183455675840377808e-02
2.120000000000000000e+02 5.247495323419570923e-02 7.181855291128158569e-02
2.130000000000000000e+02 5.248106643557548523e-02 7.165385782718658447e-02
2.140000000000000000e+02 5.244540050625801086e-02 7.175891101360321045e-02
2.150000000000000000e+02 5.232360586524009705e-02 7.168101519346237183e-02
2.160000000000000000e+02 5.224230885505676270e-02 7.154633104801177979e-02
2.170000000000000000e+02 5.225254222750663757e-02 7.156041264533996582e-02
2.180000000000000000e+02 5.217714235186576843e-02 7.133126258850097656e-02
2.190000000000000000e+02 5.213028565049171448e-02 7.139048725366592407e-02
2.200000000000000000e+02 5.205912515521049500e-02 7.140928506851196289e-02
2.210000000000000000e+02 5.202715843915939331e-02 7.135809212923049927e-02
2.220000000000000000e+02 5.199592560529708862e-02 7.131148129701614380e-02
2.230000000000000000e+02 5.194874852895736694e-02 7.128725945949554443e-02
2.240000000000000000e+02 5.189494788646697998e-02 7.106769084930419922e-02
2.250000000000000000e+02 5.183860287070274353e-02 7.107724994421005249e-02
2.260000000000000000e+02 5.180165916681289673e-02 7.116499543190002441e-02
2.270000000000000000e+02 5.176127329468727112e-02 7.117632776498794556e-02
2.280000000000000000e+02 5.165974795818328857e-02 7.111468166112899780e-02
2.290000000000000000e+02 5.165131762623786926e-02 7.119473814964294434e-02
2.300000000000000000e+02 5.162721127271652222e-02 7.093003392219543457e-02
2.310000000000000000e+02 5.152695253491401672e-02 7.108655571937561035e-02
2.320000000000000000e+02 5.151990056037902832e-02 7.078571617603302002e-02
2.330000000000000000e+02 5.149789899587631226e-02 7.087168097496032715e-02
2.340000000000000000e+02 5.143351107835769653e-02 7.078617811203002930e-02
2.350000000000000000e+02 5.133841186761856079e-02 7.074707746505737305e-02
2.360000000000000000e+02 5.132044851779937744e-02 7.081891596317291260e-02
2.370000000000000000e+02 5.124868452548980713e-02 7.067831605672836304e-02
2.380000000000000000e+02 5.125452578067779541e-02 7.053317129611968994e-02
2.390000000000000000e+02 5.123484879732131958e-02 7.061928510665893555e-02
2.400000000000000000e+02 5.113201215863227844e-02 7.050845026969909668e-02
2.410000000000000000e+02 5.108600482344627380e-02 7.043216377496719360e-02
2.420000000000000000e+02 5.101966485381126404e-02 7.031741738319396973e-02
2.430000000000000000e+02 5.108151212334632874e-02 7.029224932193756104e-02
2.440000000000000000e+02 5.092527717351913452e-02 7.040586322546005249e-02
2.450000000000000000e+02 5.096946284174919128e-02 7.026458531618118286e-02
2.460000000000000000e+02 5.083539709448814392e-02 7.030855119228363037e-02
2.470000000000000000e+02 5.087653547525405884e-02 7.010404765605926514e-02
2.480000000000000000e+02 5.078922212123870850e-02 7.018136233091354370e-02
2.490000000000000000e+02 5.072952806949615479e-02 7.016950845718383789e-02
2.500000000000000000e+02 5.067423358559608459e-02 7.004153728485107422e-02
2.510000000000000000e+02 5.063508078455924988e-02 7.009457051753997803e-02
2.520000000000000000e+02 5.062696337699890137e-02 7.001090794801712036e-02
2.530000000000000000e+02 5.054694786667823792e-02 6.990809738636016846e-02
2.540000000000000000e+02 5.057377740740776062e-02 6.982312351465225220e-02
2.550000000000000000e+02 5.046539008617401123e-02 7.002560794353485107e-02
2.560000000000000000e+02 5.042621865868568420e-02 6.977144628763198853e-02
2.570000000000000000e+02 5.046186223626136780e-02 6.977902352809906006e-02
2.580000000000000000e+02 5.040812119841575623e-02 6.978785991668701172e-02
2.590000000000000000e+02 5.029784515500068665e-02 6.977102905511856079e-02
2.600000000000000000e+02 5.033151432871818542e-02 6.976313889026641846e-02
2.610000000000000000e+02 5.023702234029769897e-02 6.965611875057220459e-02
2.620000000000000000e+02 5.021815747022628784e-02 6.962961703538894653e-02
2.630000000000000000e+02 5.019159615039825439e-02 6.958386301994323730e-02
2.640000000000000000e+02 5.011097341775894165e-02 6.947585940361022949e-02
2.650000000000000000e+02 5.006901174783706665e-02 6.963405758142471313e-02
2.660000000000000000e+02 5.002003908157348633e-02 6.956882029771804810e-02
2.670000000000000000e+02 4.996750876307487488e-02 6.943595409393310547e-02
2.680000000000000000e+02 4.993407055735588074e-02 6.949532777070999146e-02
2.690000000000000000e+02 4.987963661551475525e-02 6.939350813627243042e-02
2.700000000000000000e+02 4.984500631690025330e-02 6.935170292854309082e-02
2.710000000000000000e+02 4.986009374260902405e-02 6.929921358823776245e-02
2.720000000000000000e+02 4.983138293027877808e-02 6.922411173582077026e-02
2.730000000000000000e+02 4.976035282015800476e-02 6.924144178628921509e-02
2.740000000000000000e+02 4.973495751619338989e-02 6.920520216226577759e-02
2.750000000000000000e+02 4.971044883131980896e-02 6.911915540695190430e-02
2.760000000000000000e+02 4.969437047839164734e-02 6.916218250989913940e-02
2.770000000000000000e+02 4.957138374447822571e-02 6.928388029336929321e-02
2.780000000000000000e+02 4.951038584113121033e-02 6.901037693023681641e-02
2.790000000000000000e+02 4.950922355055809021e-02 6.908528506755828857e-02
2.800000000000000000e+02 4.947578534483909607e-02 6.904647499322891235e-02
2.810000000000000000e+02 4.945543035864830017e-02 6.885890662670135498e-02
2.820000000000000000e+02 4.940947517752647400e-02 6.891942024230957031e-02
2.830000000000000000e+02 4.936626553535461426e-02 6.898852437734603882e-02
2.840000000000000000e+02 4.937018454074859619e-02 6.902091205120086670e-02
2.850000000000000000e+02 4.929253831505775452e-02 6.877853721380233765e-02
2.860000000000000000e+02 4.925442487001419067e-02 6.876783818006515503e-02
2.870000000000000000e+02 4.924242198467254639e-02 6.882810592651367188e-02
2.880000000000000000e+02 4.921215027570724487e-02 6.865616887807846069e-02
2.890000000000000000e+02 4.911568388342857361e-02 6.880724430084228516e-02
2.900000000000000000e+02 4.915111884474754333e-02 6.865640729665756226e-02
2.910000000000000000e+02 4.908794537186622620e-02 6.857674568891525269e-02
2.920000000000000000e+02 4.902995005249977112e-02 6.855270266532897949e-02
2.930000000000000000e+02 4.899220541119575500e-02 6.852441281080245972e-02
2.940000000000000000e+02 4.894784837961196899e-02 6.844209879636764526e-02
2.950000000000000000e+02 4.892728105187416077e-02 6.857925653457641602e-02
2.960000000000000000e+02 4.889558255672454834e-02 6.840244680643081665e-02
2.970000000000000000e+02 4.883540421724319458e-02 6.848430633544921875e-02
2.980000000000000000e+02 4.877423867583274841e-02 6.848434358835220337e-02
2.990000000000000000e+02 4.872832074761390686e-02 6.837776303291320801e-02
3.000000000000000000e+02 4.873684048652648926e-02 6.826613098382949829e-02
3.010000000000000000e+02 4.874456673860549927e-02 6.825888156890869141e-02
3.020000000000000000e+02 4.863995313644409180e-02 6.841584295034408569e-02
3.030000000000000000e+02 4.861220717430114746e-02 6.834743171930313110e-02
3.040000000000000000e+02 4.854910820722579956e-02 6.820727884769439697e-02
3.050000000000000000e+02 4.860329255461692810e-02 6.814365088939666748e-02
3.060000000000000000e+02 4.854485392570495605e-02 6.818644702434539795e-02
3.070000000000000000e+02 4.848196357488632202e-02 6.814456731081008911e-02
3.080000000000000000e+02 4.839652404189109802e-02 6.804540753364562988e-02
3.090000000000000000e+02 4.838541150093078613e-02 6.800947338342666626e-02
3.100000000000000000e+02 4.835572838783264160e-02 6.798215955495834351e-02
3.110000000000000000e+02 4.838681593537330627e-02 6.790687888860702515e-02
3.120000000000000000e+02 4.829316958785057068e-02 6.791965663433074951e-02
3.130000000000000000e+02 4.829884693026542664e-02 6.783339381217956543e-02
3.140000000000000000e+02 4.823980480432510376e-02 6.792904436588287354e-02
3.150000000000000000e+02 4.815611243247985840e-02 6.795521825551986694e-02
3.160000000000000000e+02 4.815012961626052856e-02 6.798556447029113770e-02
3.170000000000000000e+02 4.812093824148178101e-02 6.753739714622497559e-02
3.180000000000000000e+02 4.810497537255287170e-02 6.780350208282470703e-02
3.190000000000000000e+02 4.809761047363281250e-02 6.770675629377365112e-02
3.200000000000000000e+02 4.802399128675460815e-02 6.774386018514633179e-02
3.210000000000000000e+02 4.806049168109893799e-02 6.764522939920425415e-02
3.220000000000000000e+02 4.799951985478401184e-02 6.759815663099288940e-02
3.230000000000000000e+02 4.789267107844352722e-02 6.760055571794509888e-02
3.240000000000000000e+02 4.783748462796211243e-02 6.751860678195953369e-02
3.250000000000000000e+02 4.783913865685462952e-02 6.748327612876892090e-02
3.260000000000000000e+02 4.784193262457847595e-02 6.746713072061538696e-02
3.270000000000000000e+02 4.777259007096290588e-02 6.761567294597625732e-02
3.280000000000000000e+02 4.777950793504714966e-02 6.739650666713714600e-02
3.290000000000000000e+02 4.772583767771720886e-02 6.739731132984161377e-02
3.300000000000000000e+02 4.763454943895339966e-02 6.740560382604598999e-02
3.310000000000000000e+02 4.767066612839698792e-02 6.739775836467742920e-02
3.320000000000000000e+02 4.765100032091140747e-02 6.721500307321548462e-02
3.330000000000000000e+02 4.767188057303428650e-02 6.731226295232772827e-02
3.340000000000000000e+02 4.761585965752601624e-02 6.724991649389266968e-02
3.350000000000000000e+02 4.756233468651771545e-02 6.715266406536102295e-02
3.360000000000000000e+02 4.750507324934005737e-02 6.723415851593017578e-02
3.370000000000000000e+02 4.743961244821548462e-02 6.722310185432434082e-02
3.380000000000000000e+02 4.744044691324234009e-02 6.723192334175109863e-02
3.390000000000000000e+02 4.747042059898376465e-02 6.702850759029388428e-02
3.400000000000000000e+02 4.740075767040252686e-02 6.703279167413711548e-02
3.410000000000000000e+02 4.734863713383674622e-02 6.706950813531875610e-02
3.420000000000000000e+02 4.726641997694969177e-02 6.704523414373397827e-02
3.430000000000000000e+02 4.730565473437309265e-02 6.703549623489379883e-02
3.440000000000000000e+02 4.721340537071228027e-02 6.702315062284469604e-02
3.450000000000000000e+02 4.724240675568580627e-02 6.691741198301315308e-02
3.460000000000000000e+02 4.721067473292350769e-02 6.687770038843154907e-02
3.470000000000000000e+02 4.714636132121086121e-02 6.695826351642608643e-02
3.480000000000000000e+02 4.713058844208717346e-02 6.683750450611114502e-02
3.490000000000000000e+02 4.708999022841453552e-02 6.689280271530151367e-02
3.500000000000000000e+02 4.707246646285057068e-02 6.687498092651367188e-02
3.510000000000000000e+02 4.698330909013748169e-02 6.684943288564682007e-02
3.520000000000000000e+02 4.703757166862487793e-02 6.664660573005676270e-02
3.530000000000000000e+02 4.697342962026596069e-02 6.660407036542892456e-02
3.540000000000000000e+02 4.695128649473190308e-02 6.672933697700500488e-02
3.550000000000000000e+02 4.696458205580711365e-02 6.668083369731903076e-02
3.560000000000000000e+02 4.688998311758041382e-02 6.664389371871948242e-02
3.570000000000000000e+02 4.686314612627029419e-02 6.665053218603134155e-02
3.580000000000000000e+02 4.685581102967262268e-02 6.660880893468856812e-02
3.590000000000000000e+02 4.678997024893760681e-02 6.665662676095962524e-02
3.600000000000000000e+02 4.677063971757888794e-02 6.653005629777908325e-02
3.610000000000000000e+02 4.674361646175384521e-02 6.649449467658996582e-02
3.620000000000000000e+02 4.664346575736999512e-02 6.638582050800323486e-02
3.630000000000000000e+02 4.668422788381576538e-02 6.641353666782379150e-02
3.640000000000000000e+02 4.663883522152900696e-02 6.631211936473846436e-02
3.650000000000000000e+02 4.658709466457366943e-02 6.624990701675415039e-02
3.660000000000000000e+02 4.662805050611495972e-02 6.641213595867156982e-02
3.670000000000000000e+02 4.654809087514877319e-02 6.618095934391021729e-02
3.680000000000000000e+02 4.651010781526565552e-02 6.631392985582351685e-02
3.690000000000000000e+02 4.650054872035980225e-02 6.623253226280212402e-02
3.700000000000000000e+02 4.651699960231781006e-02 6.626970320940017700e-02
3.710000000000000000e+02 4.640667140483856201e-02 6.614721566438674927e-02
3.720000000000000000e+02 4.640140756964683533e-02 6.619463860988616943e-02
3.730000000000000000e+02 4.634347930550575256e-02 6.610859185457229614e-02
3.740000000000000000e+02 4.630916938185691833e-02 6.603821367025375366e-02
3.750000000000000000e+02 4.635647311806678772e-02 6.606371700763702393e-02
3.760000000000000000e+02 4.635013639926910400e-02 6.606559455394744873e-02
3.770000000000000000e+02 4.631862789392471313e-02 6.596455723047256470e-02
3.780000000000000000e+02 4.625388234853744507e-02 6.596191227436065674e-02
3.790000000000000000e+02 4.619232192635536194e-02 6.611374765634536743e-02
3.800000000000000000e+02 4.626192897558212280e-02 6.594298034906387329e-02
3.810000000000000000e+02 4.619256034493446350e-02 6.579243391752243042e-02
3.820000000000000000e+02 4.615376517176628113e-02 6.589111685752868652e-02
3.830000000000000000e+02 4.611478745937347412e-02 6.566915661096572876e-02
3.840000000000000000e+02 4.605103284120559692e-02 6.574448943138122559e-02
3.850000000000000000e+02 4.602391272783279419e-02 6.574827432632446289e-02
3.860000000000000000e+02 4.594458267092704773e-02 6.589751690626144409e-02
3.870000000000000000e+02 4.603565484285354614e-02 6.580311805009841919e-02
3.880000000000000000e+02 4.602504521608352661e-02 6.583540886640548706e-02
3.890000000000000000e+02 4.592902958393096924e-02 6.559898704290390015e-02
3.900000000000000000e+02 4.592081159353256226e-02 6.576945632696151733e-02
3.910000000000000000e+02 4.585915803909301758e-02 6.584497541189193726e-02
3.920000000000000000e+02 4.583191499114036560e-02 6.573441624641418457e-02
3.930000000000000000e+02 4.578943550586700439e-02 6.549461185932159424e-02
3.940000000000000000e+02 4.577783867716789246e-02 6.548228114843368530e-02
3.950000000000000000e+02 4.581127315759658813e-02 6.565454602241516113e-02
3.960000000000000000e+02 4.572743922472000122e-02 6.559491902589797974e-02
3.970000000000000000e+02 4.569150507450103760e-02 6.547755748033523560e-02
3.980000000000000000e+02 4.569894447922706604e-02 6.535205245018005371e-02
3.990000000000000000e+02 4.559447988867759705e-02 6.536126881837844849e-02
4.000000000000000000e+02 4.555696994066238403e-02 6.526208668947219849e-02
4.010000000000000000e+02 4.555751010775566101e-02 6.527940928936004639e-02
4.020000000000000000e+02 4.555420950055122375e-02 6.524390727281570435e-02
4.030000000000000000e+02 4.548737406730651855e-02 6.529215723276138306e-02
4.040000000000000000e+02 4.547993466258049011e-02 6.532590091228485107e-02
4.050000000000000000e+02 4.546382650732994080e-02 6.521409004926681519e-02
4.060000000000000000e+02 4.545208066701889038e-02 6.519310176372528076e-02
4.070000000000000000e+02 4.541623592376708984e-02 6.525698304176330566e-02
4.080000000000000000e+02 4.535521194338798523e-02 6.519240140914916992e-02
4.090000000000000000e+02 4.538403451442718506e-02 6.509894877672195435e-02
4.100000000000000000e+02 4.530123621225357056e-02 6.521366536617279053e-02
4.110000000000000000e+02 4.532388597726821899e-02 6.502996385097503662e-02
4.120000000000000000e+02 4.530382901430130005e-02 6.503842025995254517e-02
4.130000000000000000e+02 4.525321349501609802e-02 6.505136936902999878e-02
4.140000000000000000e+02 4.524227604269981384e-02 6.503984332084655762e-02
4.150000000000000000e+02 4.523122683167457581e-02 6.507588177919387817e-02
4.160000000000000000e+02 4.521897062659263611e-02 6.499063968658447266e-02
4.170000000000000000e+02 4.511626064777374268e-02 6.491011381149291992e-02
4.180000000000000000e+02 4.511041194200515747e-02 6.489608436822891235e-02
4.190000000000000000e+02 4.514450952410697937e-02 6.481475383043289185e-02
4.200000000000000000e+02 4.506030306220054626e-02 6.490970402956008911e-02
4.210000000000000000e+02 4.505909979343414307e-02 6.488227099180221558e-02
4.220000000000000000e+02 4.496887698769569397e-02 6.474104523658752441e-02
4.230000000000000000e+02 4.496124386787414551e-02 6.491946429014205933e-02
4.240000000000000000e+02 4.489953443408012390e-02 6.467254459857940674e-02
4.250000000000000000e+02 4.494061321020126343e-02 6.476274132728576660e-02
4.260000000000000000e+02 4.486058279871940613e-02 6.454320251941680908e-02
4.270000000000000000e+02 4.491786658763885498e-02 6.467085331678390503e-02
4.280000000000000000e+02 4.482209682464599609e-02 6.447923928499221802e-02
4.290000000000000000e+02 4.481399431824684143e-02 6.460898369550704956e-02
4.300000000000000000e+02 4.487020522356033325e-02 6.466054916381835938e-02
4.310000000000000000e+02 4.480561241507530212e-02 6.451150029897689819e-02
4.320000000000000000e+02 4.473769664764404297e-02 6.458809226751327515e-02
4.330000000000000000e+02 4.467850923538208008e-02 6.449187546968460083e-02
4.340000000000000000e+02 4.468714445829391479e-02 6.446756422519683838e-02
4.350000000000000000e+02 4.461457952857017517e-02 6.451030820608139038e-02
4.360000000000000000e+02 4.460312053561210632e-02 6.441300362348556519e-02
4.370000000000000000e+02 4.455908387899398804e-02 6.427622586488723755e-02
4.380000000000000000e+02 4.459288716316223145e-02 6.439053267240524292e-02
4.390000000000000000e+02 4.458967596292495728e-02 6.442540138959884644e-02
4.400000000000000000e+02 4.454769939184188843e-02 6.418475508689880371e-02
4.410000000000000000e+02 4.449317976832389832e-02 6.424894928932189941e-02
4.420000000000000000e+02 4.450186714529991150e-02 6.434679031372070312e-02
4.430000000000000000e+02 4.442695155739784241e-02 6.427492946386337280e-02
4.440000000000000000e+02 4.443215951323509216e-02 6.411955505609512329e-02
4.450000000000000000e+02 4.439364001154899597e-02 6.421685963869094849e-02
4.460000000000000000e+02 4.444134607911109924e-02 6.405373662710189819e-02
4.470000000000000000e+02 4.433673992753028870e-02 6.412547826766967773e-02
4.480000000000000000e+02 4.431056231260299683e-02 6.407221406698226929e-02
4.490000000000000000e+02 4.429128021001815796e-02 6.414146721363067627e-02
4.500000000000000000e+02 4.422614723443984985e-02 6.389507651329040527e-02
4.510000000000000000e+02 4.430097341537475586e-02 6.398528069257736206e-02
4.520000000000000000e+02 4.420441016554832458e-02 6.391260027885437012e-02
4.530000000000000000e+02 4.418135061860084534e-02 6.397152692079544067e-02
4.540000000000000000e+02 4.418819770216941833e-02 6.396693736314773560e-02
4.550000000000000000e+02 4.410612583160400391e-02 6.392353028059005737e-02
4.560000000000000000e+02 4.412413015961647034e-02 6.386220455169677734e-02
4.570000000000000000e+02 4.410992190241813660e-02 6.379380077123641968e-02
4.580000000000000000e+02 4.410184174776077271e-02 6.380323320627212524e-02
4.590000000000000000e+02 4.404908046126365662e-02 6.370182335376739502e-02
4.600000000000000000e+02 4.401727765798568726e-02 6.377951055765151978e-02
4.610000000000000000e+02 4.402532801032066345e-02 6.377106904983520508e-02
4.620000000000000000e+02 4.399908334016799927e-02 6.374986469745635986e-02
4.630000000000000000e+02 4.395322129130363464e-02 6.370941549539566040e-02
4.640000000000000000e+02 4.393944144248962402e-02 6.375454366207122803e-02
4.650000000000000000e+02 4.387742280960083008e-02 6.372677534818649292e-02
4.660000000000000000e+02 4.388835281133651733e-02 6.369104236364364624e-02
4.670000000000000000e+02 4.386238008737564087e-02 6.356884539127349854e-02
4.680000000000000000e+02 4.387440532445907593e-02 6.355004757642745972e-02
4.690000000000000000e+02 4.383607953786849976e-02 6.354920566082000732e-02
4.700000000000000000e+02 4.380261152982711792e-02 6.356971710920333862e-02
4.710000000000000000e+02 4.378632828593254089e-02 6.342730671167373657e-02
4.720000000000000000e+02 4.375317692756652832e-02 6.350801140069961548e-02
4.730000000000000000e+02 4.374861344695091248e-02 6.342586874961853027e-02
4.740000000000000000e+02 4.367436096072196960e-02 6.338224560022354126e-02
4.750000000000000000e+02 4.369383677840232849e-02 6.344678997993469238e-02
4.760000000000000000e+02 4.369627684354782104e-02 6.342845410108566284e-02
4.770000000000000000e+02 4.363324865698814392e-02 6.338318437337875366e-02
4.780000000000000000e+02 4.361595958471298218e-02 6.322867423295974731e-02
4.790000000000000000e+02 4.360821470618247986e-02 6.338629871606826782e-02
4.800000000000000000e+02 4.358021914958953857e-02 6.312974542379379272e-02
4.810000000000000000e+02 4.358990117907524109e-02 6.317501515150070190e-02
4.820000000000000000e+02 4.352543130517005920e-02 6.328488886356353760e-02
4.830000000000000000e+02 4.352970421314239502e-02 6.329356878995895386e-02
4.840000000000000000e+02 4.352422803640365601e-02 6.325066089630126953e-02
4.850000000000000000e+02 4.349395632743835449e-02 6.311585754156112671e-02
4.860000000000000000e+02 4.348838701844215393e-02 6.312844157218933105e-02
4.870000000000000000e+02 4.351912438869476318e-02 6.316526979207992554e-02
4.880000000000000000e+02 4.354012385010719299e-02 6.305275857448577881e-02
4.890000000000000000e+02 4.338076710700988770e-02 6.311538815498352051e-02
4.900000000000000000e+02 4.344373196363449097e-02 6.291499733924865723e-02
4.910000000000000000e+02 4.340874031186103821e-02 6.297658383846282959e-02
4.920000000000000000e+02 4.333397001028060913e-02 6.309799849987030029e-02
4.930000000000000000e+02 4.328314214944839478e-02 6.305297464132308960e-02
4.940000000000000000e+02 4.330787062644958496e-02 6.300222128629684448e-02
4.950000000000000000e+02 4.324553534388542175e-02 6.285763531923294067e-02
4.960000000000000000e+02 4.324544966220855713e-02 6.277913600206375122e-02
4.970000000000000000e+02 4.322734475135803223e-02 6.280168890953063965e-02
4.980000000000000000e+02 4.325083643198013306e-02 6.284195929765701294e-02
4.990000000000000000e+02 4.320085048675537109e-02 6.272543966770172119e-02
5.000000000000000000e+02 4.314231127500534058e-02 6.289453804492950439e-02
5.010000000000000000e+02 4.319861903786659241e-02 6.285252422094345093e-02
5.020000000000000000e+02 4.314807429909706116e-02 6.275013089179992676e-02
5.030000000000000000e+02 4.315099492669105530e-02 6.266763806343078613e-02
5.040000000000000000e+02 4.311193898320198059e-02 6.275323033332824707e-02
5.050000000000000000e+02 4.306609928607940674e-02 6.273155659437179565e-02
5.060000000000000000e+02 4.303340613842010498e-02 6.264378130435943604e-02
5.070000000000000000e+02 4.305873438715934753e-02 6.262651830911636353e-02
5.080000000000000000e+02 4.304367676377296448e-02 6.266346573829650879e-02
5.090000000000000000e+02 4.298822581768035889e-02 6.251478940248489380e-02
5.100000000000000000e+02 4.297625273466110229e-02 6.248368322849273682e-02
5.110000000000000000e+02 4.303387179970741272e-02 6.251839548349380493e-02
5.120000000000000000e+02 4.296686500310897827e-02 6.259685754776000977e-02
5.130000000000000000e+02 4.295001551508903503e-02 6.241469457745552063e-02
5.140000000000000000e+02 4.290764033794403076e-02 6.243447959423065186e-02
5.150000000000000000e+02 4.289944097399711609e-02 6.236194446682929993e-02
5.160000000000000000e+02 4.290680214762687683e-02 6.249045208096504211e-02
5.170000000000000000e+02 4.289859533309936523e-02 6.238578632473945618e-02
5.180000000000000000e+02 4.282642900943756104e-02 6.237827986478805542e-02
5.190000000000000000e+02 4.282500222325325012e-02 6.230455636978149414e-02
5.200000000000000000e+02 4.277281463146209717e-02 6.228473410010337830e-02
5.210000000000000000e+02 4.285321012139320374e-02 6.215697899460792542e-02
5.220000000000000000e+02 4.276390746235847473e-02 6.227730587124824524e-02
5.230000000000000000e+02 4.269666597247123718e-02 6.228164583444595337e-02
5.240000000000000000e+02 4.273737594485282898e-02 6.227175891399383545e-02
5.250000000000000000e+02 4.270857572555541992e-02 6.216520443558692932e-02
5.260000000000000000e+02 4.271124675869941711e-02 6.209390610456466675e-02
5.270000000000000000e+02 4.268208518624305725e-02 6.217487528920173645e-02
5.280000000000000000e+02 4.266212508082389832e-02 6.217233091592788696e-02
5.290000000000000000e+02 4.260226711630821228e-02 6.217639893293380737e-02
5.300000000000000000e+02 4.260567575693130493e-02 6.201497837901115417e-02
5.310000000000000000e+02 4.266727715730667114e-02 6.209200248122215271e-02
5.320000000000000000e+02 4.258143529295921326e-02 6.203013285994529724e-02
5.330000000000000000e+02 4.256848618388175964e-02 6.201776489615440369e-02
5.340000000000000000e+02 4.259140416979789734e-02 6.194824725389480591e-02
5.350000000000000000e+02 4.255076870322227478e-02 6.198420748114585876e-02
5.360000000000000000e+02 4.252729564905166626e-02 6.187224015593528748e-02
5.370000000000000000e+02 4.254044592380523682e-02 6.189933046698570251e-02
5.380000000000000000e+02 4.250838980078697205e-02 6.193789839744567871e-02
5.390000000000000000e+02 4.248999431729316711e-02 6.181731075048446655e-02
5.400000000000000000e+02 4.244809225201606750e-02 6.183344125747680664e-02
5.410000000000000000e+02 4.244388639926910400e-02 6.199124827980995178e-02
5.420000000000000000e+02 4.242553934454917908e-02 6.186657026410102844e-02
5.430000000000000000e+02 4.241648316383361816e-02 6.181080266833305359e-02
5.440000000000000000e+02 4.239171743392944336e-02 6.170794740319252014e-02
5.450000000000000000e+02 4.236678779125213623e-02 6.164448708295822144e-02
5.460000000000000000e+02 4.239855334162712097e-02 6.169642508029937744e-02
5.470000000000000000e+02 4.238424450159072876e-02 6.169184297323226929e-02
5.480000000000000000e+02 4.235599935054779053e-02 6.167902052402496338e-02
5.490000000000000000e+02 4.231778532266616821e-02 6.160125508904457092e-02
5.500000000000000000e+02 4.231174662709236145e-02 6.156059354543685913e-02
5.510000000000000000e+02 4.231039807200431824e-02 6.162820011377334595e-02
5.520000000000000000e+02 4.223483055830001831e-02 6.158027052879333496e-02
5.530000000000000000e+02 4.225496202707290649e-02 6.157837808132171631e-02
5.540000000000000000e+02 4.229818284511566162e-02 6.146890670061111450e-02
5.550000000000000000e+02 4.221127554774284363e-02 6.155260279774665833e-02
5.560000000000000000e+02 4.221493750810623169e-02 6.144395470619201660e-02
5.570000000000000000e+02 4.220765829086303711e-02 6.153903529047966003e-02
5.580000000000000000e+02 4.217953234910964966e-02 6.149121373891830444e-02
5.590000000000000000e+02 4.217293113470077515e-02 6.160185113549232483e-02
5.600000000000000000e+02 4.215462505817413330e-02 6.141111627221107483e-02
5.610000000000000000e+02 4.212086647748947144e-02 6.135138124227523804e-02
5.620000000000000000e+02 4.206249490380287170e-02 6.137002632021903992e-02
5.630000000000000000e+02 4.211769253015518188e-02 6.127325817942619324e-02
5.640000000000000000e+02 4.207198694348335266e-02 6.132632493972778320e-02
5.650000000000000000e+02 4.206868261098861694e-02 6.137443706393241882e-02
5.660000000000000000e+02 4.207283630967140198e-02 6.126033142209053040e-02
5.670000000000000000e+02 4.207605123519897461e-02 6.127215176820755005e-02
5.680000000000000000e+02 4.197475314140319824e-02 6.119773536920547485e-02
5.690000000000000000e+02 4.202409833669662476e-02 6.121163070201873779e-02
5.700000000000000000e+02 4.197315871715545654e-02 6.121815741062164307e-02
5.710000000000000000e+02 4.194131493568420410e-02 6.121220067143440247e-02
5.720000000000000000e+02 4.195383191108703613e-02 6.109593808650970459e-02
5.730000000000000000e+02 4.189230129122734070e-02 6.114427000284194946e-02
5.740000000000000000e+02 4.194817319512367249e-02 6.110023707151412964e-02
5.750000000000000000e+02 4.196893423795700073e-02 6.111674755811691284e-02
5.760000000000000000e+02 4.187974333763122559e-02 6.108017638325691223e-02
5.770000000000000000e+02 4.191312566399574280e-02 6.103434786200523376e-02
5.780000000000000000e+02 4.187167435884475708e-02 6.108433753252029419e-02
5.790000000000000000e+02 4.185631871223449707e-02 6.104592233896255493e-02
5.800000000000000000e+02 4.185401275753974915e-02 6.098750233650207520e-02
5.810000000000000000e+02 4.187725484371185303e-02 6.111131981015205383e-02
5.820000000000000000e+02 4.180854931473731995e-02 6.088046729564666748e-02
5.830000000000000000e+02 4.178777337074279785e-02 6.099064648151397705e-02
5.840000000000000000e+02 4.176399111747741699e-02 6.093796715140342712e-02
5.850000000000000000e+02 4.177767783403396606e-02 6.106407195329666138e-02
5.860000000000000000e+02 4.171425476670265198e-02 6.086466833949089050e-02
5.870000000000000000e+02 4.173938557505607605e-02 6.095566228032112122e-02
5.880000000000000000e+02 4.170358553528785706e-02 6.072983890771865845e-02
5.890000000000000000e+02 4.167835041880607605e-02 6.088246777653694153e-02
5.900000000000000000e+02 4.171615093946456909e-02 6.079658493399620056e-02
5.910000000000000000e+02 4.168843850493431091e-02 6.065924465656280518e-02
5.920000000000000000e+02 4.167731851339340210e-02 6.078878045082092285e-02
5.930000000000000000e+02 4.166914895176887512e-02 6.083485111594200134e-02
5.940000000000000000e+02 4.164526239037513733e-02 6.075281277298927307e-02
5.950000000000000000e+02 4.161364957690238953e-02 6.080435961484909058e-02
5.960000000000000000e+02 4.162711277604103088e-02 6.083177030086517334e-02
5.970000000000000000e+02 4.158549383282661438e-02 6.066685542464256287e-02
5.980000000000000000e+02 4.161183908581733704e-02 6.063311919569969177e-02
5.990000000000000000e+02 4.159910231828689575e-02 6.074134260416030884e-02
6.000000000000000000e+02 4.158736765384674072e-02 6.066495552659034729e-02
6.010000000000000000e+02 4.150729626417160034e-02 6.065464392304420471e-02
6.020000000000000000e+02 4.155179113149642944e-02 6.069986894726753235e-02
6.030000000000000000e+02 4.150998964905738831e-02 6.072767078876495361e-02
6.040000000000000000e+02 4.155636578798294067e-02 6.060995161533355713e-02
6.050000000000000000e+02 4.153417423367500305e-02 6.055390834808349609e-02
6.060000000000000000e+02 4.147217795252799988e-02 6.048732995986938477e-02
6.070000000000000000e+02 4.153389856219291687e-02 6.069180741906166077e-02
6.080000000000000000e+02 4.153680801391601562e-02 6.050536781549453735e-02
6.090000000000000000e+02 4.149982333183288574e-02 6.054845079779624939e-02
6.100000000000000000e+02 4.141733422875404358e-02 6.060175970196723938e-02
6.110000000000000000e+02 4.142667725682258606e-02 6.059288606047630310e-02
6.120000000000000000e+02 4.138988628983497620e-02 6.050829589366912842e-02
6.130000000000000000e+02 4.145978391170501709e-02 6.049595028162002563e-02
6.140000000000000000e+02 4.138690233230590820e-02 6.045389547944068909e-02
6.150000000000000000e+02 4.144537076354026794e-02 6.038649007678031921e-02
6.160000000000000000e+02 4.136672243475914001e-02 6.045165657997131348e-02
6.170000000000000000e+02 4.134508222341537476e-02 6.040084362030029297e-02
6.180000000000000000e+02 4.136802256107330322e-02 6.035385280847549438e-02
6.190000000000000000e+02 4.134017974138259888e-02 6.041807308793067932e-02
6.200000000000000000e+02 4.132597148418426514e-02 6.032946705818176270e-02
6.210000000000000000e+02 4.132444784045219421e-02 6.027353927493095398e-02
6.220000000000000000e+02 4.125819727778434753e-02 6.037743389606475830e-02
6.230000000000000000e+02 4.129362851381301880e-02 6.025915592908859253e-02
6.240000000000000000e+02 4.128300026059150696e-02 6.037469953298568726e-02
6.250000000000000000e+02 4.132281988859176636e-02 6.016696244478225708e-02
6.260000000000000000e+02 4.124791175127029419e-02 6.023932620882987976e-02
6.270000000000000000e+02 4.121633991599082947e-02 6.012811511754989624e-02
6.280000000000000000e+02 4.120174795389175415e-02 6.026216968894004822e-02
6.290000000000000000e+02 4.119607061147689819e-02 6.011403724551200867e-02
6.300000000000000000e+02 4.121236875653266907e-02 6.036839634180068970e-02
6.310000000000000000e+02 4.115404933691024780e-02 6.017269566655158997e-02
6.320000000000000000e+02 4.120498150587081909e-02 6.018381565809249878e-02
6.330000000000000000e+02 4.121594130992889404e-02 6.013819575309753418e-02
6.340000000000000000e+02 4.116401821374893188e-02 6.004850193858146667e-02
6.350000000000000000e+02 4.119638726115226746e-02 6.016530096530914307e-02
6.360000000000000000e+02 4.114973917603492737e-02 6.005930528044700623e-02
6.370000000000000000e+02 4.119679331779479980e-02 6.001461669802665710e-02
6.380000000000000000e+02 4.113517701625823975e-02 6.015867739915847778e-02
6.390000000000000000e+02 4.113159701228141785e-02 6.023656204342842102e-02
6.400000000000000000e+02 4.106891900300979614e-02 6.013420969247817993e-02
6.410000000000000000e+02 4.108095541596412659e-02 6.017639487981796265e-02
6.420000000000000000e+02 4.106716066598892212e-02 6.001993641257286072e-02
6.430000000000000000e+02 4.110622778534889221e-02 5.995127558708190918e-02
6.440000000000000000e+02 4.105229303240776062e-02 6.010406464338302612e-02
6.450000000000000000e+02 4.107268899679183960e-02 5.997069552540779114e-02
6.460000000000000000e+02 4.107440635561943054e-02 5.999468266963958740e-02
6.470000000000000000e+02 4.102746397256851196e-02 5.997017398476600647e-02
6.480000000000000000e+02 4.098924249410629272e-02 5.982045084238052368e-02
6.490000000000000000e+02 4.100286215543746948e-02 5.985774844884872437e-02
6.500000000000000000e+02 4.094804078340530396e-02 5.985045433044433594e-02
6.510000000000000000e+02 4.096781089901924133e-02 5.999854207038879395e-02
6.520000000000000000e+02 4.102011024951934814e-02 5.987184867262840271e-02
6.530000000000000000e+02 4.102962091565132141e-02 5.998009815812110901e-02
6.540000000000000000e+02 4.097487032413482666e-02 5.985733121633529663e-02
6.550000000000000000e+02 4.093046486377716064e-02 5.995782837271690369e-02
6.560000000000000000e+02 4.089108482003211975e-02 5.974293500185012817e-02
6.570000000000000000e+02 4.093947634100914001e-02 5.965986102819442749e-02
6.580000000000000000e+02 4.089109972119331360e-02 5.976916477084159851e-02
6.590000000000000000e+02 4.094280675053596497e-02 5.971258506178855896e-02
6.600000000000000000e+02 4.087655618786811829e-02 5.977782234549522400e-02
6.610000000000000000e+02 4.088819772005081177e-02 5.971839651465415955e-02
6.620000000000000000e+02 4.088595137000083923e-02 5.971463769674301147e-02
6.630000000000000000e+02 4.083124920725822449e-02 5.957806855440139771e-02
6.640000000000000000e+02 4.087004065513610840e-02 5.972994118928909302e-02
6.650000000000000000e+02 4.085037484765052795e-02 5.964463204145431519e-02
6.660000000000000000e+02 4.087592661380767822e-02 5.964102596044540405e-02
6.670000000000000000e+02 4.081042483448982239e-02 5.968053266406059265e-02
6.680000000000000000e+02 4.086427390575408936e-02 5.961851775646209717e-02
6.690000000000000000e+02 4.078921303153038025e-02 5.953439325094223022e-02
6.700000000000000000e+02 4.079895466566085815e-02 5.954824015498161316e-02
6.710000000000000000e+02 4.076833277940750122e-02 5.958367511630058289e-02
6.720000000000000000e+02 4.077990725636482239e-02 5.963757634162902832e-02
6.730000000000000000e+02 4.071503877639770508e-02 5.959687754511833191e-02
6.740000000000000000e+02 4.072383791208267212e-02 5.949953570961952209e-02
6.750000000000000000e+02 4.074602946639060974e-02 5.957379937171936035e-02
6.760000000000000000e+02 4.077855125069618225e-02 5.951442196965217590e-02
6.770000000000000000e+02 4.072551429271697998e-02 5.942998453974723816e-02
6.780000000000000000e+02 4.066469892859458923e-02 5.947873741388320923e-02
6.790000000000000000e+02 4.072597995400428772e-02 5.943542718887329102e-02
6.800000000000000000e+02 4.073260724544525146e-02 5.942459776997566223e-02
6.810000000000000000e+02 4.068452864885330200e-02 5.942177399992942810e-02
6.820000000000000000e+02 4.066511988639831543e-02 5.948894470930099487e-02
6.830000000000000000e+02 4.066360741853713989e-02 5.943053960800170898e-02
6.840000000000000000e+02 4.065174609422683716e-02 5.951883271336555481e-02
6.850000000000000000e+02 4.065137729048728943e-02 5.939765274524688721e-02
6.860000000000000000e+02 4.063162952661514282e-02 5.941238626837730408e-02
6.870000000000000000e+02 4.069081693887710571e-02 5.937182158231735229e-02
6.880000000000000000e+02 4.062866047024726868e-02 5.948352813720703125e-02
6.890000000000000000e+02 4.061051085591316223e-02 5.942812189459800720e-02
6.900000000000000000e+02 4.055232927203178406e-02 5.936247110366821289e-02
6.910000000000000000e+02 4.053196310997009277e-02 5.940815061330795288e-02
6.920000000000000000e+02 4.058270156383514404e-02 5.940040573477745056e-02
6.930000000000000000e+02 4.058800265192985535e-02 5.940365046262741089e-02
6.940000000000000000e+02 4.058088362216949463e-02 5.935326218605041504e-02
6.950000000000000000e+02 4.058851674199104309e-02 5.937907844781875610e-02
6.960000000000000000e+02 4.054599255323410034e-02 5.938106030225753784e-02
6.970000000000000000e+02 4.052432253956794739e-02 5.938602983951568604e-02
6.980000000000000000e+02 4.054221138358116150e-02 5.937134101986885071e-02
6.990000000000000000e+02 4.054634273052215576e-02 5.934683978557586670e-02
7.000000000000000000e+02 4.055141285061836243e-02 5.922423675656318665e-02
7.010000000000000000e+02 4.052855446934700012e-02 5.921915918588638306e-02
7.020000000000000000e+02 4.048027470707893372e-02 5.939403921365737915e-02
7.030000000000000000e+02 4.048382863402366638e-02 5.916527286171913147e-02
7.040000000000000000e+02 4.046807810664176941e-02 5.914910510182380676e-02
7.050000000000000000e+02 4.043406993150711060e-02 5.907806754112243652e-02
7.060000000000000000e+02 4.039994999766349792e-02 5.914746224880218506e-02
7.070000000000000000e+02 4.043981432914733887e-02 5.916077643632888794e-02
7.080000000000000000e+02 4.048969224095344543e-02 5.910618603229522705e-02
7.090000000000000000e+02 4.047018289566040039e-02 5.919880792498588562e-02
7.100000000000000000e+02 4.043214023113250732e-02 5.910604447126388550e-02
7.110000000000000000e+02 4.040647670626640320e-02 5.915147811174392700e-02
7.120000000000000000e+02 4.038300737738609314e-02 5.914441123604774475e-02
7.130000000000000000e+02 4.041808098554611206e-02 5.916357412934303284e-02
7.140000000000000000e+02 4.041907191276550293e-02 5.923327058553695679e-02
