0.000000000000000000e+00 1.038027107715606689e-01 1.258966475725173950e-01
1.000000000000000000e+00 1.034061238169670105e-01 1.255753785371780396e-01
2.000000000000000000e+00 1.030140891671180725e-01 1.252647489309310913e-01
3.000000000000000000e+00 1.026393622159957886e-01 1.249648779630661011e-01
4.000000000000000000e+00 1.022598966956138611e-01 1.246539726853370667e-01
5.000000000000000000e+00 1.018961071968078613e-01 1.243545934557914734e-01
6.000000000000000000e+00 1.015230417251586914e-01 1.240629628300666809e-01
7.000000000000000000e+00 1.011533513665199280e-01 1.237677037715911865e-01
8.000000000000000000e+00 1.007796153426170349e-01 1.234645098447799683e-01
9.000000000000000000e+00 1.004232093691825867e-01 1.231748461723327637e-01
1.000000000000000000e+01 1.000478342175483704e-01 1.229022443294525146e-01
1.100000000000000000e+01 9.968184679746627808e-02 1.226100102066993713e-01
1.200000000000000000e+01 9.930659085512161255e-02 1.222998946905136108e-01
1.300000000000000000e+01 9.892529249191284180e-02 1.219802573323249817e-01
1.400000000000000000e+01 9.855367988348007202e-02 1.216880157589912415e-01
1.500000000000000000e+01 9.815707802772521973e-02 1.213740557432174683e-01
1.600000000000000000e+01 9.775427728891372681e-02 1.210667863488197327e-01
1.700000000000000000e+01 9.735407680273056030e-02 1.207380071282386780e-01
1.800000000000000000e+01 9.693457186222076416e-02 1.204049512743949890e-01
1.900000000000000000e+01 9.650462865829467773e-02 1.200529932975769043e-01
2.000000000000000000e+01 9.607560932636260986e-02 1.196927279233932495e-01
2.100000000000000000e+01 9.561609476804733276e-02 1.193303614854812622e-01
2.200000000000000000e+01 9.516073763370513916e-02 1.189556717872619629e-01
2.300000000000000000e+01 9.470456838607788086e-02 1.185654997825622559e-01
2.400000000000000000e+01 9.420825541019439697e-02 1.181602701544761658e-01
2.500000000000000000e+01 9.372344613075256348e-02 1.177706792950630188e-01
2.600000000000000000e+01 9.321420639753341675e-02 1.173183321952819824e-01
2.700000000000000000e+01 9.269011020660400391e-02 1.169072389602661133e-01
2.800000000000000000e+01 9.214098751544952393e-02 1.164324730634689331e-01
2.900000000000000000e+01 9.159722924232482910e-02 1.159677132964134216e-01
3.000000000000000000e+01 9.102445095777511597e-02 1.154196411371231079e-01
3.100000000000000000e+01 9.045954048633575439e-02 1.149483770132064819e-01
3.200000000000000000e+01 8.984969556331634521e-02 1.144102960824966431e-01
3.300000000000000000e+01 8.925706893205642700e-02 1.139154881238937378e-01
3.400000000000000000e+01 8.865372836589813232e-02 1.134058013558387756e-01
3.500000000000000000e+01 8.803516626358032227e-02 1.128415390849113464e-01
3.600000000000000000e+01 8.740557730197906494e-02 1.122456267476081848e-01
3.700000000000000000e+01 8.677640557289123535e-02 1.116509810090065002e-01
3.800000000000000000e+01 8.611571788787841797e-02 1.110956370830535889e-01
3.900000000000000000e+01 8.548826724290847778e-02 1.105148941278457642e-01
4.000000000000000000e+01 8.486826717853546143e-02 1.098596751689910889e-01
4.100000000000000000e+01 8.420452475547790527e-02 1.093265265226364136e-01
4.200000000000000000e+01 8.356604725122451782e-02 1.087862700223922729e-01
4.300000000000000000e+01 8.289641141891479492e-02 1.081528887152671814e-01
4.400000000000000000e+01 8.227314054965972900e-02 1.074944809079170227e-01
4.500000000000000000e+01 8.166348934173583984e-02 1.069129481911659241e-01
4.600000000000000000e+01 8.104601502418518066e-02 1.063518822193145752e-01
4.700000000000000000e+01 8.041777461767196655e-02 1.057993471622467041e-01
4.800000000000000000e+01 7.977405190467834473e-02 1.051802486181259155e-01
4.900000000000000000e+01 7.920175790786743164e-02 1.045398861169815063e-01
5.000000000000000000e+01 7.860112190246582031e-02 1.040494814515113831e-01
5.100000000000000000e+01 7.803353667259216309e-02 1.033661291003227234e-01
5.200000000000000000e+01 7.744186371564865112e-02 1.028090566396713257e-01
5.300000000000000000e+01 7.687294483184814453e-02 1.022967398166656494e-01
5.400000000000000000e+01 7.637542486190795898e-02 1.017291918396949768e-01
5.500000000000000000e+01 7.581081241369247437e-02 1.011194437742233276e-01
5.600000000000000000e+01 7.533669471740722656e-02 1.005767434835433960e-01
5.700000000000000000e+01 7.481785863637924194e-02 1.000478640198707581e-01
5.800000000000000000e+01 7.435229420661926270e-02 9.955929219722747803e-02
5.900000000000000000e+01 7.388386875391006470e-02 9.901852160692214966e-02
6.000000000000000000e+01 7.347317039966583252e-02 9.856668114662170410e-02
6.100000000000000000e+01 7.299026101827621460e-02 9.801822900772094727e-02
6.200000000000000000e+01 7.261147350072860718e-02 9.747561812400817871e-02
6.300000000000000000e+01 7.220391184091567993e-02 9.699828177690505981e-02
6.400000000000000000e+01 7.182893902063369751e-02 9.662855416536331177e-02
6.500000000000000000e+01 7.144231349229812622e-02 9.610214084386825562e-02
6.600000000000000000e+01 7.108734548091888428e-02 9.560308605432510376e-02
6.700000000000000000e+01 7.071260362863540649e-02 9.532714635133743286e-02
6.800000000000000000e+01 7.034209370613098145e-02 9.491343796253204346e-02
6.900000000000000000e+01 7.007126510143280029e-02 9.440048784017562866e-02
7.000000000000000000e+01 6.975732743740081787e-02 9.403204172849655151e-02
7.100000000000000000e+01 6.943456828594207764e-02 9.363348037004470825e-02
7.200000000000000000e+01 6.910514831542968750e-02 9.330470860004425049e-02
7.300000000000000000e+01 6.881675869226455688e-02 9.292377531528472900e-02
7.400000000000000000e+01 6.851422786712646484e-02 9.263923764228820801e-02
7.500000000000000000e+01 6.828874349594116211e-02 9.228403866291046143e-02
7.600000000000000000e+01 6.802478432655334473e-02 9.186253696680068970e-02
7.700000000000000000e+01 6.774652749300003052e-02 9.164201468229293823e-02
7.800000000000000000e+01 6.751435995101928711e-02 9.123087674379348755e-02
7.900000000000000000e+01 6.724093109369277954e-02 9.115275740623474121e-02
8.000000000000000000e+01 6.703247874975204468e-02 9.072142839431762695e-02
8.100000000000000000e+01 6.679235398769378662e-02 9.032066166400909424e-02
8.200000000000000000e+01 6.659562885761260986e-02 9.019755572080612183e-02
8.300000000000000000e+01 6.636514514684677124e-02 8.996505290269851685e-02
8.400000000000000000e+01 6.612098962068557739e-02 8.974618464708328247e-02
8.500000000000000000e+01 6.592606008052825928e-02 8.939429372549057007e-02
8.600000000000000000e+01 6.568123400211334229e-02 8.932695537805557251e-02
8.700000000000000000e+01 6.549618393182754517e-02 8.891867101192474365e-02
8.800000000000000000e+01 6.528458744287490845e-02 8.876103162765502930e-02
8.900000000000000000e+01 6.513036042451858521e-02 8.840983361005783081e-02
9.000000000000000000e+01 6.485398113727569580e-02 8.833377063274383545e-02
9.100000000000000000e+01 6.464392691850662231e-02 8.808320760726928711e-02
9.200000000000000000e+01 6.446585059165954590e-02 8.781318366527557373e-02
9.300000000000000000e+01 6.425399333238601685e-02 8.751454949378967285e-02
9.400000000000000000e+01 6.407111138105392456e-02 8.740066736936569214e-02
9.500000000000000000e+01 6.385084986686706543e-02 8.721849322319030762e-02
9.600000000000000000e+01 6.364651024341583252e-02 8.692557364702224731e-02
9.700000000000000000e+01 6.350012123584747314e-02 8.665674924850463867e-02
9.800000000000000000e+01 6.329968571662902832e-02 8.655180782079696655e-02
9.900000000000000000e+01 6.312162429094314575e-02 8.627529442310333252e-02
1.000000000000000000e+02 6.293675303459167480e-02 8.608960360288619995e-02
1.010000000000000000e+02 6.274900585412979126e-02 8.592769503593444824e-02
1.020000000000000000e+02 6.260765343904495239e-02 8.568423986434936523e-02
1.030000000000000000e+02 6.240481883287429810e-02 8.546285331249237061e-02
1.040000000000000000e+02 6.224395334720611572e-02 8.532178401947021484e-02
1.050000000000000000e+02 6.206635758280754089e-02 8.496284484863281250e-02
1.060000000000000000e+02 6.188388168811798096e-02 8.476646989583969116e-02
1.070000000000000000e+02 6.173394992947578430e-02 8.457999676465988159e-02
1.080000000000000000e+02 6.156044080853462219e-02 8.445408940315246582e-02
1.090000000000000000e+02 6.139756739139556885e-02 8.421087265014648438e-02
1.100000000000000000e+02 6.124097108840942383e-02 8.392092585563659668e-02
1.110000000000000000e+02 6.106184050440788269e-02 8.394017070531845093e-02
1.120000000000000000e+02 6.094058603048324585e-02 8.365821838378906250e-02
1.130000000000000000e+02 6.077437847852706909e-02 8.354630321264266968e-02
1.140000000000000000e+02 6.063894182443618774e-02 8.336416631937026978e-02
1.150000000000000000e+02 6.049143522977828979e-02 8.310473710298538208e-02
1.160000000000000000e+02 6.035250797867774963e-02 8.293698728084564209e-02
1.170000000000000000e+02 6.023609265685081482e-02 8.284658193588256836e-02
1.180000000000000000e+02 6.005845218896865845e-02 8.271011710166931152e-02
1.190000000000000000e+02 5.996808409690856934e-02 8.253473043441772461e-02
1.200000000000000000e+02 5.985492467880249023e-02 8.234573900699615479e-02
1.210000000000000000e+02 5.968779698014259338e-02 8.214136213064193726e-02
1.220000000000000000e+02 5.953209102153778076e-02 8.203092217445373535e-02
1.230000000000000000e+02 5.943465605378150940e-02 8.173060417175292969e-02
1.240000000000000000e+02 5.927964672446250916e-02 8.160873502492904663e-02
1.250000000000000000e+02 5.916652455925941467e-02 8.156376332044601440e-02
1.260000000000000000e+02 5.905464291572570801e-02 8.143660426139831543e-02
1.270000000000000000e+02 5.892847105860710144e-02 8.124004304409027100e-02
1.280000000000000000e+02 5.881772190332412720e-02 8.107610046863555908e-02
1.290000000000000000e+02 5.865477398037910461e-02 8.085367083549499512e-02
1.300000000000000000e+02 5.860418081283569336e-02 8.076134324073791504e-02
1.310000000000000000e+02 5.848081782460212708e-02 8.068200200796127319e-02
1.320000000000000000e+02 5.837951600551605225e-02 8.034778386354446411e-02
1.330000000000000000e+02 5.825923755764961243e-02 8.045672625303268433e-02
1.340000000000000000e+02 5.814800038933753967e-02 8.032660931348800659e-02
1.350000000000000000e+02 5.804217234253883362e-02 8.008176088333129883e-02
1.360000000000000000e+02 5.792923644185066223e-02 7.983313500881195068e-02
1.370000000000000000e+02 5.785065889358520508e-02 7.981718331575393677e-02
1.380000000000000000e+02 5.770067498087882996e-02 7.968871295452117920e-02
1.390000000000000000e+02 5.762411653995513916e-02 7.968041300773620605e-02
1.400000000000000000e+02 5.747950077056884766e-02 7.940924912691116333e-02
1.410000000000000000e+02 5.745922401547431946e-02 7.934297621250152588e-02
1.420000000000000000e+02 5.734867975115776062e-02 7.937043905258178711e-02
1.430000000000000000e+02 5.721753835678100586e-02 7.917481660842895508e-02
1.440000000000000000e+02 5.704096704721450806e-02 7.882081717252731323e-02
1.450000000000000000e+02 5.700629577040672302e-02 7.885146141052246094e-02
1.460000000000000000e+02 5.692311003804206848e-02 7.873245328664779663e-02
1.470000000000000000e+02 5.680239200592041016e-02 7.848608493804931641e-02
1.480000000000000000e+02 5.672462284564971924e-02 7.847364246845245361e-02
1.490000000000000000e+02 5.663188919425010681e-02 7.846954464912414551e-02
1.500000000000000000e+02 5.650602653622627258e-02 7.817642390727996826e-02
1.510000000000000000e+02 5.641330778598785400e-02 7.802890986204147339e-02
1.520000000000000000e+02 5.631087720394134521e-02 7.794190943241119385e-02
1.530000000000000000e+02 5.629756674170494080e-02 7.785762101411819458e-02
1.540000000000000000e+02 5.609674751758575439e-02 7.776872813701629639e-02
1.550000000000000000e+02 5.608794093132019043e-02 7.769896835088729858e-02
1.560000000000000000e+02 5.591886490583419800e-02 7.758165150880813599e-02
1.570000000000000000e+02 5.590245500206947327e-02 7.736459374427795410e-02
1.580000000000000000e+02 5.574215203523635864e-02 7.734689116477966309e-02
1.590000000000000000e+02 5.569011718034744263e-02 7.713510841131210327e-02
1.600000000000000000e+02 5.555890128016471863e-02 7.721500098705291748e-02
1.610000000000000000e+02 5.551459267735481262e-02 7.692925631999969482e-02
1.620000000000000000e+02 5.544032156467437744e-02 7.689794152975082397e-02
1.630000000000000000e+02 5.538727715611457825e-02 7.678618282079696655e-02
1.640000000000000000e+02 5.526192486286163330e-02 7.662685215473175049e-02
1.650000000000000000e+02 5.517710372805595398e-02 7.659263908863067627e-02
1.660000000000000000e+02 5.499743670225143433e-02 7.643704861402511597e-02
1.670000000000000000e+02 5.500808358192443848e-02 7.638706266880035400e-02
1.680000000000000000e+02 5.487810820341110229e-02 7.624471932649612427e-02
1.690000000000000000e+02 5.479284003376960754e-02 7.610831409692764282e-02
1.700000000000000000e+02 5.476804450154304504e-02 7.599638402462005615e-02
1.710000000000000000e+02 5.461140722036361694e-02 7.580087333917617798e-02
1.720000000000000000e+02 5.454256385564804077e-02 7.574895024299621582e-02
1.730000000000000000e+02 5.448214709758758545e-02 7.579639554023742676e-02
1.740000000000000000e+02 5.439531058073043823e-02 7.572645694017410278e-02
1.750000000000000000e+02 5.437079817056655884e-02 7.553907483816146851e-02
1.760000000000000000e+02 5.425487458705902100e-02 7.543141394853591919e-02
1.770000000000000000e+02 5.416860431432723999e-02 7.549406588077545166e-02
1.780000000000000000e+02 5.407376587390899658e-02 7.523724436759948730e-02
1.790000000000000000e+02 5.402405932545661926e-02 7.515072077512741089e-02
1.800000000000000000e+02 5.391345173120498657e-02 7.517378777265548706e-02
1.810000000000000000e+02 5.388490110635757446e-02 7.496938109397888184e-02
1.820000000000000000e+02 5.378598719835281372e-02 7.499916106462478638e-02
1.830000000000000000e+02 5.368499085307121277e-02 7.482099533081054688e-02
1.840000000000000000e+02 5.364764481782913208e-02 7.474441826343536377e-02
1.850000000000000000e+02 5.357995256781578064e-02 7.457754015922546387e-02
1.860000000000000000e+02 5.348910763859748840e-02 7.453168928623199463e-02
1.870000000000000000e+02 5.336566641926765442e-02 7.456875592470169067e-02
1.880000000000000000e+02 5.333670601248741150e-02 7.440445572137832642e-02
1.890000000000000000e+02 5.326990038156509399e-02 7.429982721805572510e-02
1.900000000000000000e+02 5.317278951406478882e-02 7.418648898601531982e-02
1.910000000000000000e+02 5.308957770466804504e-02 7.414752244949340820e-02
1.920000000000000000e+02 5.305279046297073364e-02 7.401487976312637329e-02
1.930000000000000000e+02 5.291528999805450439e-02 7.402048259973526001e-02
1.940000000000000000e+02 5.294742435216903687e-02 7.404758036136627197e-02
1.950000000000000000e+02 5.283289402723312378e-02 7.379128038883209229e-02
1.960000000000000000e+02 5.271144956350326538e-02 7.367663830518722534e-02
1.970000000000000000e+02 5.272448807954788208e-02 7.362896949052810669e-02
1.980000000000000000e+02 5.262786149978637695e-02 7.368572056293487549e-02
1.990000000000000000e+02 5.253418907523155212e-02 7.355273514986038208e-02
2.000000000000000000e+02 5.246556922793388367e-02 7.355492562055587769e-02
2.010000000000000000e+02 5.242630094289779663e-02 7.332695275545120239e-02
2.020000000000000000e+02 5.235113203525543213e-02 7.334857434034347534e-02
2.030000000000000000e+02 5.221812799572944641e-02 7.323474436998367310e-02
2.040000000000000000e+02 5.219605565071105957e-02 7.302614301443099976e-02
2.050000000000000000e+02 5.210454016923904419e-02 7.297772914171218872e-02
2.060000000000000000e+02 5.205528810620307922e-02 7.302104681730270386e-02
2.070000000000000000e+02 5.204157903790473938e-02 7.282571494579315186e-02
2.080000000000000000e+02 5.194580554962158203e-02 7.282081246376037598e-02
2.090000000000000000e+02 5.186324939131736755e-02 7.262451201677322388e-02
2.100000000000000000e+02 5.180999636650085449e-02 7.265520095825195312e-02
2.110000000000000000e+02 5.176168307662010193e-02 7.254207134246826172e-02
2.120000000000000000e+02 5.171957612037658691e-02 7.238628715276718140e-02
2.130000000000000000e+02 5.163243412971496582e-02 7.231178134679794312e-02
2.140000000000000000e+02 5.155947804450988770e-02 7.245701551437377930e-02
2.150000000000000000e+02 5.149473249912261963e-02 7.224262505769729614e-02
2.160000000000000000e+02 5.144271627068519592e-02 7.212039828300476074e-02
2.170000000000000000e+02 5.135367438197135925e-02 7.220609486103057861e-02
2.180000000000000000e+02 5.140251293778419495e-02 7.208654284477233887e-02
2.190000000000000000e+02 5.123648792505264282e-02 7.193432748317718506e-02
2.200000000000000000e+02 5.115960910916328430e-02 7.195596396923065186e-02
2.210000000000000000e+02 5.113253369927406311e-02 7.181603461503982544e-02
2.220000000000000000e+02 5.110530182719230652e-02 7.179246097803115845e-02
2.230000000000000000e+02 5.099798366427421570e-02 7.170376926660537720e-02
2.240000000000000000e+02 5.099653825163841248e-02 7.163579016923904419e-02
2.250000000000000000e+02 5.086573213338851929e-02 7.176411896944046021e-02
2.260000000000000000e+02 5.082366243004798889e-02 7.156360149383544922e-02
2.270000000000000000e+02 5.081439390778541565e-02 7.145581394433975220e-02
2.280000000000000000e+02 5.070432275533676147e-02 7.141003757715225220e-02
2.290000000000000000e+02 5.060632154345512390e-02 7.125584781169891357e-02
2.300000000000000000e+02 5.057029798626899719e-02 7.129129022359848022e-02
2.310000000000000000e+02 5.056751891970634460e-02 7.122731208801269531e-02
2.320000000000000000e+02 5.047842487692832947e-02 7.104971259832382202e-02
2.330000000000000000e+02 5.041054263710975647e-02 7.104945927858352661e-02
2.340000000000000000e+02 5.036028847098350525e-02 7.109086960554122925e-02
2.350000000000000000e+02 5.028352886438369751e-02 7.105712592601776123e-02
2.360000000000000000e+02 5.028560757637023926e-02 7.095025479793548584e-02
2.370000000000000000e+02 5.021227151155471802e-02 7.080975919961929321e-02
2.380000000000000000e+02 5.013100802898406982e-02 7.087556272745132446e-02
2.390000000000000000e+02 5.016291886568069458e-02 7.062863558530807495e-02
2.400000000000000000e+02 5.005465075373649597e-02 7.074575871229171753e-02
2.410000000000000000e+02 4.995916038751602173e-02 7.072995603084564209e-02
2.420000000000000000e+02 4.994160681962966919e-02 7.059193402528762817e-02
2.430000000000000000e+02 4.991725087165832520e-02 7.046069204807281494e-02
2.440000000000000000e+02 4.983542859554290771e-02 7.055557519197463989e-02
2.450000000000000000e+02 4.974630847573280334e-02 7.035511732101440430e-02
2.460000000000000000e+02 4.969689622521400452e-02 7.032346725463867188e-02
2.470000000000000000e+02 4.966692253947257996e-02 7.029613107442855835e-02
2.480000000000000000e+02 4.961136728525161743e-02 7.012637704610824585e-02
2.490000000000000000e+02 4.957325756549835205e-02 7.015373557806015015e-02
2.500000000000000000e+02 4.948318749666213989e-02 7.003375887870788574e-02
2.510000000000000000e+02 4.944283142685890198e-02 7.010862231254577637e-02
2.520000000000000000e+02 4.943247511982917786e-02 7.007098197937011719e-02
2.530000000000000000e+02 4.935935139656066895e-02 6.990088522434234619e-02
2.540000000000000000e+02 4.935644194483757019e-02 6.975066661834716797e-02
2.550000000000000000e+02 4.930794984102249146e-02 6.984328478574752808e-02
2.560000000000000000e+02 4.925781488418579102e-02 6.973697990179061890e-02
2.570000000000000000e+02 4.920305684208869934e-02 6.971666216850280762e-02
2.580000000000000000e+02 4.908763989806175232e-02 6.958163529634475708e-02
2.590000000000000000e+02 4.907755181193351746e-02 6.950633972883224487e-02
2.600000000000000000e+02 4.905339702963829041e-02 6.946963816881179810e-02
2.610000000000000000e+02 4.894429445266723633e-02 6.952545046806335449e-02
2.620000000000000000e+02 4.891657456755638123e-02 6.924900412559509277e-02
2.630000000000000000e+02 4.881988465785980225e-02 6.927818804979324341e-02
2.640000000000000000e+02 4.883307963609695435e-02 6.932910531759262085e-02
2.650000000000000000e+02 4.878064244985580444e-02 6.929273903369903564e-02
2.660000000000000000e+02 4.874033853411674500e-02 6.927993893623352051e-02
2.670000000000000000e+02 4.865291342139244080e-02 6.917545944452285767e-02
2.680000000000000000e+02 4.861653223633766174e-02 6.906618177890777588e-02
2.690000000000000000e+02 4.856428876519203186e-02 6.888633966445922852e-02
2.700000000000000000e+02 4.859546199440956116e-02 6.896306574344635010e-02
2.710000000000000000e+02 4.846705123782157898e-02 6.895729154348373413e-02
2.720000000000000000e+02 4.845970496535301208e-02 6.884457170963287354e-02
2.730000000000000000e+02 4.843448847532272339e-02 6.877529621124267578e-02
2.740000000000000000e+02 4.832201823592185974e-02 6.876778602600097656e-02
2.750000000000000000e+02 4.831723496317863464e-02 6.872542947530746460e-02
2.760000000000000000e+02 4.826157540082931519e-02 6.869626045227050781e-02
2.770000000000000000e+02 4.828938469290733337e-02 6.859507411718368530e-02
2.780000000000000000e+02 4.817764088511466980e-02 6.847944110631942749e-02
2.790000000000000000e+02 4.816376790404319763e-02 6.851305812597274780e-02
2.800000000000000000e+02 4.803921654820442200e-02 6.838713586330413818e-02
2.810000000000000000e+02 4.809403792023658752e-02 6.847191601991653442e-02
2.820000000000000000e+02 4.799685254693031311e-02 6.831113249063491821e-02
2.830000000000000000e+02 4.795914888381958008e-02 6.826364248991012573e-02
2.840000000000000000e+02 4.797316715121269226e-02 6.827846914529800415e-02
2.850000000000000000e+02 4.786686971783638000e-02 6.834127008914947510e-02
2.860000000000000000e+02 4.779333993792533875e-02 6.813272833824157715e-02
2.870000000000000000e+02 4.779264330863952637e-02 6.810248643159866333e-02
2.880000000000000000e+02 4.776217043399810791e-02 6.825224310159683228e-02
2.890000000000000000e+02 4.770103842020034790e-02 6.800133734941482544e-02
2.900000000000000000e+02 4.768430441617965698e-02 6.815653294324874878e-02
2.910000000000000000e+02 4.763783887028694153e-02 6.788185238838195801e-02
2.920000000000000000e+02 4.758884757757186890e-02 6.788673996925354004e-02
2.930000000000000000e+02 4.752623289823532104e-02 6.788113713264465332e-02
2.940000000000000000e+02 4.751686751842498779e-02 6.793700158596038818e-02
2.950000000000000000e+02 4.745602607727050781e-02 6.792884320020675659e-02
2.960000000000000000e+02 4.744177311658859253e-02 6.770860403776168823e-02
2.970000000000000000e+02 4.737960547208786011e-02 6.760873645544052124e-02
2.980000000000000000e+02 4.731972515583038330e-02 6.755471974611282349e-02
2.990000000000000000e+02 4.734563454985618591e-02 6.760378181934356689e-02
3.000000000000000000e+02 4.721741378307342529e-02 6.769280880689620972e-02
3.010000000000000000e+02 4.724740236997604370e-02 6.748435646295547485e-02
3.020000000000000000e+02 4.722483083605766296e-02 6.739400327205657959e-02
3.030000000000000000e+02 4.722114279866218567e-02 6.727120280265808105e-02
3.040000000000000000e+02 4.717227816581726074e-02 6.733738631010055542e-02
3.050000000000000000e+02 4.708634316921234131e-02 6.741669028997421265e-02
3.060000000000000000e+02 4.706308990716934204e-02 6.724304705858230591e-02
3.070000000000000000e+02 4.696998745203018188e-02 6.722903996706008911e-02
3.080000000000000000e+02 4.698371142148971558e-02 6.723855435848236084e-02
3.090000000000000000e+02 4.692785814404487610e-02 6.694560497999191284e-02
3.100000000000000000e+02 4.690667986869812012e-02 6.710813939571380615e-02
3.110000000000000000e+02 4.691062122583389282e-02 6.693598628044128418e-02
3.120000000000000000e+02 4.683859273791313171e-02 6.696295738220214844e-02
3.130000000000000000e+02 4.680687561631202698e-02 6.693049520254135132e-02
3.140000000000000000e+02 4.676326736807823181e-02 6.693831086158752441e-02
3.150000000000000000e+02 4.671401157975196838e-02 6.696635484695434570e-02
3.160000000000000000e+02 4.666266590356826782e-02 6.681618094444274902e-02
3.170000000000000000e+02 4.666733741760253906e-02 6.682751327753067017e-02
3.180000000000000000e+02 4.659468680620193481e-02 6.678099930286407471e-02
3.190000000000000000e+02 4.661068692803382874e-02 6.685958057641983032e-02
3.200000000000000000e+02 4.651418328285217285e-02 6.652329862117767334e-02
3.210000000000000000e+02 4.653152078390121460e-02 6.661209464073181152e-02
3.220000000000000000e+02 4.649092629551887512e-02 6.656028330326080322e-02
3.230000000000000000e+02 4.642956703901290894e-02 6.654699891805648804e-02
3.240000000000000000e+02 4.645553603768348694e-02 6.648449599742889404e-02
3.250000000000000000e+02 4.639388993382453918e-02 6.657648831605911255e-02
3.260000000000000000e+02 4.638086259365081787e-02 6.641189754009246826e-02
3.270000000000000000e+02 4.627271369099617004e-02 6.638669967651367188e-02
3.280000000000000000e+02 4.626468941569328308e-02 6.625551730394363403e-02
3.290000000000000000e+02 4.622906073927879333e-02 6.635250151157379150e-02
3.300000000000000000e+02 4.617391526699066162e-02 6.627311557531356812e-02
3.310000000000000000e+02 4.615806788206100464e-02 6.620680540800094604e-02
3.320000000000000000e+02 4.614887014031410217e-02 6.628811359405517578e-02
3.330000000000000000e+02 4.605754837393760681e-02 6.598849594593048096e-02
3.340000000000000000e+02 4.602806642651557922e-02 6.608618795871734619e-02
3.350000000000000000e+02 4.598543792963027954e-02 6.610144674777984619e-02
3.360000000000000000e+02 4.603243246674537659e-02 6.589494645595550537e-02
3.370000000000000000e+02 4.599843546748161316e-02 6.592426449060440063e-02
3.380000000000000000e+02 4.589132219552993774e-02 6.602269411087036133e-02
3.390000000000000000e+02 4.588836058974266052e-02 6.581703573465347290e-02
3.400000000000000000e+02 4.583732038736343384e-02 6.581693887710571289e-02
3.410000000000000000e+02 4.589438438415527344e-02 6.575908511877059937e-02
3.420000000000000000e+02 4.579780623316764832e-02 6.575964391231536865e-02
3.430000000000000000e+02 4.574653878808021545e-02 6.580478698015213013e-02
3.440000000000000000e+02 4.572911560535430908e-02 6.590830534696578979e-02
3.450000000000000000e+02 4.573024064302444458e-02 6.585247814655303955e-02
3.460000000000000000e+02 4.569848254323005676e-02 6.571217626333236694e-02
3.470000000000000000e+02 4.559202492237091064e-02 6.579385697841644287e-02
3.480000000000000000e+02 4.561438038945198059e-02 6.545919179916381836e-02
3.490000000000000000e+02 4.561779275536537170e-02 6.566309928894042969e-02
3.500000000000000000e+02 4.555970057845115662e-02 6.541763246059417725e-02
3.510000000000000000e+02 4.546395316720008850e-02 6.556848436594009399e-02
3.520000000000000000e+02 4.546549171209335327e-02 6.542415171861648560e-02
3.530000000000000000e+02 4.541275277733802795e-02 6.527094542980194092e-02
3.540000000000000000e+02 4.545118287205696106e-02 6.528849899768829346e-02
3.550000000000000000e+02 4.538496211171150208e-02 6.530686467885971069e-02
3.560000000000000000e+02 4.536040872335433960e-02 6.521347910165786743e-02
3.570000000000000000e+02 4.530256241559982300e-02 6.522972136735916138e-02
3.580000000000000000e+02 4.532277956604957581e-02 6.512366980314254761e-02
3.590000000000000000e+02 4.528773203492164612e-02 6.506010144948959351e-02
3.600000000000000000e+02 4.522397369146347046e-02 6.514190882444381714e-02
3.610000000000000000e+02 4.524384438991546631e-02 6.511373072862625122e-02
3.620000000000000000e+02 4.514345154166221619e-02 6.483857333660125732e-02
3.630000000000000000e+02 4.514038935303688049e-02 6.516373157501220703e-02
3.640000000000000000e+02 4.513739421963691711e-02 6.499030441045761108e-02
3.650000000000000000e+02 4.515165463089942932e-02 6.490757316350936890e-02
3.660000000000000000e+02 4.507625475525856018e-02 6.494457274675369263e-02
3.670000000000000000e+02 4.504042863845825195e-02 6.479827314615249634e-02
3.680000000000000000e+02 4.505006596446037292e-02 6.473451852798461914e-02
3.690000000000000000e+02 4.496789723634719849e-02 6.478977948427200317e-02
3.700000000000000000e+02 4.498612880706787109e-02 6.469174474477767944e-02
3.710000000000000000e+02 4.495995864272117615e-02 6.476455926895141602e-02
3.720000000000000000e+02 4.492917284369468689e-02 6.481352448463439941e-02
3.730000000000000000e+02 4.484023526310920715e-02 6.470952928066253662e-02
3.740000000000000000e+02 4.487328603863716125e-02 6.453408300876617432e-02
3.750000000000000000e+02 4.483281448483467102e-02 6.452824175357818604e-02
3.760000000000000000e+02 4.479538276791572571e-02 6.462577730417251587e-02
3.770000000000000000e+02 4.477402195334434509e-02 6.453168392181396484e-02
3.780000000000000000e+02 4.473866522312164307e-02 6.451854854822158813e-02
3.790000000000000000e+02 4.472173005342483521e-02 6.447375565767288208e-02
3.800000000000000000e+02 4.466544464230537415e-02 6.441276520490646362e-02
3.810000000000000000e+02 4.460787028074264526e-02 6.437771022319793701e-02
3.820000000000000000e+02 4.457277059555053711e-02 6.451253592967987061e-02
3.830000000000000000e+02 4.460818320512771606e-02 6.434335559606552124e-02
3.840000000000000000e+02 4.458224400877952576e-02 6.434246152639389038e-02
3.850000000000000000e+02 4.452900588512420654e-02 6.430560350418090820e-02
3.860000000000000000e+02 4.449253529310226440e-02 6.417763978242874146e-02
3.870000000000000000e+02 4.446879401803016663e-02 6.423530727624893188e-02
3.880000000000000000e+02 4.441810026764869690e-02 6.412001699209213257e-02
3.890000000000000000e+02 4.438764601945877075e-02 6.412076205015182495e-02
3.900000000000000000e+02 4.444179683923721313e-02 6.412234902381896973e-02
3.910000000000000000e+02 4.440373927354812622e-02 6.405583769083023071e-02
3.920000000000000000e+02 4.436530917882919312e-02 6.399723142385482788e-02
3.930000000000000000e+02 4.437014460563659668e-02 6.398256868124008179e-02
3.940000000000000000e+02 4.429986700415611267e-02 6.403617560863494873e-02
3.950000000000000000e+02 4.428914561867713928e-02 6.372548639774322510e-02
3.960000000000000000e+02 4.425791651010513306e-02 6.394916772842407227e-02
3.970000000000000000e+02 4.420924931764602661e-02 6.387115269899368286e-02
3.980000000000000000e+02 4.421624541282653809e-02 6.370840966701507568e-02
3.990000000000000000e+02 4.413021355867385864e-02 6.379315257072448730e-02
4.000000000000000000e+02 4.411582276225090027e-02 6.365837156772613525e-02
4.010000000000000000e+02 4.412319511175155640e-02 6.378266960382461548e-02
4.020000000000000000e+02 4.415681585669517517e-02 6.364361941814422607e-02
4.030000000000000000e+02 4.403723031282424927e-02 6.372586637735366821e-02
4.040000000000000000e+02 4.402669146656990051e-02 6.373097747564315796e-02
4.050000000000000000e+02 4.403524100780487061e-02 6.356092542409896851e-02
4.060000000000000000e+02 4.401129111647605896e-02 6.337668001651763916e-02
4.070000000000000000e+02 4.397236928343772888e-02 6.354808062314987183e-02
4.080000000000000000e+02 4.395458847284317017e-02 6.338811665773391724e-02
4.090000000000000000e+02 4.389423131942749023e-02 6.348955631256103516e-02
4.100000000000000000e+02 4.388976469635963440e-02 6.346658617258071899e-02
4.110000000000000000e+02 4.387181252241134644e-02 6.325813382863998413e-02
4.120000000000000000e+02 4.388405010104179382e-02 6.339522451162338257e-02
4.130000000000000000e+02 4.387027025222778320e-02 6.333380937576293945e-02
4.140000000000000000e+02 4.380556568503379822e-02 6.324702501296997070e-02
4.150000000000000000e+02 4.377770796418190002e-02 6.325484067201614380e-02
4.160000000000000000e+02 4.380482062697410583e-02 6.324730068445205688e-02
4.170000000000000000e+02 4.378100857138633728e-02 6.336253881454467773e-02
4.180000000000000000e+02 4.375210404396057129e-02 6.314511597156524658e-02
4.190000000000000000e+02 4.371368139982223511e-02 6.331470608711242676e-02
4.200000000000000000e+02 4.369283840060234070e-02 6.304618716239929199e-02
4.210000000000000000e+02 4.363900050520896912e-02 6.312015652656555176e-02
4.220000000000000000e+02 4.361343011260032654e-02 6.309861689805984497e-02
4.230000000000000000e+02 4.364318773150444031e-02 6.291762739419937134e-02
4.240000000000000000e+02 4.357003793120384216e-02 6.317012012004852295e-02
4.250000000000000000e+02 4.357326403260231018e-02 6.296390295028686523e-02
4.260000000000000000e+02 4.354622215032577515e-02 6.292323768138885498e-02
4.270000000000000000e+02 4.351200535893440247e-02 6.304612755775451660e-02
4.280000000000000000e+02 4.352308809757232666e-02 6.291899830102920532e-02
4.290000000000000000e+02 4.346447810530662537e-02 6.293547898530960083e-02
4.300000000000000000e+02 4.342162981629371643e-02 6.276855617761611938e-02
4.310000000000000000e+02 4.344129562377929688e-02 6.272006034851074219e-02
4.320000000000000000e+02 4.342317208647727966e-02 6.260429322719573975e-02
4.330000000000000000e+02 4.337098449468612671e-02 6.259156763553619385e-02
4.340000000000000000e+02 4.337147995829582214e-02 6.273517012596130371e-02
4.350000000000000000e+02 4.334211349487304688e-02 6.265980005264282227e-02
4.360000000000000000e+02 4.330928996205329895e-02 6.253314763307571411e-02
4.370000000000000000e+02 4.335743561387062073e-02 6.248563900589942932e-02
4.380000000000000000e+02 4.325085505843162537e-02 6.262885779142379761e-02
4.390000000000000000e+02 4.326530918478965759e-02 6.250984966754913330e-02
4.400000000000000000e+02 4.324704036116600037e-02 6.256632506847381592e-02
4.410000000000000000e+02 4.325619712471961975e-02 6.252586096525192261e-02
4.420000000000000000e+02 4.319324344396591187e-02 6.246661767363548279e-02
4.430000000000000000e+02 4.321026057004928589e-02 6.230963394045829773e-02
4.440000000000000000e+02 4.317406937479972839e-02 6.245222315192222595e-02
4.450000000000000000e+02 4.313320294022560120e-02 6.229331716895103455e-02
4.460000000000000000e+02 4.311581701040267944e-02 6.253257393836975098e-02
4.470000000000000000e+02 4.306666553020477295e-02 6.232284754514694214e-02
4.480000000000000000e+02 4.307658970355987549e-02 6.229215487837791443e-02
4.490000000000000000e+02 4.305204004049301147e-02 6.211966276168823242e-02
4.500000000000000000e+02 4.300558567047119141e-02 6.232848390936851501e-02
4.510000000000000000e+02 4.296439886093139648e-02 6.219858676195144653e-02
4.520000000000000000e+02 4.299569875001907349e-02 6.213328987360000610e-02
4.530000000000000000e+02 4.296344518661499023e-02 6.207425147294998169e-02
4.540000000000000000e+02 4.296210035681724548e-02 6.210083514451980591e-02
4.550000000000000000e+02 4.288996756076812744e-02 6.202535703778266907e-02
4.560000000000000000e+02 4.289147630333900452e-02 6.198899820446968079e-02
4.570000000000000000e+02 4.287253692746162415e-02 6.204996630549430847e-02
4.580000000000000000e+02 4.286931827664375305e-02 6.191512569785118103e-02
4.590000000000000000e+02 4.284574836492538452e-02 6.204889714717864990e-02
4.600000000000000000e+02 4.283306375145912170e-02 6.195743009448051453e-02
4.610000000000000000e+02 4.282166808843612671e-02 6.199513375759124756e-02
4.620000000000000000e+02 4.277457296848297119e-02 6.183737516403198242e-02
4.630000000000000000e+02 4.277477040886878967e-02 6.190700456500053406e-02
4.640000000000000000e+02 4.277970269322395325e-02 6.180248036980628967e-02
4.650000000000000000e+02 4.275386407971382141e-02 6.188714131712913513e-02
4.660000000000000000e+02 4.271265864372253418e-02 6.181285530328750610e-02
4.670000000000000000e+02 4.272966831922531128e-02 6.177471578121185303e-02
4.680000000000000000e+02 4.266341030597686768e-02 6.175057962536811829e-02
4.690000000000000000e+02 4.264158010482788086e-02 6.166928261518478394e-02
4.700000000000000000e+02 4.258815944194793701e-02 6.156112998723983765e-02
4.710000000000000000e+02 4.262050241231918335e-02 6.160622090101242065e-02
4.720000000000000000e+02 4.259335994720458984e-02 6.154334917664527893e-02
4.730000000000000000e+02 4.251246899366378784e-02 6.152937188744544983e-02
4.740000000000000000e+02 4.258308187127113342e-02 6.138934567570686340e-02
4.750000000000000000e+02 4.252471402287483215e-02 6.152706965804100037e-02
4.760000000000000000e+02 4.255066812038421631e-02 6.149980798363685608e-02
4.770000000000000000e+02 4.253840819001197815e-02 6.149744614958763123e-02
4.780000000000000000e+02 4.249497875571250916e-02 6.136951595544815063e-02
4.790000000000000000e+02 4.245942831039428711e-02 6.132810935378074646e-02
4.800000000000000000e+02 4.236947745084762573e-02 6.143898144364356995e-02
4.810000000000000000e+02 4.240628331899642944e-02 6.137625873088836670e-02
4.820000000000000000e+02 4.243230074644088745e-02 6.133550405502319336e-02
4.830000000000000000e+02 4.237185791134834290e-02 6.132321059703826904e-02
4.840000000000000000e+02 4.239744693040847778e-02 6.151167675852775574e-02
4.850000000000000000e+02 4.235290363430976868e-02 6.136103719472885132e-02
4.860000000000000000e+02 4.232298582792282104e-02 6.132120266556739807e-02
4.870000000000000000e+02 4.227904975414276123e-02 6.128235533833503723e-02
4.880000000000000000e+02 4.224187135696411133e-02 6.120457872748374939e-02
4.890000000000000000e+02 4.224278405308723450e-02 6.106822565197944641e-02
4.900000000000000000e+02 4.223917052149772644e-02 6.115322932600975037e-02
4.910000000000000000e+02 4.222583398222923279e-02 6.112915650010108948e-02
4.920000000000000000e+02 4.222781211137771606e-02 6.112802028656005859e-02
4.930000000000000000e+02 4.221643880009651184e-02 6.099379062652587891e-02
4.940000000000000000e+02 4.219388216733932495e-02 6.101675704121589661e-02
4.950000000000000000e+02 4.216446727514266968e-02 6.104230880737304688e-02
4.960000000000000000e+02 4.217780381441116333e-02 6.105330213904380798e-02
4.970000000000000000e+02 4.212374985218048096e-02 6.112587824463844299e-02
4.980000000000000000e+02 4.214720427989959717e-02 6.094784289598464966e-02
4.990000000000000000e+02 4.209031164646148682e-02 6.098788604140281677e-02
5.000000000000000000e+02 4.208349809050559998e-02 6.098976358771324158e-02
5.010000000000000000e+02 4.204476624727249146e-02 6.086866557598114014e-02
5.020000000000000000e+02 4.209080711007118225e-02 6.097149848937988281e-02
5.030000000000000000e+02 4.204886779189109802e-02 6.084131076931953430e-02
5.040000000000000000e+02 4.202119633555412292e-02 6.084568053483963013e-02
5.050000000000000000e+02 4.198000580072402954e-02 6.096635386347770691e-02
5.060000000000000000e+02 4.196123778820037842e-02 6.069943681359291077e-02
5.070000000000000000e+02 4.197540506720542908e-02 6.078528240323066711e-02
5.080000000000000000e+02 4.187822714447975159e-02 6.081423163414001465e-02
5.090000000000000000e+02 4.196560010313987732e-02 6.059524789452552795e-02
5.100000000000000000e+02 4.195921495556831360e-02 6.072990223765373230e-02
5.110000000000000000e+02 4.187508672475814819e-02 6.069283187389373779e-02
5.120000000000000000e+02 4.187353700399398804e-02 6.062041968107223511e-02
5.130000000000000000e+02 4.188285022974014282e-02 6.066446378827095032e-02
5.140000000000000000e+02 4.183472320437431335e-02 6.071989610791206360e-02
5.150000000000000000e+02 4.186046123504638672e-02 6.056643649935722351e-02
5.160000000000000000e+02 4.182621464133262634e-02 6.061812862753868103e-02
5.170000000000000000e+02 4.182193800806999207e-02 6.048804521560668945e-02
5.180000000000000000e+02 4.178579896688461304e-02 6.046073138713836670e-02
5.190000000000000000e+02 4.178780317306518555e-02 6.047840043902397156e-02
5.200000000000000000e+02 4.175068065524101257e-02 6.040135025978088379e-02
5.210000000000000000e+02 4.174602776765823364e-02 6.054010614752769470e-02
5.220000000000000000e+02 4.175028949975967407e-02 6.045380234718322754e-02
5.230000000000000000e+02 4.173455014824867249e-02 6.033921986818313599e-02
5.240000000000000000e+02 4.172888025641441345e-02 6.045972183346748352e-02
5.250000000000000000e+02 4.168692976236343384e-02 6.030419841408729553e-02
5.260000000000000000e+02 4.165766388177871704e-02 6.036135926842689514e-02
5.270000000000000000e+02 4.157727956771850586e-02 6.028302386403083801e-02
5.280000000000000000e+02 4.160472005605697632e-02 6.040245294570922852e-02
5.290000000000000000e+02 4.157954454421997070e-02 6.024209409952163696e-02
5.300000000000000000e+02 4.161786660552024841e-02 6.026059389114379883e-02
5.310000000000000000e+02 4.157828539609909058e-02 6.025495007634162903e-02
5.320000000000000000e+02 4.155008494853973389e-02 6.025925278663635254e-02
5.330000000000000000e+02 4.153733327984809875e-02 6.019478663802146912e-02
5.340000000000000000e+02 4.154958203434944153e-02 5.999034270644187927e-02
5.350000000000000000e+02 4.151706770062446594e-02 6.013498082756996155e-02
5.360000000000000000e+02 4.149649292230606079e-02 6.000464037060737610e-02
5.370000000000000000e+02 4.147621616721153259e-02 6.016106903553009033e-02
5.380000000000000000e+02 4.147570207715034485e-02 6.001877412199974060e-02
5.390000000000000000e+02 4.146238043904304504e-02 6.009718403220176697e-02
5.400000000000000000e+02 4.145010188221931458e-02 6.006320938467979431e-02
5.410000000000000000e+02 4.145305976271629333e-02 5.996324494481086731e-02
5.420000000000000000e+02 4.141170158982276917e-02 6.005050614476203918e-02
5.430000000000000000e+02 4.138038679957389832e-02 6.005302444100379944e-02
5.440000000000000000e+02 4.136236011981964111e-02 5.989618226885795593e-02
5.450000000000000000e+02 4.132293164730072021e-02 6.004959344863891602e-02
5.460000000000000000e+02 4.133309796452522278e-02 5.992418155074119568e-02
5.470000000000000000e+02 4.136102274060249329e-02 5.979352816939353943e-02
5.480000000000000000e+02 4.133679717779159546e-02 5.991463363170623779e-02
5.490000000000000000e+02 4.132639989256858826e-02 5.987368524074554443e-02
5.500000000000000000e+02 4.129540175199508667e-02 5.986175313591957092e-02
5.510000000000000000e+02 4.130828008055686951e-02 5.979583412408828735e-02
5.520000000000000000e+02 4.125010967254638672e-02 5.976180359721183777e-02
5.530000000000000000e+02 4.126664623618125916e-02 5.974848940968513489e-02
5.540000000000000000e+02 4.121820628643035889e-02 5.985172465443611145e-02
5.550000000000000000e+02 4.120072722434997559e-02 5.962159484624862671e-02
5.560000000000000000e+02 4.115563258528709412e-02 5.974006652832031250e-02
5.570000000000000000e+02 4.121029004454612732e-02 5.964447185397148132e-02
5.580000000000000000e+02 4.118828102946281433e-02 5.974433571100234985e-02
5.590000000000000000e+02 4.117323085665702820e-02 5.983305722475051880e-02
5.600000000000000000e+02 4.116250574588775635e-02 5.958814918994903564e-02
5.610000000000000000e+02 4.116017743945121765e-02 5.965854600071907043e-02
5.620000000000000000e+02 4.115314781665802002e-02 5.965859442949295044e-02
5.630000000000000000e+02 4.111856967210769653e-02 5.968546867370605469e-02
5.640000000000000000e+02 4.111057147383689880e-02 5.962560325860977173e-02
5.650000000000000000e+02 4.110131412744522095e-02 5.954640731215476990e-02
5.660000000000000000e+02 4.105439409613609314e-02 5.952120199799537659e-02
5.670000000000000000e+02 4.105575382709503174e-02 5.950341373682022095e-02
5.680000000000000000e+02 4.106619954109191895e-02 5.954309925436973572e-02
5.690000000000000000e+02 4.103958979249000549e-02 5.953136831521987915e-02
5.700000000000000000e+02 4.104411602020263672e-02 5.943391844630241394e-02
5.710000000000000000e+02 4.099619761109352112e-02 5.940769240260124207e-02
5.720000000000000000e+02 4.101571440696716309e-02 5.937794223427772522e-02
5.730000000000000000e+02 4.097860306501388550e-02 5.939369648694992065e-02
5.740000000000000000e+02 4.094185680150985718e-02 5.933441966772079468e-02
5.750000000000000000e+02 4.096094518899917603e-02 5.944161489605903625e-02
5.760000000000000000e+02 4.094363749027252197e-02 5.939149856567382812e-02
5.770000000000000000e+02 4.096602275967597961e-02 5.932013317942619324e-02
5.780000000000000000e+02 4.090081900358200073e-02 5.941132083535194397e-02
5.790000000000000000e+02 4.088344424962997437e-02 5.935100466012954712e-02
5.800000000000000000e+02 4.083096981048583984e-02 5.927670001983642578e-02
5.810000000000000000e+02 4.088280349969863892e-02 5.926646664738655090e-02
5.820000000000000000e+02 4.090262949466705322e-02 5.924266576766967773e-02
5.830000000000000000e+02 4.087680205702781677e-02 5.913452431559562683e-02
5.840000000000000000e+02 4.085453599691390991e-02 5.932635441422462463e-02
5.850000000000000000e+02 4.080366343259811401e-02 5.931096524000167847e-02
5.860000000000000000e+02 4.078918322920799255e-02 5.916504561901092529e-02
5.870000000000000000e+02 4.078259691596031189e-02 5.923995003104209900e-02
5.880000000000000000e+02 4.078663140535354614e-02 5.934291705489158630e-02
5.890000000000000000e+02 4.079032689332962036e-02 5.914479494094848633e-02
5.900000000000000000e+02 4.073887318372726440e-02 5.916655808687210083e-02
5.910000000000000000e+02 4.077167436480522156e-02 5.913550406694412231e-02
5.920000000000000000e+02 4.075061157345771790e-02 5.901441350579261780e-02
5.930000000000000000e+02 4.070686921477317810e-02 5.907949432730674744e-02
5.940000000000000000e+02 4.069838300347328186e-02 5.915539711713790894e-02
5.950000000000000000e+02 4.069615155458450317e-02 5.916783586144447327e-02
5.960000000000000000e+02 4.069697856903076172e-02 5.911928415298461914e-02
5.970000000000000000e+02 4.068176075816154480e-02 5.896711349487304688e-02
5.980000000000000000e+02 4.067885130643844604e-02 5.887656286358833313e-02
5.990000000000000000e+02 4.061810299754142761e-02 5.908150225877761841e-02
6.000000000000000000e+02 4.057428985834121704e-02 5.885001644492149353e-02
6.010000000000000000e+02 4.063774645328521729e-02 5.899293348193168640e-02
6.020000000000000000e+02 4.063839465379714966e-02 5.890727788209915161e-02
6.030000000000000000e+02 4.056029394268989563e-02 5.885580554604530334e-02
6.040000000000000000e+02 4.061545804142951965e-02 5.880858376622200012e-02
6.050000000000000000e+02 4.057598114013671875e-02 5.892565846443176270e-02
6.060000000000000000e+02 4.059457033872604370e-02 5.880673602223396301e-02
6.070000000000000000e+02 4.055709764361381531e-02 5.891198292374610901e-02
6.080000000000000000e+02 4.053740948438644409e-02 5.873735994100570679e-02
6.090000000000000000e+02 4.055664688348770142e-02 5.886613950133323669e-02
6.100000000000000000e+02 4.055787250399589539e-02 5.880517140030860901e-02
6.110000000000000000e+02 4.052170738577842712e-02 5.876399204134941101e-02
6.120000000000000000e+02 4.051446169614791870e-02 5.863325670361518860e-02
6.130000000000000000e+02 4.050119221210479736e-02 5.863918736577033997e-02
6.140000000000000000e+02 4.050773754715919495e-02 5.875274911522865295e-02
6.150000000000000000e+02 4.051284119486808777e-02 5.858818814158439636e-02
6.160000000000000000e+02 4.047552496194839478e-02 5.874820426106452942e-02
6.170000000000000000e+02 4.048814997076988220e-02 5.856622755527496338e-02
6.180000000000000000e+02 4.046940058469772339e-02 5.872989445924758911e-02
6.190000000000000000e+02 4.043827578425407410e-02 5.874730274081230164e-02
6.200000000000000000e+02 4.043793305754661560e-02 5.863974243402481079e-02
6.210000000000000000e+02 4.046401381492614746e-02 5.850258842110633850e-02
6.220000000000000000e+02 4.039212316274642944e-02 5.864472687244415283e-02
6.230000000000000000e+02 4.040476307272911072e-02 5.862313136458396912e-02
6.240000000000000000e+02 4.036520048975944519e-02 5.864272266626358032e-02
6.250000000000000000e+02 4.038506001234054565e-02 5.850139260292053223e-02
6.260000000000000000e+02 4.040823131799697876e-02 5.848190560936927795e-02
6.270000000000000000e+02 4.035604372620582581e-02 5.851335451006889343e-02
6.280000000000000000e+02 4.037168622016906738e-02 5.846323817968368530e-02
6.290000000000000000e+02 4.034785553812980652e-02 5.854443088173866272e-02
6.300000000000000000e+02 4.031702131032943726e-02 5.856984108686447144e-02
6.310000000000000000e+02 4.029932245612144470e-02 5.846798419952392578e-02
6.320000000000000000e+02 4.033495858311653137e-02 5.829771235585212708e-02
6.330000000000000000e+02 4.030132666230201721e-02 5.840102583169937134e-02
6.340000000000000000e+02 4.031246155500411987e-02 5.841465666890144348e-02
6.350000000000000000e+02 4.029904305934906006e-02 5.827604606747627258e-02
6.360000000000000000e+02 4.028861224651336670e-02 5.830254778265953064e-02
6.370000000000000000e+02 4.023190960288047791e-02 5.849102884531021118e-02
6.380000000000000000e+02 4.028104990720748901e-02 5.837911367416381836e-02
6.390000000000000000e+02 4.022039100527763367e-02 5.846018344163894653e-02
6.400000000000000000e+02 4.021757468581199646e-02 5.830867961049079895e-02
6.410000000000000000e+02 4.016571491956710815e-02 5.827190726995468140e-02
6.420000000000000000e+02 4.021983593702316284e-02 5.830597504973411560e-02
6.430000000000000000e+02 4.016143083572387695e-02 5.818442627787590027e-02
6.440000000000000000e+02 4.019607603549957275e-02 5.824273824691772461e-02
6.450000000000000000e+02 4.014873877167701721e-02 5.828070268034934998e-02
6.460000000000000000e+02 4.017208889126777649e-02 5.818137153983116150e-02
6.470000000000000000e+02 4.017533361911773682e-02 5.822577327489852905e-02
6.480000000000000000e+02 4.011391848325729370e-02 5.804170668125152588e-02
6.490000000000000000e+02 4.012623801827430725e-02 5.818903446197509766e-02
6.500000000000000000e+02 4.010819271206855774e-02 5.814188718795776367e-02
6.510000000000000000e+02 4.014810174703598022e-02 5.828747898340225220e-02
6.520000000000000000e+02 4.008049517869949341e-02 5.819480493664741516e-02
6.530000000000000000e+02 4.009982198476791382e-02 5.810925364494323730e-02
6.540000000000000000e+02 4.006006568670272827e-02 5.820545554161071777e-02
6.550000000000000000e+02 4.004376009106636047e-02 5.798581987619400024e-02
6.560000000000000000e+02 4.010029882192611694e-02 5.818393453955650330e-02
6.570000000000000000e+02 4.002973809838294983e-02 5.812957137823104858e-02
6.580000000000000000e+02 4.006746783852577209e-02 5.810231342911720276e-02
6.590000000000000000e+02 4.007509723305702209e-02 5.816991254687309265e-02
6.600000000000000000e+02 4.006417095661163330e-02 5.817156285047531128e-02
6.610000000000000000e+02 4.001631587743759155e-02 5.793523043394088745e-02
6.620000000000000000e+02 4.001943394541740417e-02 5.808155238628387451e-02
6.630000000000000000e+02 3.998925909399986267e-02 5.811282247304916382e-02
6.640000000000000000e+02 3.999017924070358276e-02 5.807285010814666748e-02
6.650000000000000000e+02 4.000608250498771667e-02 5.806472525000572205e-02
6.660000000000000000e+02 3.999092802405357361e-02 5.800463259220123291e-02
6.670000000000000000e+02 3.997179493308067322e-02 5.791959911584854126e-02
6.680000000000000000e+02 3.991743549704551697e-02 5.804618448019027710e-02
6.690000000000000000e+02 3.995012864470481873e-02 5.805587768554687500e-02
6.700000000000000000e+02 3.994452953338623047e-02 5.804976448416709900e-02
6.710000000000000000e+02 3.996266797184944153e-02 5.794434249401092529e-02
6.720000000000000000e+02 3.994491323828697205e-02 5.786916241049766541e-02
6.730000000000000000e+02 3.989186882972717285e-02 5.790332704782485962e-02
6.740000000000000000e+02 3.994391858577728271e-02 5.807243287563323975e-02
6.750000000000000000e+02 3.992806002497673035e-02 5.793716385960578918e-02
6.760000000000000000e+02 3.987791761755943298e-02 5.800343304872512817e-02
6.770000000000000000e+02 3.984841704368591309e-02 5.794545263051986694e-02
6.780000000000000000e+02 3.988126665353775024e-02 5.789776518940925598e-02
6.790000000000000000e+02 3.985699638724327087e-02 5.781324952840805054e-02
6.800000000000000000e+02 3.983446210622787476e-02 5.799688398838043213e-02
6.810000000000000000e+02 3.984380513429641724e-02 5.792529508471488953e-02
6.820000000000000000e+02 3.983950242400169373e-02 5.784473195672035217e-02
6.830000000000000000e+02 3.982035443186759949e-02 5.787016078829765320e-02
6.840000000000000000e+02 3.983374685049057007e-02 5.786225944757461548e-02
6.850000000000000000e+02 3.981788456439971924e-02 5.781217664480209351e-02
6.860000000000000000e+02 3.980517759919166565e-02 5.776300281286239624e-02
6.870000000000000000e+02 3.980082646012306213e-02 5.774929374456405640e-02
6.880000000000000000e+02 3.977042064070701599e-02 5.785452574491500854e-02
6.890000000000000000e+02 3.982768952846527100e-02 5.773428827524185181e-02
6.900000000000000000e+02 3.975143283605575562e-02 5.787940695881843567e-02
6.910000000000000000e+02 3.974917903542518616e-02 5.778541415929794312e-02
6.920000000000000000e+02 3.974063321948051453e-02 5.771569162607192993e-02
6.930000000000000000e+02 3.972466289997100830e-02 5.785020440816879272e-02
6.940000000000000000e+02 3.970838338136672974e-02 5.785201862454414368e-02
6.950000000000000000e+02 3.976731747388839722e-02 5.771497264504432678e-02
6.960000000000000000e+02 3.968340158462524414e-02 5.774912610650062561e-02
6.970000000000000000e+02 3.973350673913955688e-02 5.790654197335243225e-02
6.980000000000000000e+02 3.975700959563255310e-02 5.772625654935836792e-02
6.990000000000000000e+02 3.971018642187118530e-02 5.779910832643508911e-02
7.000000000000000000e+02 3.970281779766082764e-02 5.762203037738800049e-02
7.010000000000000000e+02 3.968168795108795166e-02 5.774813890457153320e-02
7.020000000000000000e+02 3.967694565653800964e-02 5.774930119514465332e-02
7.030000000000000000e+02 3.967488184571266174e-02 5.761909112334251404e-02
7.040000000000000000e+02 3.965951502323150635e-02 5.754069983959197998e-02
7.050000000000000000e+02 3.962859511375427246e-02 5.762267112731933594e-02
7.060000000000000000e+02 3.963238373398780823e-02 5.759902298450469971e-02
7.070000000000000000e+02 3.963216394186019897e-02 5.761117488145828247e-02
7.080000000000000000e+02 3.964573144912719727e-02 5.774354189634323120e-02
7.090000000000000000e+02 3.958423063158988953e-02 5.764871090650558472e-02
7.100000000000000000e+02 3.959078341722488403e-02 5.757288262248039246e-02
7.110000000000000000e+02 3.960747644305229187e-02 5.759134888648986816e-02
7.120000000000000000e+02 3.960984200239181519e-02 5.762304738163948059e-02
7.130000000000000000e+02 3.961553797125816345e-02 5.769607424736022949e-02
