0.000000000000000000e+00 1.030288040637969971e-01 1.239617913961410522e-01
1.000000000000000000e+00 1.026238724589347839e-01 1.236369162797927856e-01
2.000000000000000000e+00 1.022215336561203003e-01 1.232761070132255554e-01
3.000000000000000000e+00 1.018277779221534729e-01 1.229369193315505981e-01
4.000000000000000000e+00 1.014194041490554810e-01 1.225835978984832764e-01
5.000000000000000000e+00 1.010216549038887024e-01 1.222134977579116821e-01
6.000000000000000000e+00 1.006195247173309326e-01 1.218913048505783081e-01
7.000000000000000000e+00 1.002141684293746948e-01 1.215213984251022339e-01
8.000000000000000000e+00 9.981804341077804565e-02 1.211956217885017395e-01
9.000000000000000000e+00 9.940540045499801636e-02 1.208410039544105530e-01
1.000000000000000000e+01 9.898421168327331543e-02 1.204551756381988525e-01
1.100000000000000000e+01 9.856445342302322388e-02 1.200587674975395203e-01
1.200000000000000000e+01 9.813677519559860229e-02 1.197013482451438904e-01
1.300000000000000000e+01 9.771116822957992554e-02 1.193089261651039124e-01
1.400000000000000000e+01 9.725389629602432251e-02 1.188887879252433777e-01
1.500000000000000000e+01 9.679093956947326660e-02 1.185081973671913147e-01
1.600000000000000000e+01 9.633472561836242676e-02 1.180727481842041016e-01
1.700000000000000000e+01 9.585889428853988647e-02 1.176382675766944885e-01
1.800000000000000000e+01 9.537711739540100098e-02 1.171799600124359131e-01
1.900000000000000000e+01 9.485931694507598877e-02 1.167341917753219604e-01
2.000000000000000000e+01 9.436680376529693604e-02 1.162514537572860718e-01
2.100000000000000000e+01 9.384067356586456299e-02 1.157790943980216980e-01
2.200000000000000000e+01 9.330832958221435547e-02 1.152738258242607117e-01
2.300000000000000000e+01 9.276527166366577148e-02 1.147607341408729553e-01
2.400000000000000000e+01 9.222304075956344604e-02 1.141694858670234680e-01
2.500000000000000000e+01 9.165321290493011475e-02 1.137119308114051819e-01
2.600000000000000000e+01 9.109086543321609497e-02 1.130924001336097717e-01
2.700000000000000000e+01 9.049162268638610840e-02 1.125208586454391479e-01
2.800000000000000000e+01 8.991425484418869019e-02 1.119500249624252319e-01
2.900000000000000000e+01 8.930630981922149658e-02 1.113908886909484863e-01
3.000000000000000000e+01 8.870764076709747314e-02 1.107794418931007385e-01
3.100000000000000000e+01 8.807497471570968628e-02 1.101722940802574158e-01
3.200000000000000000e+01 8.746687322854995728e-02 1.095040366053581238e-01
3.300000000000000000e+01 8.684976398944854736e-02 1.089680865406990051e-01
3.400000000000000000e+01 8.620865643024444580e-02 1.083536073565483093e-01
3.500000000000000000e+01 8.559001237154006958e-02 1.076811254024505615e-01
3.600000000000000000e+01 8.497598022222518921e-02 1.070098578929901123e-01
3.700000000000000000e+01 8.433730900287628174e-02 1.064177975058555603e-01
3.800000000000000000e+01 8.372189104557037354e-02 1.058163642883300781e-01
3.900000000000000000e+01 8.310694247484207153e-02 1.052779629826545715e-01
4.000000000000000000e+01 8.249831944704055786e-02 1.046333089470863342e-01
4.100000000000000000e+01 8.191137760877609253e-02 1.041017994284629822e-01
4.200000000000000000e+01 8.128894865512847900e-02 1.035856008529663086e-01
4.300000000000000000e+01 8.072136342525482178e-02 1.029750630259513855e-01
4.400000000000000000e+01 8.015607297420501709e-02 1.024215444922447205e-01
4.500000000000000000e+01 7.959847152233123779e-02 1.020110100507736206e-01
4.600000000000000000e+01 7.906218618154525757e-02 1.014977991580963135e-01
4.700000000000000000e+01 7.851187884807586670e-02 1.009794026613235474e-01
4.800000000000000000e+01 7.804948091506958008e-02 1.005345433950424194e-01
4.900000000000000000e+01 7.750453054904937744e-02 1.000133678317070007e-01
5.000000000000000000e+01 7.703735679388046265e-02 9.954331815242767334e-02
5.100000000000000000e+01 7.656486332416534424e-02 9.911680966615676880e-02
5.200000000000000000e+01 7.610340416431427002e-02 9.863888472318649292e-02
5.300000000000000000e+01 7.562597841024398804e-02 9.822236746549606323e-02
5.400000000000000000e+01 7.520976662635803223e-02 9.781666100025177002e-02
5.500000000000000000e+01 7.477729767560958862e-02 9.742613881826400757e-02
5.600000000000000000e+01 7.438224554061889648e-02 9.698696434497833252e-02
5.700000000000000000e+01 7.396181672811508179e-02 9.657945483922958374e-02
5.800000000000000000e+01 7.354170829057693481e-02 9.611988812685012817e-02
5.900000000000000000e+01 7.317573577165603638e-02 9.588348865509033203e-02
6.000000000000000000e+01 7.277911901473999023e-02 9.528859704732894897e-02
6.100000000000000000e+01 7.244694232940673828e-02 9.495400637388229370e-02
6.200000000000000000e+01 7.208348810672760010e-02 9.450633823871612549e-02
6.300000000000000000e+01 7.170649617910385132e-02 9.418602287769317627e-02
6.400000000000000000e+01 7.138790935277938843e-02 9.386895596981048584e-02
6.500000000000000000e+01 7.105669379234313965e-02 9.337355941534042358e-02
6.600000000000000000e+01 7.069687545299530029e-02 9.314680844545364380e-02
6.700000000000000000e+01 7.036484777927398682e-02 9.263219684362411499e-02
6.800000000000000000e+01 7.001699507236480713e-02 9.230516850948333740e-02
6.900000000000000000e+01 6.972832977771759033e-02 9.190630912780761719e-02
7.000000000000000000e+01 6.943927705287933350e-02 9.162434935569763184e-02
7.100000000000000000e+01 6.911040842533111572e-02 9.109818190336227417e-02
7.200000000000000000e+01 6.882468611001968384e-02 9.083771705627441406e-02
7.300000000000000000e+01 6.851128488779067993e-02 9.045713394880294800e-02
7.400000000000000000e+01 6.821531802415847778e-02 9.005139768123626709e-02
7.500000000000000000e+01 6.793259084224700928e-02 8.979751169681549072e-02
7.600000000000000000e+01 6.760250777006149292e-02 8.957110345363616943e-02
7.700000000000000000e+01 6.733639538288116455e-02 8.915463089942932129e-02
7.800000000000000000e+01 6.707049161195755005e-02 8.890511840581893921e-02
7.900000000000000000e+01 6.677298247814178467e-02 8.856368064880371094e-02
8.000000000000000000e+01 6.650509685277938843e-02 8.822082728147506714e-02
8.100000000000000000e+01 6.627617776393890381e-02 8.797936141490936279e-02
8.200000000000000000e+01 6.602361053228378296e-02 8.772110193967819214e-02
8.300000000000000000e+01 6.573571264743804932e-02 8.743873238563537598e-02
8.400000000000000000e+01 6.549851596355438232e-02 8.710148930549621582e-02
8.500000000000000000e+01 6.526057422161102295e-02 8.696299791336059570e-02
8.600000000000000000e+01 6.500398367643356323e-02 8.664011210203170776e-02
8.700000000000000000e+01 6.474899500608444214e-02 8.628684282302856445e-02
8.800000000000000000e+01 6.456054747104644775e-02 8.606569468975067139e-02
8.900000000000000000e+01 6.433612853288650513e-02 8.589552342891693115e-02
9.000000000000000000e+01 6.414330750703811646e-02 8.569154888391494751e-02
9.100000000000000000e+01 6.390504539012908936e-02 8.535049110651016235e-02
9.200000000000000000e+01 6.370420008897781372e-02 8.518287539482116699e-02
9.300000000000000000e+01 6.345678865909576416e-02 8.508279174566268921e-02
9.400000000000000000e+01 6.334250420331954956e-02 8.484932035207748413e-02
9.500000000000000000e+01 6.316366791725158691e-02 8.458653837442398071e-02
9.600000000000000000e+01 6.294090300798416138e-02 8.435446023941040039e-02
9.700000000000000000e+01 6.274887174367904663e-02 8.414961397647857666e-02
9.800000000000000000e+01 6.260722875595092773e-02 8.398530632257461548e-02
9.900000000000000000e+01 6.238996982574462891e-02 8.383850753307342529e-02
1.000000000000000000e+02 6.224881485104560852e-02 8.351393789052963257e-02
1.010000000000000000e+02 6.206648796796798706e-02 8.339639008045196533e-02
1.020000000000000000e+02 6.190983206033706665e-02 8.334428817033767700e-02
1.030000000000000000e+02 6.169588491320610046e-02 8.294998109340667725e-02
1.040000000000000000e+02 6.156460568308830261e-02 8.295276761054992676e-02
1.050000000000000000e+02 6.135180220007896423e-02 8.287186175584793091e-02
1.060000000000000000e+02 6.123837083578109741e-02 8.268099278211593628e-02
1.070000000000000000e+02 6.108890473842620850e-02 8.233339339494705200e-02
1.080000000000000000e+02 6.094229593873023987e-02 8.229344338178634644e-02
1.090000000000000000e+02 6.080157682299613953e-02 8.195625245571136475e-02
1.100000000000000000e+02 6.068683788180351257e-02 8.185566216707229614e-02
1.110000000000000000e+02 6.054021418094635010e-02 8.168642222881317139e-02
1.120000000000000000e+02 6.038379669189453125e-02 8.151781558990478516e-02
1.130000000000000000e+02 6.022964417934417725e-02 8.144531399011611938e-02
1.140000000000000000e+02 6.009513512253761292e-02 8.124072849750518799e-02
1.150000000000000000e+02 5.999413877725601196e-02 8.114103227853775024e-02
1.160000000000000000e+02 5.988143384456634521e-02 8.093835413455963135e-02
1.170000000000000000e+02 5.970539897680282593e-02 8.059655129909515381e-02
1.180000000000000000e+02 5.960281565785408020e-02 8.052981644868850708e-02
1.190000000000000000e+02 5.943355336785316467e-02 8.052600920200347900e-02
1.200000000000000000e+02 5.934132263064384460e-02 8.020283281803131104e-02
1.210000000000000000e+02 5.923893675208091736e-02 8.014082908630371094e-02
1.220000000000000000e+02 5.909086018800735474e-02 7.995351403951644897e-02
1.230000000000000000e+02 5.894853174686431885e-02 7.974440604448318481e-02
1.240000000000000000e+02 5.884753540158271790e-02 7.989751547574996948e-02
1.250000000000000000e+02 5.876099690794944763e-02 7.958793640136718750e-02
1.260000000000000000e+02 5.862120538949966431e-02 7.947045564651489258e-02
1.270000000000000000e+02 5.853057652711868286e-02 7.944035530090332031e-02
1.280000000000000000e+02 5.846736952662467957e-02 7.925804704427719116e-02
1.290000000000000000e+02 5.828388035297393799e-02 7.911199331283569336e-02
1.300000000000000000e+02 5.818301811814308167e-02 7.911295443773269653e-02
1.310000000000000000e+02 5.808192119002342224e-02 7.882469147443771362e-02
1.320000000000000000e+02 5.799396708607673645e-02 7.884898781776428223e-02
1.330000000000000000e+02 5.788602679967880249e-02 7.856330275535583496e-02
1.340000000000000000e+02 5.774288624525070190e-02 7.851496338844299316e-02
1.350000000000000000e+02 5.769961699843406677e-02 7.841672003269195557e-02
1.360000000000000000e+02 5.760600417852401733e-02 7.826173305511474609e-02
1.370000000000000000e+02 5.751927196979522705e-02 7.814055681228637695e-02
1.380000000000000000e+02 5.738219246268272400e-02 7.810790091753005981e-02
1.390000000000000000e+02 5.734905600547790527e-02 7.800254225730895996e-02
1.400000000000000000e+02 5.721940845251083374e-02 7.787697017192840576e-02
1.410000000000000000e+02 5.710960924625396729e-02 7.789581269025802612e-02
1.420000000000000000e+02 5.697891861200332642e-02 7.756806910037994385e-02
1.430000000000000000e+02 5.695708468556404114e-02 7.762461155652999878e-02
1.440000000000000000e+02 5.684497579932212830e-02 7.750536501407623291e-02
1.450000000000000000e+02 5.673053860664367676e-02 7.740320265293121338e-02
1.460000000000000000e+02 5.666776746511459351e-02 7.727392762899398804e-02
1.470000000000000000e+02 5.658007413148880005e-02 7.706695795059204102e-02
1.480000000000000000e+02 5.648433417081832886e-02 7.701889425516128540e-02
1.490000000000000000e+02 5.636778846383094788e-02 7.707061618566513062e-02
1.500000000000000000e+02 5.629068240523338318e-02 7.693953067064285278e-02
1.510000000000000000e+02 5.619053542613983154e-02 7.677169889211654663e-02
1.520000000000000000e+02 5.615401640534400940e-02 7.679103314876556396e-02
1.530000000000000000e+02 5.603789538145065308e-02 7.649224996566772461e-02
1.540000000000000000e+02 5.599636957049369812e-02 7.642781734466552734e-02
1.550000000000000000e+02 5.587749555706977844e-02 7.638026028871536255e-02
1.560000000000000000e+02 5.575089901685714722e-02 7.639352232217788696e-02
1.570000000000000000e+02 5.573233962059020996e-02 7.624109089374542236e-02
1.580000000000000000e+02 5.558954551815986633e-02 7.622519880533218384e-02
1.590000000000000000e+02 5.554312095046043396e-02 7.605858892202377319e-02
1.600000000000000000e+02 5.543956905603408813e-02 7.609818875789642334e-02
1.610000000000000000e+02 5.539820343255996704e-02 7.582626491785049438e-02
1.620000000000000000e+02 5.527992919087409973e-02 7.584994286298751831e-02
1.630000000000000000e+02 5.515731871128082275e-02 7.576481252908706665e-02
1.640000000000000000e+02 5.512110143899917603e-02 7.562939822673797607e-02
1.650000000000000000e+02 5.503814294934272766e-02 7.569005340337753296e-02
1.660000000000000000e+02 5.493713915348052979e-02 7.556131482124328613e-02
1.670000000000000000e+02 5.489467084407806396e-02 7.545636594295501709e-02
1.680000000000000000e+02 5.485966056585311890e-02 7.532095164060592651e-02
1.690000000000000000e+02 5.474206060171127319e-02 7.523830980062484741e-02
1.700000000000000000e+02 5.463585257530212402e-02 7.514143735170364380e-02
1.710000000000000000e+02 5.458586290478706360e-02 7.515330612659454346e-02
1.720000000000000000e+02 5.450458824634552002e-02 7.492513209581375122e-02
1.730000000000000000e+02 5.443785339593887329e-02 7.492290437221527100e-02
1.740000000000000000e+02 5.437513068318367004e-02 7.473798841238021851e-02
1.750000000000000000e+02 5.424110963940620422e-02 7.486654818058013916e-02
1.760000000000000000e+02 5.417693033814430237e-02 7.465898245573043823e-02
1.770000000000000000e+02 5.407124757766723633e-02 7.450774312019348145e-02
1.780000000000000000e+02 5.405555292963981628e-02 7.470466196537017822e-02
1.790000000000000000e+02 5.402946472167968750e-02 7.439769804477691650e-02
1.800000000000000000e+02 5.384806543588638306e-02 7.426581531763076782e-02
1.810000000000000000e+02 5.380162596702575684e-02 7.416943460702896118e-02
1.820000000000000000e+02 5.374519154429435730e-02 7.420377433300018311e-02
1.830000000000000000e+02 5.372335389256477356e-02 7.410218566656112671e-02
1.840000000000000000e+02 5.357839912176132202e-02 7.383430004119873047e-02
1.850000000000000000e+02 5.355313420295715332e-02 7.374062389135360718e-02
1.860000000000000000e+02 5.343588814139366150e-02 7.373736053705215454e-02
1.870000000000000000e+02 5.341773852705955505e-02 7.377959787845611572e-02
1.880000000000000000e+02 5.332035943865776062e-02 7.358262687921524048e-02
1.890000000000000000e+02 5.326687172055244446e-02 7.355420291423797607e-02
1.900000000000000000e+02 5.313672497868537903e-02 7.349449396133422852e-02
1.910000000000000000e+02 5.308796837925910950e-02 7.346329092979431152e-02
1.920000000000000000e+02 5.301754176616668701e-02 7.337325811386108398e-02
1.930000000000000000e+02 5.296734347939491272e-02 7.324868440628051758e-02
1.940000000000000000e+02 5.286673456430435181e-02 7.321925461292266846e-02
1.950000000000000000e+02 5.285317823290824890e-02 7.316267490386962891e-02
1.960000000000000000e+02 5.275436863303184509e-02 7.312120497226715088e-02
1.970000000000000000e+02 5.269640311598777771e-02 7.287193089723587036e-02
1.980000000000000000e+02 5.261644721031188965e-02 7.293026894330978394e-02
1.990000000000000000e+02 5.256978049874305725e-02 7.288722693920135498e-02
2.000000000000000000e+02 5.248333886265754700e-02 7.277332246303558350e-02
2.010000000000000000e+02 5.245964974164962769e-02 7.267857342958450317e-02
2.020000000000000000e+02 5.232280120253562927e-02 7.266467064619064331e-02
2.030000000000000000e+02 5.232048779726028442e-02 7.249703258275985718e-02
2.040000000000000000e+02 5.221902206540107727e-02 7.259491086006164551e-02
2.050000000000000000e+02 5.213173478841781616e-02 7.244405150413513184e-02
2.060000000000000000e+02 5.210793390870094299e-02 7.241555303335189819e-02
2.070000000000000000e+02 5.201425775885581970e-02 7.228307425975799561e-02
2.080000000000000000e+02 5.195900797843933105e-02 7.235494256019592285e-02
2.090000000000000000e+02 5.188465118408203125e-02 7.224927097558975220e-02
2.100000000000000000e+02 5.180112645030021667e-02 7.208641618490219116e-02
2.110000000000000000e+02 5.180020630359649658e-02 7.207889854907989502e-02
2.120000000000000000e+02 5.171022936701774597e-02 7.191750407218933105e-02
2.130000000000000000e+02 5.159194394946098328e-02 7.196185737848281860e-02
2.140000000000000000e+02 5.152688175439834595e-02 7.190808653831481934e-02
2.150000000000000000e+02 5.149400234222412109e-02 7.166372239589691162e-02
2.160000000000000000e+02 5.145145580172538757e-02 7.166660577058792114e-02
2.170000000000000000e+02 5.136928707361221313e-02 7.173616439104080200e-02
2.180000000000000000e+02 5.132372304797172546e-02 7.156491279602050781e-02
2.190000000000000000e+02 5.124884843826293945e-02 7.146571576595306396e-02
2.200000000000000000e+02 5.119957029819488525e-02 7.145852595567703247e-02
2.210000000000000000e+02 5.107865855097770691e-02 7.136378437280654907e-02
2.220000000000000000e+02 5.109105631709098816e-02 7.142592966556549072e-02
2.230000000000000000e+02 5.100708454847335815e-02 7.134161889553070068e-02
2.240000000000000000e+02 5.092029646039009094e-02 7.116759568452835083e-02
2.250000000000000000e+02 5.091252550482749939e-02 7.112102955579757690e-02
2.260000000000000000e+02 5.083706974983215332e-02 7.091931998729705811e-02
2.270000000000000000e+02 5.073841661214828491e-02 7.091902196407318115e-02
2.280000000000000000e+02 5.068258196115493774e-02 7.075621187686920166e-02
2.290000000000000000e+02 5.065693333745002747e-02 7.072027027606964111e-02
2.300000000000000000e+02 5.057634413242340088e-02 7.071797549724578857e-02
2.310000000000000000e+02 5.058067664504051208e-02 7.059126347303390503e-02
2.320000000000000000e+02 5.044894665479660034e-02 7.056380063295364380e-02
2.330000000000000000e+02 5.041774362325668335e-02 7.041552662849426270e-02
2.340000000000000000e+02 5.040100961923599243e-02 7.064786553382873535e-02
2.350000000000000000e+02 5.036355182528495789e-02 7.040642946958541870e-02
2.360000000000000000e+02 5.022143945097923279e-02 7.038060575723648071e-02
2.370000000000000000e+02 5.022365972399711609e-02 7.039690762758255005e-02
2.380000000000000000e+02 5.015356093645095825e-02 7.030624896287918091e-02
2.390000000000000000e+02 5.011019855737686157e-02 7.011296600103378296e-02
2.400000000000000000e+02 4.997443407773971558e-02 7.022050023078918457e-02
2.410000000000000000e+02 4.996028169989585876e-02 6.998270004987716675e-02
2.420000000000000000e+02 4.990248009562492371e-02 7.001191377639770508e-02
2.430000000000000000e+02 4.986420273780822754e-02 7.014181464910507202e-02
2.440000000000000000e+02 4.983500763773918152e-02 6.996180117130279541e-02
2.450000000000000000e+02 4.980433732271194458e-02 6.990361958742141724e-02
2.460000000000000000e+02 4.969746991991996765e-02 6.977511942386627197e-02
2.470000000000000000e+02 4.966454207897186279e-02 6.974043697118759155e-02
2.480000000000000000e+02 4.957646504044532776e-02 6.961439549922943115e-02
2.490000000000000000e+02 4.956175759434700012e-02 6.955093890428543091e-02
2.500000000000000000e+02 4.945667460560798645e-02 6.947341561317443848e-02
2.510000000000000000e+02 4.945065453648567200e-02 6.963804364204406738e-02
2.520000000000000000e+02 4.932373762130737305e-02 6.925750523805618286e-02
2.530000000000000000e+02 4.930105805397033691e-02 6.933741271495819092e-02
2.540000000000000000e+02 4.927039146423339844e-02 6.931076198816299438e-02
2.550000000000000000e+02 4.926358535885810852e-02 6.929113715887069702e-02
2.560000000000000000e+02 4.914500191807746887e-02 6.917833536863327026e-02
2.570000000000000000e+02 4.905896633863449097e-02 6.916112452745437622e-02
2.580000000000000000e+02 4.906414449214935303e-02 6.913305073976516724e-02
2.590000000000000000e+02 4.897132888436317444e-02 6.889584660530090332e-02
2.600000000000000000e+02 4.897803068161010742e-02 6.901313364505767822e-02
2.610000000000000000e+02 4.887067899107933044e-02 6.901486217975616455e-02
2.620000000000000000e+02 4.884918406605720520e-02 6.889483332633972168e-02
2.630000000000000000e+02 4.876120388507843018e-02 6.864487379789352417e-02
2.640000000000000000e+02 4.871521890163421631e-02 6.878138333559036255e-02
2.650000000000000000e+02 4.867485910654067993e-02 6.883748620748519897e-02
2.660000000000000000e+02 4.865580797195434570e-02 6.851258128881454468e-02
2.670000000000000000e+02 4.857329279184341431e-02 6.864814460277557373e-02
2.680000000000000000e+02 4.855216667056083679e-02 6.863041222095489502e-02
2.690000000000000000e+02 4.850956052541732788e-02 6.828583031892776489e-02
2.700000000000000000e+02 4.843446612358093262e-02 6.852627545595169067e-02
2.710000000000000000e+02 4.837882891297340393e-02 6.842978298664093018e-02
2.720000000000000000e+02 4.836489632725715637e-02 6.832278519868850708e-02
2.730000000000000000e+02 4.830081015825271606e-02 6.821316480636596680e-02
2.740000000000000000e+02 4.826433211565017700e-02 6.825631111860275269e-02
2.750000000000000000e+02 4.819213226437568665e-02 6.815312802791595459e-02
2.760000000000000000e+02 4.817195609211921692e-02 6.815611571073532104e-02
2.770000000000000000e+02 4.815952107310295105e-02 6.804894655942916870e-02
2.780000000000000000e+02 4.803165048360824585e-02 6.797598302364349365e-02
2.790000000000000000e+02 4.797161370515823364e-02 6.790513545274734497e-02
2.800000000000000000e+02 4.795422777533531189e-02 6.782310456037521362e-02
2.810000000000000000e+02 4.788105934858322144e-02 6.772487610578536987e-02
2.820000000000000000e+02 4.791419953107833862e-02 6.770233064889907837e-02
2.830000000000000000e+02 4.784012585878372192e-02 6.760164350271224976e-02
2.840000000000000000e+02 4.778193309903144836e-02 6.762558966875076294e-02
2.850000000000000000e+02 4.770126938819885254e-02 6.754013895988464355e-02
2.860000000000000000e+02 4.768296703696250916e-02 6.772880256175994873e-02
2.870000000000000000e+02 4.761514812707901001e-02 6.764377653598785400e-02
2.880000000000000000e+02 4.755603149533271790e-02 6.753032654523849487e-02
2.890000000000000000e+02 4.755182564258575439e-02 6.745415925979614258e-02
2.900000000000000000e+02 4.744876176118850708e-02 6.734691560268402100e-02
2.910000000000000000e+02 4.739956557750701904e-02 6.747326999902725220e-02
2.920000000000000000e+02 4.738517105579376221e-02 6.731227040290832520e-02
2.930000000000000000e+02 4.735486954450607300e-02 6.711430102586746216e-02
2.940000000000000000e+02 4.732318967580795288e-02 6.721315532922744751e-02
2.950000000000000000e+02 4.723168537020683289e-02 6.702202558517456055e-02
2.960000000000000000e+02 4.727384820580482483e-02 6.714230030775070190e-02
2.970000000000000000e+02 4.713851958513259888e-02 6.704016774892807007e-02
2.980000000000000000e+02 4.712631553411483765e-02 6.678831577301025391e-02
2.990000000000000000e+02 4.704759642481803894e-02 6.686949729919433594e-02
3.000000000000000000e+02 4.701793938875198364e-02 6.693277508020401001e-02
3.010000000000000000e+02 4.693571850657463074e-02 6.684838235378265381e-02
3.020000000000000000e+02 4.690286889672279358e-02 6.686004996299743652e-02
3.030000000000000000e+02 4.692413285374641418e-02 6.677810847759246826e-02
3.040000000000000000e+02 4.682308062911033630e-02 6.684255599975585938e-02
3.050000000000000000e+02 4.681486636400222778e-02 6.665297597646713257e-02
3.060000000000000000e+02 4.677749052643775940e-02 6.660126149654388428e-02
3.070000000000000000e+02 4.667298868298530579e-02 6.662351638078689575e-02
3.080000000000000000e+02 4.669763520359992981e-02 6.646887212991714478e-02
3.090000000000000000e+02 4.664364457130432129e-02 6.654912233352661133e-02
3.100000000000000000e+02 4.658311977982521057e-02 6.649278849363327026e-02
3.110000000000000000e+02 4.655278846621513367e-02 6.653504073619842529e-02
3.120000000000000000e+02 4.646963998675346375e-02 6.630650162696838379e-02
3.130000000000000000e+02 4.641041532158851624e-02 6.630286574363708496e-02
3.140000000000000000e+02 4.638068377971649170e-02 6.635271012783050537e-02
3.150000000000000000e+02 4.630125313997268677e-02 6.614013016223907471e-02
3.160000000000000000e+02 4.633044824004173279e-02 6.625352054834365845e-02
3.170000000000000000e+02 4.628175869584083557e-02 6.614076346158981323e-02
3.180000000000000000e+02 4.626022279262542725e-02 6.606852263212203979e-02
3.190000000000000000e+02 4.622309282422065735e-02 6.604478508234024048e-02
3.200000000000000000e+02 4.617707803845405579e-02 6.599654257297515869e-02
3.210000000000000000e+02 4.617263004183769226e-02 6.611625105142593384e-02
3.220000000000000000e+02 4.612787067890167236e-02 6.594044715166091919e-02
3.230000000000000000e+02 4.603812471032142639e-02 6.585286557674407959e-02
3.240000000000000000e+02 4.601072892546653748e-02 6.591734290122985840e-02
3.250000000000000000e+02 4.596420377492904663e-02 6.581576168537139893e-02
3.260000000000000000e+02 4.590539634227752686e-02 6.570195406675338745e-02
3.270000000000000000e+02 4.590086266398429871e-02 6.570722162723541260e-02
3.280000000000000000e+02 4.582808911800384521e-02 6.587754935026168823e-02
3.290000000000000000e+02 4.578539729118347168e-02 6.551951169967651367e-02
3.300000000000000000e+02 4.576412588357925415e-02 6.568016111850738525e-02
3.310000000000000000e+02 4.566916078329086304e-02 6.548956781625747681e-02
3.320000000000000000e+02 4.571957886219024658e-02 6.553173065185546875e-02
3.330000000000000000e+02 4.572598636150360107e-02 6.550397723913192749e-02
3.340000000000000000e+02 4.563344642519950867e-02 6.553437560796737671e-02
3.350000000000000000e+02 4.557196795940399170e-02 6.545025110244750977e-02
3.360000000000000000e+02 4.552423208951950073e-02 6.530041992664337158e-02
3.370000000000000000e+02 4.553062096238136292e-02 6.536385416984558105e-02
3.380000000000000000e+02 4.549351334571838379e-02 6.528261303901672363e-02
3.390000000000000000e+02 4.540478810667991638e-02 6.529486179351806641e-02
3.400000000000000000e+02 4.538657888770103455e-02 6.518564373254776001e-02
3.410000000000000000e+02 4.538412392139434814e-02 6.510818004608154297e-02
3.420000000000000000e+02 4.537837952375411987e-02 6.517716497182846069e-02
3.430000000000000000e+02 4.534154757857322693e-02 6.512038409709930420e-02
3.440000000000000000e+02 4.526138678193092346e-02 6.517132371664047241e-02
3.450000000000000000e+02 4.527992382645606995e-02 6.501324474811553955e-02
3.460000000000000000e+02 4.520955309271812439e-02 6.499788910150527954e-02
3.470000000000000000e+02 4.518559575080871582e-02 6.503290683031082153e-02
3.480000000000000000e+02 4.513335227966308594e-02 6.491774320602416992e-02
3.490000000000000000e+02 4.510200023651123047e-02 6.478030234575271606e-02
3.500000000000000000e+02 4.505628347396850586e-02 6.487069278955459595e-02
3.510000000000000000e+02 4.504921287298202515e-02 6.466057151556015015e-02
3.520000000000000000e+02 4.496493563055992126e-02 6.485041230916976929e-02
3.530000000000000000e+02 4.499221965670585632e-02 6.466607749462127686e-02
3.540000000000000000e+02 4.493644833564758301e-02 6.462313979864120483e-02
3.550000000000000000e+02 4.491833969950675964e-02 6.466598063707351685e-02
3.560000000000000000e+02 4.484483599662780762e-02 6.462901830673217773e-02
3.570000000000000000e+02 4.488002881407737732e-02 6.464880704879760742e-02
3.580000000000000000e+02 4.481427371501922607e-02 6.459656357765197754e-02
3.590000000000000000e+02 4.476789385080337524e-02 6.458533555269241333e-02
3.600000000000000000e+02 4.476905241608619690e-02 6.445620954036712646e-02
3.610000000000000000e+02 4.469361156225204468e-02 6.445475667715072632e-02
3.620000000000000000e+02 4.463496431708335876e-02 6.446616351604461670e-02
3.630000000000000000e+02 4.462800547480583191e-02 6.438009440898895264e-02
3.640000000000000000e+02 4.462442547082901001e-02 6.427812576293945312e-02
3.650000000000000000e+02 4.457937553524971008e-02 6.430924683809280396e-02
3.660000000000000000e+02 4.456128180027008057e-02 6.431353092193603516e-02
3.670000000000000000e+02 4.455732554197311401e-02 6.416372954845428467e-02
3.680000000000000000e+02 4.451285302639007568e-02 6.409949809312820435e-02
3.690000000000000000e+02 4.448258504271507263e-02 6.402740627527236938e-02
3.700000000000000000e+02 4.444030672311782837e-02 6.400382518768310547e-02
3.710000000000000000e+02 4.438212141394615173e-02 6.404858827590942383e-02
3.720000000000000000e+02 4.438071697950363159e-02 6.401748210191726685e-02
3.730000000000000000e+02 4.432218894362449646e-02 6.396619230508804321e-02
3.740000000000000000e+02 4.431249946355819702e-02 6.405569612979888916e-02
3.750000000000000000e+02 4.425526782870292664e-02 6.393042951822280884e-02
3.760000000000000000e+02 4.424900189042091370e-02 6.375724822282791138e-02
3.770000000000000000e+02 4.421388730406761169e-02 6.391751766204833984e-02
3.780000000000000000e+02 4.419502988457679749e-02 6.372102349996566772e-02
3.790000000000000000e+02 4.420740902423858643e-02 6.384145468473434448e-02
3.800000000000000000e+02 4.410773888230323792e-02 6.375066936016082764e-02
3.810000000000000000e+02 4.415236413478851318e-02 6.366292387247085571e-02
3.820000000000000000e+02 4.403819516301155090e-02 6.365467607975006104e-02
3.830000000000000000e+02 4.406187683343887329e-02 6.361552327871322632e-02
3.840000000000000000e+02 4.401254653930664062e-02 6.361619383096694946e-02
3.850000000000000000e+02 4.395539686083793640e-02 6.358716636896133423e-02
3.860000000000000000e+02 4.398724809288978577e-02 6.352601200342178345e-02
3.870000000000000000e+02 4.395147413015365601e-02 6.355869770050048828e-02
3.880000000000000000e+02 4.391492530703544617e-02 6.339616328477859497e-02
3.890000000000000000e+02 4.389937594532966614e-02 6.336288154125213623e-02
3.900000000000000000e+02 4.386443644762039185e-02 6.335616856813430786e-02
3.910000000000000000e+02 4.382849112153053284e-02 6.336331367492675781e-02
3.920000000000000000e+02 4.380685091018676758e-02 6.329213082790374756e-02
3.930000000000000000e+02 4.373829066753387451e-02 6.346125900745391846e-02
3.940000000000000000e+02 4.374758899211883545e-02 6.328046321868896484e-02
3.950000000000000000e+02 4.370674863457679749e-02 6.303682923316955566e-02
3.960000000000000000e+02 4.364928230643272400e-02 6.322061270475387573e-02
3.970000000000000000e+02 4.366500303149223328e-02 6.307894736528396606e-02
3.980000000000000000e+02 4.358131438493728638e-02 6.301292032003402710e-02
3.990000000000000000e+02 4.359143972396850586e-02 6.306642293930053711e-02
4.000000000000000000e+02 4.354979470372200012e-02 6.305055320262908936e-02
4.010000000000000000e+02 4.351451620459556580e-02 6.294189393520355225e-02
4.020000000000000000e+02 4.351080209016799927e-02 6.297916173934936523e-02
4.030000000000000000e+02 4.349477589130401611e-02 6.292586028575897217e-02
4.040000000000000000e+02 4.348047077655792236e-02 6.297385692596435547e-02
4.050000000000000000e+02 4.348398372530937195e-02 6.293293833732604980e-02
4.060000000000000000e+02 4.339801892638206482e-02 6.294641643762588501e-02
4.070000000000000000e+02 4.337853938341140747e-02 6.272159516811370850e-02
4.080000000000000000e+02 4.335152357816696167e-02 6.274890154600143433e-02
4.090000000000000000e+02 4.333171993494033813e-02 6.285312026739120483e-02
4.100000000000000000e+02 4.329601675271987915e-02 6.272962689399719238e-02
4.110000000000000000e+02 4.331148043274879456e-02 6.264320015907287598e-02
4.120000000000000000e+02 4.328329861164093018e-02 6.270443648099899292e-02
4.130000000000000000e+02 4.322867467999458313e-02 6.255551427602767944e-02
4.140000000000000000e+02 4.323362186551094055e-02 6.258643418550491333e-02
4.150000000000000000e+02 4.321426898241043091e-02 6.256912648677825928e-02
4.160000000000000000e+02 4.320592433214187622e-02 6.252062320709228516e-02
4.170000000000000000e+02 4.311108216643333435e-02 6.245080381631851196e-02
4.180000000000000000e+02 4.310457408428192139e-02 6.249427422881126404e-02
4.190000000000000000e+02 4.310835152864456177e-02 6.252243369817733765e-02
4.200000000000000000e+02 4.308009147644042969e-02 6.235908716917037964e-02
4.210000000000000000e+02 4.304767772555351257e-02 6.233868002891540527e-02
4.220000000000000000e+02 4.299164190888404846e-02 6.243323162198066711e-02
4.230000000000000000e+02 4.298139736056327820e-02 6.229476258158683777e-02
4.240000000000000000e+02 4.296386614441871643e-02 6.225379183888435364e-02
4.250000000000000000e+02 4.291673377156257629e-02 6.239217519760131836e-02
4.260000000000000000e+02 4.293622821569442749e-02 6.221143901348114014e-02
4.270000000000000000e+02 4.292447492480278015e-02 6.222906336188316345e-02
4.280000000000000000e+02 4.289083927869796753e-02 6.223214790225028992e-02
4.290000000000000000e+02 4.289112612605094910e-02 6.209513545036315918e-02
4.300000000000000000e+02 4.281586408615112305e-02 6.209450587630271912e-02
4.310000000000000000e+02 4.284026473760604858e-02 6.200242415070533752e-02
4.320000000000000000e+02 4.281096532940864563e-02 6.209039688110351562e-02
4.330000000000000000e+02 4.274144023656845093e-02 6.220320239663124084e-02
4.340000000000000000e+02 4.274817556142807007e-02 6.211221590638160706e-02
4.350000000000000000e+02 4.273297265172004700e-02 6.203752756118774414e-02
4.360000000000000000e+02 4.274366050958633423e-02 6.190364435315132141e-02
4.370000000000000000e+02 4.270118102431297302e-02 6.198604032397270203e-02
4.380000000000000000e+02 4.266227036714553833e-02 6.179350614547729492e-02
4.390000000000000000e+02 4.264520853757858276e-02 6.189728528261184692e-02
4.400000000000000000e+02 4.266336560249328613e-02 6.190767884254455566e-02
4.410000000000000000e+02 4.261322692036628723e-02 6.178800389170646667e-02
4.420000000000000000e+02 4.253081232309341431e-02 6.178973615169525146e-02
4.430000000000000000e+02 4.257395491003990173e-02 6.187276542186737061e-02
4.440000000000000000e+02 4.260462522506713867e-02 6.176595762372016907e-02
4.450000000000000000e+02 4.249955713748931885e-02 6.159891188144683838e-02
4.460000000000000000e+02 4.250235855579376221e-02 6.168515235185623169e-02
4.470000000000000000e+02 4.250755906105041504e-02 6.166385486721992493e-02
4.480000000000000000e+02 4.243817552924156189e-02 6.144544109702110291e-02
4.490000000000000000e+02 4.244210943579673767e-02 6.164839863777160645e-02
4.500000000000000000e+02 4.240467771887779236e-02 6.155079603195190430e-02
4.510000000000000000e+02 4.234620183706283569e-02 6.155349686741828918e-02
4.520000000000000000e+02 4.236622899770736694e-02 6.153302267193794250e-02
4.530000000000000000e+02 4.240698739886283875e-02 6.141776219010353088e-02
4.540000000000000000e+02 4.232751578092575073e-02 6.151612848043441772e-02
4.550000000000000000e+02 4.232987388968467712e-02 6.142758205533027649e-02
4.560000000000000000e+02 4.227930679917335510e-02 6.145729869604110718e-02
4.570000000000000000e+02 4.221909865736961365e-02 6.140448898077011108e-02
4.580000000000000000e+02 4.228806868195533752e-02 6.138177961111068726e-02
4.590000000000000000e+02 4.219043627381324768e-02 6.142106652259826660e-02
4.600000000000000000e+02 4.220333695411682129e-02 6.128041818737983704e-02
4.610000000000000000e+02 4.220065847039222717e-02 6.124931946396827698e-02
4.620000000000000000e+02 4.217765852808952332e-02 6.130965426564216614e-02
4.630000000000000000e+02 4.218691214919090271e-02 6.125289574265480042e-02
4.640000000000000000e+02 4.213733226060867310e-02 6.130309030413627625e-02
4.650000000000000000e+02 4.216134548187255859e-02 6.106830388307571411e-02
4.660000000000000000e+02 4.212119802832603455e-02 6.120599806308746338e-02
4.670000000000000000e+02 4.207998141646385193e-02 6.115720048546791077e-02
4.680000000000000000e+02 4.203254356980323792e-02 6.113254651427268982e-02
4.690000000000000000e+02 4.204260930418968201e-02 6.118285283446311951e-02
4.700000000000000000e+02 4.202262312173843384e-02 6.112768128514289856e-02
4.710000000000000000e+02 4.203084856271743774e-02 6.108555570244789124e-02
4.720000000000000000e+02 4.200622066855430603e-02 6.103625893592834473e-02
4.730000000000000000e+02 4.201159253716468811e-02 6.106964126229286194e-02
4.740000000000000000e+02 4.195174202322959900e-02 6.096540018916130066e-02
4.750000000000000000e+02 4.198799282312393188e-02 6.111595407128334045e-02
4.760000000000000000e+02 4.192042723298072815e-02 6.100450083613395691e-02
4.770000000000000000e+02 4.191977158188819885e-02 6.086190044879913330e-02
4.780000000000000000e+02 4.185293987393379211e-02 6.100720167160034180e-02
4.790000000000000000e+02 4.188894852995872498e-02 6.082056090235710144e-02
4.800000000000000000e+02 4.186272993683815002e-02 6.098252534866333008e-02
4.810000000000000000e+02 4.187861457467079163e-02 6.088990718126296997e-02
4.820000000000000000e+02 4.184282571077346802e-02 6.089584901928901672e-02
4.830000000000000000e+02 4.182377830147743225e-02 6.077793985605239868e-02
4.840000000000000000e+02 4.176158457994461060e-02 6.095035374164581299e-02
4.850000000000000000e+02 4.178691282868385315e-02 6.074332073330879211e-02
4.860000000000000000e+02 4.174969345331192017e-02 6.062858551740646362e-02
4.870000000000000000e+02 4.172927141189575195e-02 6.084168329834938049e-02
4.880000000000000000e+02 4.172491654753684998e-02 6.067701056599617004e-02
4.890000000000000000e+02 4.169597104191780090e-02 6.071578711271286011e-02
4.900000000000000000e+02 4.165862873196601868e-02 6.082402914762496948e-02
4.910000000000000000e+02 4.167860373854637146e-02 6.053531542420387268e-02
4.920000000000000000e+02 4.164265096187591553e-02 6.065379828214645386e-02
4.930000000000000000e+02 4.164529591798782349e-02 6.081158667802810669e-02
4.940000000000000000e+02 4.160836338996887207e-02 6.066848337650299072e-02
4.950000000000000000e+02 4.165036231279373169e-02 6.071159988641738892e-02
4.960000000000000000e+02 4.155842959880828857e-02 6.071535125374794006e-02
4.970000000000000000e+02 4.156204313039779663e-02 6.050605699419975281e-02
4.980000000000000000e+02 4.158075153827667236e-02 6.054620072245597839e-02
4.990000000000000000e+02 4.157618805766105652e-02 6.043403223156929016e-02
5.000000000000000000e+02 4.150319099426269531e-02 6.060563400387763977e-02
5.010000000000000000e+02 4.153006896376609802e-02 6.041018292307853699e-02
5.020000000000000000e+02 4.150367155671119690e-02 6.042199954390525818e-02
5.030000000000000000e+02 4.140355810523033142e-02 6.055944412946701050e-02
5.040000000000000000e+02 4.146973788738250732e-02 6.057624146342277527e-02
5.050000000000000000e+02 4.142618924379348755e-02 6.042432039976119995e-02
5.060000000000000000e+02 4.143128544092178345e-02 6.055420264601707458e-02
5.070000000000000000e+02 4.142951220273971558e-02 6.040430441498756409e-02
5.080000000000000000e+02 4.140574857592582703e-02 6.030324846506118774e-02
5.090000000000000000e+02 4.137091338634490967e-02 6.028422713279724121e-02
5.100000000000000000e+02 4.134756326675415039e-02 6.050637736916542053e-02
5.110000000000000000e+02 4.133310541510581970e-02 6.020420417189598083e-02
5.120000000000000000e+02 4.129988327622413635e-02 6.036472693085670471e-02
5.130000000000000000e+02 4.135874286293983459e-02 6.028414145112037659e-02
5.140000000000000000e+02 4.127904027700424194e-02 6.022890284657478333e-02
5.150000000000000000e+02 4.129222407937049866e-02 6.028247252106666565e-02
5.160000000000000000e+02 4.128558188676834106e-02 6.017997115850448608e-02
5.170000000000000000e+02 4.126440733671188354e-02 6.027727574110031128e-02
5.180000000000000000e+02 4.119091480970382690e-02 6.015637144446372986e-02
5.190000000000000000e+02 4.123779758810997009e-02 6.023447960615158081e-02
5.200000000000000000e+02 4.119580239057540894e-02 6.020309776067733765e-02
5.210000000000000000e+02 4.120105504989624023e-02 6.025503948330879211e-02
5.220000000000000000e+02 4.120585694909095764e-02 6.010577827692031860e-02
5.230000000000000000e+02 4.117047414183616638e-02 6.004911661148071289e-02
5.240000000000000000e+02 4.119211062788963318e-02 6.021785363554954529e-02
5.250000000000000000e+02 4.118264839053153992e-02 6.004687771201133728e-02
5.260000000000000000e+02 4.116607457399368286e-02 6.029225513339042664e-02
5.270000000000000000e+02 4.116308689117431641e-02 6.002619490027427673e-02
5.280000000000000000e+02 4.113404452800750732e-02 6.009477376937866211e-02
5.290000000000000000e+02 4.112491384148597717e-02 6.001511588692665100e-02
5.300000000000000000e+02 4.108165577054023743e-02 6.005312502384185791e-02
5.310000000000000000e+02 4.108891636133193970e-02 6.011013686656951904e-02
5.320000000000000000e+02 4.108100384473800659e-02 6.003251671791076660e-02
5.330000000000000000e+02 4.104407504200935364e-02 5.998403206467628479e-02
5.340000000000000000e+02 4.105672612786293030e-02 5.993699282407760620e-02
5.350000000000000000e+02 4.097222909331321716e-02 5.987064540386199951e-02
5.360000000000000000e+02 4.097914323210716248e-02 5.991897359490394592e-02
5.370000000000000000e+02 4.095439612865447998e-02 5.984346568584442139e-02
5.380000000000000000e+02 4.099775478243827820e-02 5.981425940990447998e-02
5.390000000000000000e+02 4.096066951751708984e-02 5.981783568859100342e-02
5.400000000000000000e+02 4.093888029456138611e-02 5.980353802442550659e-02
5.410000000000000000e+02 4.091730341315269470e-02 5.987279862165451050e-02
5.420000000000000000e+02 4.093205183744430542e-02 5.987012386322021484e-02
5.430000000000000000e+02 4.090351238846778870e-02 5.983717739582061768e-02
5.440000000000000000e+02 4.090689122676849365e-02 5.969084799289703369e-02
5.450000000000000000e+02 4.088817164301872253e-02 5.983947962522506714e-02
5.460000000000000000e+02 4.088013246655464172e-02 5.973522365093231201e-02
5.470000000000000000e+02 4.085657745599746704e-02 5.960216373205184937e-02
5.480000000000000000e+02 4.083694890141487122e-02 5.977556109428405762e-02
5.490000000000000000e+02 4.086848720908164978e-02 5.973549187183380127e-02
5.500000000000000000e+02 4.079645499587059021e-02 5.965850129723548889e-02
5.510000000000000000e+02 4.084175452589988708e-02 5.968564748764038086e-02
5.520000000000000000e+02 4.080814495682716370e-02 5.964225158095359802e-02
5.530000000000000000e+02 4.077727347612380981e-02 5.967596918344497681e-02
5.540000000000000000e+02 4.078081250190734863e-02 5.976863577961921692e-02
5.550000000000000000e+02 4.077617451548576355e-02 5.969284102320671082e-02
5.560000000000000000e+02 4.073568806052207947e-02 5.964986234903335571e-02
