0.000000000000000000e+00 1.115304604172706604e-01 1.304672211408615112e-01
1.000000000000000000e+00 1.112981438636779785e-01 1.303322315216064453e-01
2.000000000000000000e+00 1.110618785023689270e-01 1.301652044057846069e-01
3.000000000000000000e+00 1.108405068516731262e-01 1.300141215324401855e-01
4.000000000000000000e+00 1.106263920664787292e-01 1.298889070749282837e-01
5.000000000000000000e+00 1.104077398777008057e-01 1.297232359647750854e-01
6.000000000000000000e+00 1.101781949400901794e-01 1.295631676912307739e-01
7.000000000000000000e+00 1.099864244461059570e-01 1.294637173414230347e-01
8.000000000000000000e+00 1.097553446888923645e-01 1.292907595634460449e-01
9.000000000000000000e+00 1.095518842339515686e-01 1.291735917329788208e-01
1.000000000000000000e+01 1.093564480543136597e-01 1.290013939142227173e-01
1.100000000000000000e+01 1.091318577527999878e-01 1.288610994815826416e-01
1.200000000000000000e+01 1.089292988181114197e-01 1.287162303924560547e-01
1.300000000000000000e+01 1.087344363331794739e-01 1.286144256591796875e-01
1.400000000000000000e+01 1.085308417677879333e-01 1.284627020359039307e-01
1.500000000000000000e+01 1.083309650421142578e-01 1.283159703016281128e-01
1.600000000000000000e+01 1.081307381391525269e-01 1.281583458185195923e-01
1.700000000000000000e+01 1.079292222857475281e-01 1.280536502599716187e-01
1.800000000000000000e+01 1.077495440840721130e-01 1.279390603303909302e-01
1.900000000000000000e+01 1.075597405433654785e-01 1.278170943260192871e-01
2.000000000000000000e+01 1.073682606220245361e-01 1.276762038469314575e-01
2.100000000000000000e+01 1.071949228644371033e-01 1.275408118963241577e-01
2.200000000000000000e+01 1.070003509521484375e-01 1.274217963218688965e-01
2.300000000000000000e+01 1.068191826343536377e-01 1.272869259119033813e-01
2.400000000000000000e+01 1.066414415836334229e-01 1.271510869264602661e-01
2.500000000000000000e+01 1.064646542072296143e-01 1.270149946212768555e-01
2.600000000000000000e+01 1.062904670834541321e-01 1.269488930702209473e-01
2.700000000000000000e+01 1.061137840151786804e-01 1.267951726913452148e-01
2.800000000000000000e+01 1.059482768177986145e-01 1.266961246728897095e-01
2.900000000000000000e+01 1.057647615671157837e-01 1.265464425086975098e-01
3.000000000000000000e+01 1.055970564484596252e-01 1.264450848102569580e-01
3.100000000000000000e+01 1.054376289248466492e-01 1.263413280248641968e-01
3.200000000000000000e+01 1.052594855427742004e-01 1.262189894914627075e-01
3.300000000000000000e+01 1.050837486982345581e-01 1.260941922664642334e-01
3.400000000000000000e+01 1.049375534057617188e-01 1.259772628545761108e-01
3.500000000000000000e+01 1.047741398215293884e-01 1.258722990751266479e-01
3.600000000000000000e+01 1.046141460537910461e-01 1.257795393466949463e-01
3.700000000000000000e+01 1.044491305947303772e-01 1.256550252437591553e-01
3.800000000000000000e+01 1.042864173650741577e-01 1.255390048027038574e-01
3.900000000000000000e+01 1.041338294744491577e-01 1.254105865955352783e-01
4.000000000000000000e+01 1.039675623178482056e-01 1.253004521131515503e-01
4.100000000000000000e+01 1.038206815719604492e-01 1.252388805150985718e-01
4.200000000000000000e+01 1.036745905876159668e-01 1.251150667667388916e-01
4.300000000000000000e+01 1.035112962126731873e-01 1.250028461217880249e-01
4.400000000000000000e+01 1.033575683832168579e-01 1.248725056648254395e-01
4.500000000000000000e+01 1.032015755772590637e-01 1.247747763991355896e-01
4.600000000000000000e+01 1.030558496713638306e-01 1.246988475322723389e-01
4.700000000000000000e+01 1.028952971100807190e-01 1.245770454406738281e-01
4.800000000000000000e+01 1.027548238635063171e-01 1.244584545493125916e-01
4.900000000000000000e+01 1.026047840714454651e-01 1.243458390235900879e-01
5.000000000000000000e+01 1.024488881230354309e-01 1.242380216717720032e-01
5.100000000000000000e+01 1.022984981536865234e-01 1.241341307759284973e-01
5.200000000000000000e+01 1.021602377295494080e-01 1.240328252315521240e-01
5.300000000000000000e+01 1.020066291093826294e-01 1.239578276872634888e-01
5.400000000000000000e+01 1.018550693988800049e-01 1.238101199269294739e-01
5.500000000000000000e+01 1.017137020826339722e-01 1.237312704324722290e-01
5.600000000000000000e+01 1.015654280781745911e-01 1.236226484179496765e-01
5.700000000000000000e+01 1.014091297984123230e-01 1.235173791646957397e-01
5.800000000000000000e+01 1.012641489505767822e-01 1.234141960740089417e-01
5.900000000000000000e+01 1.011132225394248962e-01 1.233142763376235962e-01
6.000000000000000000e+01 1.009711101651191711e-01 1.232054084539413452e-01
6.100000000000000000e+01 1.008226945996284485e-01 1.231190711259841919e-01
6.200000000000000000e+01 1.006820499897003174e-01 1.230182647705078125e-01
6.300000000000000000e+01 1.005295142531394958e-01 1.228843033313751221e-01
6.400000000000000000e+01 1.003769338130950928e-01 1.227879226207733154e-01
6.500000000000000000e+01 1.002317667007446289e-01 1.226936653256416321e-01
6.600000000000000000e+01 1.000924929976463318e-01 1.226014941930770874e-01
6.700000000000000000e+01 9.994015842676162720e-02 1.224501356482505798e-01
6.800000000000000000e+01 9.979443997144699097e-02 1.223657429218292236e-01
6.900000000000000000e+01 9.964005649089813232e-02 1.222669631242752075e-01
7.000000000000000000e+01 9.950071573257446289e-02 1.221514940261840820e-01
7.100000000000000000e+01 9.934329241514205933e-02 1.220285370945930481e-01
7.200000000000000000e+01 9.919646382331848145e-02 1.219284757971763611e-01
7.300000000000000000e+01 9.904816746711730957e-02 1.218317672610282898e-01
7.400000000000000000e+01 9.889888763427734375e-02 1.217194944620132446e-01
7.500000000000000000e+01 9.874169528484344482e-02 1.216144114732742310e-01
7.600000000000000000e+01 9.859845042228698730e-02 1.214922443032264709e-01
7.700000000000000000e+01 9.844455868005752563e-02 1.213983222842216492e-01
7.800000000000000000e+01 9.827928990125656128e-02 1.212666183710098267e-01
7.900000000000000000e+01 9.813955426216125488e-02 1.211390271782875061e-01
8.000000000000000000e+01 9.798694401979446411e-02 1.210469752550125122e-01
8.100000000000000000e+01 9.783703088760375977e-02 1.209578663110733032e-01
8.200000000000000000e+01 9.766385704278945923e-02 1.208166703581809998e-01
8.300000000000000000e+01 9.751992672681808472e-02 1.207013577222824097e-01
8.400000000000000000e+01 9.735529124736785889e-02 1.205791756510734558e-01
8.500000000000000000e+01 9.720170497894287109e-02 1.204878762364387512e-01
8.600000000000000000e+01 9.705353528261184692e-02 1.203768625855445862e-01
8.700000000000000000e+01 9.688414633274078369e-02 1.202042549848556519e-01
8.800000000000000000e+01 9.673032909631729126e-02 1.200909316539764404e-01
8.900000000000000000e+01 9.656021744012832642e-02 1.199708431959152222e-01
9.000000000000000000e+01 9.641201794147491455e-02 1.198278665542602539e-01
9.100000000000000000e+01 9.625466167926788330e-02 1.197108253836631775e-01
9.200000000000000000e+01 9.608680009841918945e-02 1.196114122867584229e-01
9.300000000000000000e+01 9.591887146234512329e-02 1.194444149732589722e-01
9.400000000000000000e+01 9.576919674873352051e-02 1.193328797817230225e-01
9.500000000000000000e+01 9.558668732643127441e-02 1.191968098282814026e-01
9.600000000000000000e+01 9.542625397443771362e-02 1.190784797072410583e-01
9.700000000000000000e+01 9.525810182094573975e-02 1.189203932881355286e-01
9.800000000000000000e+01 9.509268403053283691e-02 1.187957972288131714e-01
9.900000000000000000e+01 9.490777552127838135e-02 1.186355426907539368e-01
1.000000000000000000e+02 9.474763274192810059e-02 1.185181960463523865e-01
1.010000000000000000e+02 9.458063542842864990e-02 1.183801442384719849e-01
1.020000000000000000e+02 9.440915286540985107e-02 1.182294338941574097e-01
1.030000000000000000e+02 9.423517435789108276e-02 1.181012541055679321e-01
1.040000000000000000e+02 9.405490756034851074e-02 1.179174855351448059e-01
1.050000000000000000e+02 9.388782083988189697e-02 1.178114563226699829e-01
1.060000000000000000e+02 9.369266778230667114e-02 1.176225394010543823e-01
1.070000000000000000e+02 9.353208541870117188e-02 1.174749881029129028e-01
1.080000000000000000e+02 9.335034340620040894e-02 1.173174083232879639e-01
1.090000000000000000e+02 9.316729754209518433e-02 1.171835809946060181e-01
1.100000000000000000e+02 9.298085421323776245e-02 1.170759201049804688e-01
1.110000000000000000e+02 9.279575943946838379e-02 1.168989390134811401e-01
1.120000000000000000e+02 9.261466562747955322e-02 1.167756766080856323e-01
1.130000000000000000e+02 9.242539852857589722e-02 1.166301369667053223e-01
1.140000000000000000e+02 9.224629402160644531e-02 1.164558082818984985e-01
1.150000000000000000e+02 9.206317365169525146e-02 1.162620931863784790e-01
1.160000000000000000e+02 9.185847640037536621e-02 1.160669028759002686e-01
1.170000000000000000e+02 9.167914092540740967e-02 1.159704849123954773e-01
1.180000000000000000e+02 9.148494154214859009e-02 1.158287078142166138e-01
1.190000000000000000e+02 9.128773957490921021e-02 1.156349107623100281e-01
1.200000000000000000e+02 9.110242128372192383e-02 1.154818832874298096e-01
1.210000000000000000e+02 9.090841561555862427e-02 1.153239905834197998e-01
1.220000000000000000e+02 9.071668237447738647e-02 1.151622682809829712e-01
1.230000000000000000e+02 9.051829576492309570e-02 1.150035038590431213e-01
1.240000000000000000e+02 9.030895680189132690e-02 1.148557364940643311e-01
1.250000000000000000e+02 9.011071920394897461e-02 1.146617382764816284e-01
1.260000000000000000e+02 8.993813395500183105e-02 1.145235747098922729e-01
1.270000000000000000e+02 8.972952514886856079e-02 1.142903268337249756e-01
1.280000000000000000e+02 8.952283114194869995e-02 1.141631081700325012e-01
1.290000000000000000e+02 8.932478725910186768e-02 1.140162199735641479e-01
1.300000000000000000e+02 8.911238610744476318e-02 1.138481870293617249e-01
1.310000000000000000e+02 8.891281485557556152e-02 1.136596277356147766e-01
1.320000000000000000e+02 8.873157203197479248e-02 1.134996935725212097e-01
1.330000000000000000e+02 8.854347467422485352e-02 1.132963150739669800e-01
1.340000000000000000e+02 8.829990774393081665e-02 1.131764203310012817e-01
1.350000000000000000e+02 8.812334388494491577e-02 1.129824966192245483e-01
1.360000000000000000e+02 8.792891353368759155e-02 1.128066629171371460e-01
1.370000000000000000e+02 8.774103969335556030e-02 1.126424446702003479e-01
1.380000000000000000e+02 8.752853423357009888e-02 1.124573871493339539e-01
1.390000000000000000e+02 8.732198178768157959e-02 1.123474836349487305e-01
1.400000000000000000e+02 8.712303638458251953e-02 1.121363788843154907e-01
1.410000000000000000e+02 8.692142367362976074e-02 1.119288429617881775e-01
1.420000000000000000e+02 8.671624213457107544e-02 1.117710694670677185e-01
1.430000000000000000e+02 8.651296794414520264e-02 1.115792393684387207e-01
1.440000000000000000e+02 8.635518699884414673e-02 1.114718839526176453e-01
1.450000000000000000e+02 8.612973242998123169e-02 1.112378835678100586e-01
1.460000000000000000e+02 8.592405915260314941e-02 1.111126244068145752e-01
1.470000000000000000e+02 8.571795374155044556e-02 1.108599528670310974e-01
1.480000000000000000e+02 8.552310615777969360e-02 1.106792539358139038e-01
1.490000000000000000e+02 8.533243834972381592e-02 1.104845330119132996e-01
1.500000000000000000e+02 8.514339476823806763e-02 1.103383824229240417e-01
1.510000000000000000e+02 8.495166152715682983e-02 1.101504340767860413e-01
1.520000000000000000e+02 8.475827425718307495e-02 1.099865064024925232e-01
1.530000000000000000e+02 8.454941958189010620e-02 1.098604425787925720e-01
1.540000000000000000e+02 8.437098562717437744e-02 1.096150502562522888e-01
1.550000000000000000e+02 8.416999131441116333e-02 1.094244495034217834e-01
1.560000000000000000e+02 8.398265391588211060e-02 1.093572527170181274e-01
1.570000000000000000e+02 8.378818631172180176e-02 1.090724393725395203e-01
1.580000000000000000e+02 8.362396061420440674e-02 1.089572682976722717e-01
1.590000000000000000e+02 8.343195170164108276e-02 1.087730452418327332e-01
1.600000000000000000e+02 8.322704583406448364e-02 1.084849163889884949e-01
1.610000000000000000e+02 8.303515613079071045e-02 1.083478257060050964e-01
1.620000000000000000e+02 8.286887407302856445e-02 1.082016378641128540e-01
1.630000000000000000e+02 8.266907185316085815e-02 1.080340519547462463e-01
1.640000000000000000e+02 8.247771114110946655e-02 1.078092977404594421e-01
1.650000000000000000e+02 8.231275528669357300e-02 1.076868101954460144e-01
1.660000000000000000e+02 8.213765174150466919e-02 1.075255647301673889e-01
1.670000000000000000e+02 8.195114135742187500e-02 1.072864830493927002e-01
1.680000000000000000e+02 8.178409188985824585e-02 1.070763021707534790e-01
1.690000000000000000e+02 8.157776296138763428e-02 1.069390103220939636e-01
1.700000000000000000e+02 8.142577111721038818e-02 1.068181172013282776e-01
1.710000000000000000e+02 8.124233037233352661e-02 1.065406426787376404e-01
1.720000000000000000e+02 8.105536550283432007e-02 1.063896641135215759e-01
1.730000000000000000e+02 8.090538531541824341e-02 1.062304154038429260e-01
1.740000000000000000e+02 8.070144802331924438e-02 1.060821563005447388e-01
1.750000000000000000e+02 8.055076748132705688e-02 1.059367880225181580e-01
1.760000000000000000e+02 8.038511872291564941e-02 1.058090925216674805e-01
1.770000000000000000e+02 8.021438121795654297e-02 1.055774688720703125e-01
1.780000000000000000e+02 8.003406971693038940e-02 1.053595915436744690e-01
1.790000000000000000e+02 7.988756150007247925e-02 1.052215546369552612e-01
1.800000000000000000e+02 7.971967756748199463e-02 1.050138771533966064e-01
1.810000000000000000e+02 7.955238968133926392e-02 1.048984080553054810e-01
1.820000000000000000e+02 7.938497513532638550e-02 1.047562062740325928e-01
1.830000000000000000e+02 7.921388000249862671e-02 1.045340672135353088e-01
1.840000000000000000e+02 7.901810109615325928e-02 1.044247522950172424e-01
1.850000000000000000e+02 7.888396084308624268e-02 1.042158380150794983e-01
1.860000000000000000e+02 7.873090356588363647e-02 1.039842814207077026e-01
1.870000000000000000e+02 7.854013144969940186e-02 1.038979962468147278e-01
1.880000000000000000e+02 7.840245962142944336e-02 1.037052795290946960e-01
1.890000000000000000e+02 7.823241502046585083e-02 1.035277992486953735e-01
1.900000000000000000e+02 7.809980213642120361e-02 1.033749505877494812e-01
1.910000000000000000e+02 7.788609713315963745e-02 1.032234653830528259e-01
1.920000000000000000e+02 7.775205373764038086e-02 1.030172556638717651e-01
1.930000000000000000e+02 7.760876417160034180e-02 1.029435619711875916e-01
1.940000000000000000e+02 7.743029296398162842e-02 1.028184741735458374e-01
1.950000000000000000e+02 7.726289331912994385e-02 1.025015413761138916e-01
1.960000000000000000e+02 7.712987810373306274e-02 1.024494469165802002e-01
1.970000000000000000e+02 7.699442654848098755e-02 1.023232489824295044e-01
1.980000000000000000e+02 7.682543992996215820e-02 1.021327003836631775e-01
1.990000000000000000e+02 7.668061554431915283e-02 1.019504144787788391e-01
2.000000000000000000e+02 7.651691883802413940e-02 1.016950905323028564e-01
2.010000000000000000e+02 7.637380808591842651e-02 1.015571802854537964e-01
2.020000000000000000e+02 7.621222734451293945e-02 1.014592796564102173e-01
2.030000000000000000e+02 7.607452571392059326e-02 1.013600826263427734e-01
2.040000000000000000e+02 7.591172307729721069e-02 1.011097654700279236e-01
2.050000000000000000e+02 7.575265318155288696e-02 1.010372117161750793e-01
2.060000000000000000e+02 7.561310380697250366e-02 1.008971035480499268e-01
2.070000000000000000e+02 7.543368637561798096e-02 1.007587090134620667e-01
2.080000000000000000e+02 7.531227916479110718e-02 1.005847826600074768e-01
2.090000000000000000e+02 7.516974955797195435e-02 1.003761216998100281e-01
2.100000000000000000e+02 7.501945644617080688e-02 1.002267897129058838e-01
2.110000000000000000e+02 7.486104220151901245e-02 1.001217961311340332e-01
2.120000000000000000e+02 7.471811026334762573e-02 9.997943788766860962e-02
2.130000000000000000e+02 7.460489869117736816e-02 9.987992793321609497e-02
2.140000000000000000e+02 7.445149868726730347e-02 9.979948401451110840e-02
2.150000000000000000e+02 7.427589595317840576e-02 9.955491125583648682e-02
2.160000000000000000e+02 7.417386025190353394e-02 9.939284622669219971e-02
2.170000000000000000e+02 7.401244342327117920e-02 9.926301240921020508e-02
2.180000000000000000e+02 7.388691604137420654e-02 9.909249842166900635e-02
2.190000000000000000e+02 7.374439388513565063e-02 9.903884679079055786e-02
2.200000000000000000e+02 7.364706695079803467e-02 9.892603754997253418e-02
2.210000000000000000e+02 7.350495457649230957e-02 9.866604954004287720e-02
2.220000000000000000e+02 7.335460186004638672e-02 9.856004267930984497e-02
2.230000000000000000e+02 7.322174310684204102e-02 9.848280996084213257e-02
2.240000000000000000e+02 7.309404760599136353e-02 9.825286269187927246e-02
2.250000000000000000e+02 7.293271273374557495e-02 9.826932102441787720e-02
2.260000000000000000e+02 7.281510531902313232e-02 9.805170446634292603e-02
2.270000000000000000e+02 7.268830388784408569e-02 9.799440950155258179e-02
2.280000000000000000e+02 7.258041948080062866e-02 9.787152707576751709e-02
2.290000000000000000e+02 7.244407385587692261e-02 9.765918552875518799e-02
2.300000000000000000e+02 7.228862494230270386e-02 9.745532274246215820e-02
2.310000000000000000e+02 7.219322770833969116e-02 9.737245738506317139e-02
2.320000000000000000e+02 7.208614051342010498e-02 9.734437614679336548e-02
2.330000000000000000e+02 7.194852083921432495e-02 9.726236015558242798e-02
2.340000000000000000e+02 7.186915725469589233e-02 9.703283756971359253e-02
2.350000000000000000e+02 7.174274325370788574e-02 9.681231528520584106e-02
2.360000000000000000e+02 7.160373032093048096e-02 9.685525298118591309e-02
2.370000000000000000e+02 7.149916887283325195e-02 9.665782004594802856e-02
2.380000000000000000e+02 7.139819860458374023e-02 9.658712148666381836e-02
2.390000000000000000e+02 7.125585526227951050e-02 9.642737358808517456e-02
2.400000000000000000e+02 7.117909938097000122e-02 9.642107784748077393e-02
2.410000000000000000e+02 7.106016576290130615e-02 9.628262370824813843e-02
2.420000000000000000e+02 7.093332707881927490e-02 9.611541777849197388e-02
2.430000000000000000e+02 7.085146754980087280e-02 9.604982286691665649e-02
2.440000000000000000e+02 7.072483003139495850e-02 9.590859711170196533e-02
2.450000000000000000e+02 7.060253620147705078e-02 9.591317921876907349e-02
2.460000000000000000e+02 7.051330804824829102e-02 9.572079032659530640e-02
2.470000000000000000e+02 7.043629884719848633e-02 9.556171298027038574e-02
2.480000000000000000e+02 7.030379772186279297e-02 9.542284160852432251e-02
2.490000000000000000e+02 7.022278755903244019e-02 9.541518241167068481e-02
2.500000000000000000e+02 7.013223320245742798e-02 9.513805061578750610e-02
2.510000000000000000e+02 7.004386186599731445e-02 9.514116495847702026e-02
2.520000000000000000e+02 6.995678693056106567e-02 9.489350020885467529e-02
2.530000000000000000e+02 6.987229734659194946e-02 9.484842419624328613e-02
2.540000000000000000e+02 6.977941095829010010e-02 9.499158710241317749e-02
2.550000000000000000e+02 6.968945264816284180e-02 9.477153420448303223e-02
2.560000000000000000e+02 6.960249692201614380e-02 9.461382776498794556e-02
2.570000000000000000e+02 6.952537596225738525e-02 9.470573812723159790e-02
2.580000000000000000e+02 6.943750381469726562e-02 9.451504796743392944e-02
2.590000000000000000e+02 6.932799518108367920e-02 9.440814703702926636e-02
2.600000000000000000e+02 6.926320493221282959e-02 9.428435564041137695e-02
2.610000000000000000e+02 6.916607171297073364e-02 9.418488293886184692e-02
2.620000000000000000e+02 6.908176839351654053e-02 9.416095167398452759e-02
2.630000000000000000e+02 6.899276375770568848e-02 9.412705153226852417e-02
2.640000000000000000e+02 6.891744583845138550e-02 9.389874339103698730e-02
2.650000000000000000e+02 6.885475665330886841e-02 9.369727224111557007e-02
2.660000000000000000e+02 6.875778734683990479e-02 9.366100281476974487e-02
2.670000000000000000e+02 6.870425492525100708e-02 9.360904246568679810e-02
2.680000000000000000e+02 6.861130893230438232e-02 9.361533075571060181e-02
2.690000000000000000e+02 6.854350864887237549e-02 9.359500557184219360e-02
2.700000000000000000e+02 6.848763674497604370e-02 9.345138818025588989e-02
2.710000000000000000e+02 6.840757280588150024e-02 9.325090795755386353e-02
2.720000000000000000e+02 6.834051758050918579e-02 9.322608262300491333e-02
2.730000000000000000e+02 6.825527548789978027e-02 9.322244673967361450e-02
2.740000000000000000e+02 6.816577166318893433e-02 9.317539632320404053e-02
2.750000000000000000e+02 6.810987740755081177e-02 9.309696406126022339e-02
2.760000000000000000e+02 6.803929060697555542e-02 9.297938644886016846e-02
2.770000000000000000e+02 6.798507273197174072e-02 9.290673583745956421e-02
2.780000000000000000e+02 6.788558512926101685e-02 9.276939928531646729e-02
2.790000000000000000e+02 6.784918904304504395e-02 9.276663511991500854e-02
2.800000000000000000e+02 6.777309626340866089e-02 9.262908250093460083e-02
2.810000000000000000e+02 6.772375851869583130e-02 9.256569296121597290e-02
2.820000000000000000e+02 6.766358762979507446e-02 9.251129627227783203e-02
2.830000000000000000e+02 6.761121004819869995e-02 9.252417832612991333e-02
2.840000000000000000e+02 6.755060702562332153e-02 9.237208962440490723e-02
2.850000000000000000e+02 6.746201217174530029e-02 9.234387427568435669e-02
2.860000000000000000e+02 6.746888905763626099e-02 9.223153442144393921e-02
2.870000000000000000e+02 6.733894348144531250e-02 9.215027838945388794e-02
2.880000000000000000e+02 6.730827689170837402e-02 9.200908243656158447e-02
2.890000000000000000e+02 6.719578802585601807e-02 9.196249395608901978e-02
2.900000000000000000e+02 6.719588488340377808e-02 9.201387315988540649e-02
2.910000000000000000e+02 6.710356473922729492e-02 9.174429625272750854e-02
2.920000000000000000e+02 6.711470335721969604e-02 9.175499528646469116e-02
2.930000000000000000e+02 6.701987236738204956e-02 9.176454693078994751e-02
2.940000000000000000e+02 6.691170483827590942e-02 9.169391542673110962e-02
2.950000000000000000e+02 6.692975759506225586e-02 9.155771881341934204e-02
2.960000000000000000e+02 6.685982644557952881e-02 9.162638336420059204e-02
2.970000000000000000e+02 6.680599600076675415e-02 9.152901917695999146e-02
2.980000000000000000e+02 6.671067327260971069e-02 9.147510677576065063e-02
2.990000000000000000e+02 6.668753921985626221e-02 9.147217124700546265e-02
3.000000000000000000e+02 6.664235144853591919e-02 9.130587428808212280e-02
3.010000000000000000e+02 6.660535186529159546e-02 9.140279889106750488e-02
3.020000000000000000e+02 6.650549918413162231e-02 9.124498814344406128e-02
3.030000000000000000e+02 6.648563593626022339e-02 9.133391827344894409e-02
3.040000000000000000e+02 6.646499037742614746e-02 9.106855839490890503e-02
3.050000000000000000e+02 6.639207154512405396e-02 9.116883575916290283e-02
3.060000000000000000e+02 6.634896993637084961e-02 9.102740138769149780e-02
3.070000000000000000e+02 6.633732467889785767e-02 9.104681760072708130e-02
3.080000000000000000e+02 6.625226885080337524e-02 9.087954461574554443e-02
3.090000000000000000e+02 6.617941707372665405e-02 9.081438183784484863e-02
3.100000000000000000e+02 6.616409868001937866e-02 9.087126702070236206e-02
3.110000000000000000e+02 6.613809615373611450e-02 9.078644961118698120e-02
3.120000000000000000e+02 6.610923260450363159e-02 9.074096381664276123e-02
3.130000000000000000e+02 6.602898985147476196e-02 9.074673801660537720e-02
3.140000000000000000e+02 6.598345935344696045e-02 9.056333452463150024e-02
3.150000000000000000e+02 6.596246361732482910e-02 9.052800387144088745e-02
3.160000000000000000e+02 6.590998917818069458e-02 9.058174490928649902e-02
3.170000000000000000e+02 6.583524495363235474e-02 9.057074040174484253e-02
3.180000000000000000e+02 6.583389639854431152e-02 9.056873619556427002e-02
3.190000000000000000e+02 6.579441577196121216e-02 9.047804772853851318e-02
3.200000000000000000e+02 6.571502983570098877e-02 9.051968157291412354e-02
3.210000000000000000e+02 6.567065417766571045e-02 9.010683000087738037e-02
3.220000000000000000e+02 6.559824198484420776e-02 9.017738699913024902e-02
3.230000000000000000e+02 6.562211364507675171e-02 9.020583331584930420e-02
3.240000000000000000e+02 6.557713449001312256e-02 9.008109569549560547e-02
3.250000000000000000e+02 6.553746759891510010e-02 9.005036205053329468e-02
3.260000000000000000e+02 6.547353416681289673e-02 9.003252536058425903e-02
3.270000000000000000e+02 6.545758992433547974e-02 9.002316743135452271e-02
3.280000000000000000e+02 6.543677300214767456e-02 8.999458700418472290e-02
3.290000000000000000e+02 6.536658853292465210e-02 8.994336426258087158e-02
3.300000000000000000e+02 6.533286720514297485e-02 8.982167392969131470e-02
3.310000000000000000e+02 6.530000269412994385e-02 8.975870907306671143e-02
3.320000000000000000e+02 6.524025648832321167e-02 8.974473923444747925e-02
3.330000000000000000e+02 6.521050631999969482e-02 8.964550495147705078e-02
3.340000000000000000e+02 6.516643613576889038e-02 8.971023559570312500e-02
3.350000000000000000e+02 6.514864414930343628e-02 8.954329043626785278e-02
3.360000000000000000e+02 6.514533609151840210e-02 8.947215974330902100e-02
3.370000000000000000e+02 6.505112349987030029e-02 8.953176438808441162e-02
3.380000000000000000e+02 6.501474231481552124e-02 8.959139883518218994e-02
3.390000000000000000e+02 6.498140841722488403e-02 8.938606828451156616e-02
3.400000000000000000e+02 6.494204699993133545e-02 8.949001878499984741e-02
3.410000000000000000e+02 6.496839970350265503e-02 8.920036256313323975e-02
3.420000000000000000e+02 6.488736718893051147e-02 8.924537152051925659e-02
3.430000000000000000e+02 6.485563516616821289e-02 8.918176591396331787e-02
3.440000000000000000e+02 6.479974836111068726e-02 8.906058222055435181e-02
3.450000000000000000e+02 6.476549804210662842e-02 8.915790170431137085e-02
3.460000000000000000e+02 6.474718451499938965e-02 8.918229490518569946e-02
3.470000000000000000e+02 6.467908620834350586e-02 8.893945068120956421e-02
3.480000000000000000e+02 6.465782225131988525e-02 8.903090655803680420e-02
3.490000000000000000e+02 6.460860371589660645e-02 8.903878927230834961e-02
3.500000000000000000e+02 6.462700664997100830e-02 8.868471533060073853e-02
3.510000000000000000e+02 6.456787139177322388e-02 8.891030400991439819e-02
3.520000000000000000e+02 6.452438235282897949e-02 8.886308223009109497e-02
3.530000000000000000e+02 6.452687829732894897e-02 8.876879513263702393e-02
3.540000000000000000e+02 6.449140608310699463e-02 8.874428272247314453e-02
3.550000000000000000e+02 6.440196186304092407e-02 8.864227682352066040e-02
3.560000000000000000e+02 6.438679993152618408e-02 8.861605077981948853e-02
3.570000000000000000e+02 6.433533132076263428e-02 8.860117942094802856e-02
3.580000000000000000e+02 6.433965265750885010e-02 8.827716112136840820e-02
3.590000000000000000e+02 6.426634639501571655e-02 8.835795521736145020e-02
3.600000000000000000e+02 6.421789526939392090e-02 8.844210952520370483e-02
3.610000000000000000e+02 6.418566405773162842e-02 8.832908421754837036e-02
3.620000000000000000e+02 6.415615230798721313e-02 8.833931386470794678e-02
3.630000000000000000e+02 6.413593143224716187e-02 8.833071589469909668e-02
3.640000000000000000e+02 6.410810351371765137e-02 8.820579946041107178e-02
3.650000000000000000e+02 6.403905898332595825e-02 8.829251676797866821e-02
3.660000000000000000e+02 6.400427222251892090e-02 8.808555454015731812e-02
3.670000000000000000e+02 6.398079544305801392e-02 8.805458992719650269e-02
3.680000000000000000e+02 6.394340842962265015e-02 8.809541910886764526e-02
3.690000000000000000e+02 6.387513130903244019e-02 8.798145502805709839e-02
3.700000000000000000e+02 6.386143714189529419e-02 8.806165307760238647e-02
3.710000000000000000e+02 6.384770572185516357e-02 8.781500160694122314e-02
3.720000000000000000e+02 6.378280371427536011e-02 8.782301098108291626e-02
3.730000000000000000e+02 6.375652551651000977e-02 8.766372501850128174e-02
3.740000000000000000e+02 6.371021270751953125e-02 8.773775398731231689e-02
3.750000000000000000e+02 6.365185976028442383e-02 8.777557313442230225e-02
3.760000000000000000e+02 6.368555128574371338e-02 8.760830760002136230e-02
3.770000000000000000e+02 6.360753625631332397e-02 8.749379962682723999e-02
3.780000000000000000e+02 6.352003663778305054e-02 8.756474405527114868e-02
3.790000000000000000e+02 6.350729614496231079e-02 8.747535198926925659e-02
3.800000000000000000e+02 6.348269432783126831e-02 8.743137866258621216e-02
3.810000000000000000e+02 6.342682242393493652e-02 8.732431381940841675e-02
3.820000000000000000e+02 6.341440230607986450e-02 8.735293149948120117e-02
3.830000000000000000e+02 6.336903572082519531e-02 8.734825998544692993e-02
3.840000000000000000e+02 6.330462545156478882e-02 8.708143979310989380e-02
3.850000000000000000e+02 6.330184638500213623e-02 8.718161284923553467e-02
3.860000000000000000e+02 6.326924264430999756e-02 8.710841834545135498e-02
3.870000000000000000e+02 6.317240744829177856e-02 8.697279542684555054e-02
3.880000000000000000e+02 6.314174085855484009e-02 8.695811778306961060e-02
3.890000000000000000e+02 6.310422718524932861e-02 8.695163577795028687e-02
3.900000000000000000e+02 6.309267133474349976e-02 8.692444115877151489e-02
3.910000000000000000e+02 6.301347166299819946e-02 8.668703585863113403e-02
3.920000000000000000e+02 6.297129392623901367e-02 8.681252598762512207e-02
3.930000000000000000e+02 6.290802359580993652e-02 8.662488311529159546e-02
3.940000000000000000e+02 6.291729956865310669e-02 8.654964715242385864e-02
3.950000000000000000e+02 6.284411251544952393e-02 8.645898103713989258e-02
3.960000000000000000e+02 6.283467262983322144e-02 8.656066656112670898e-02
3.970000000000000000e+02 6.276001781225204468e-02 8.669959008693695068e-02
3.980000000000000000e+02 6.272429227828979492e-02 8.646109700202941895e-02
3.990000000000000000e+02 6.264568865299224854e-02 8.639367669820785522e-02
4.000000000000000000e+02 6.263922154903411865e-02 8.615712821483612061e-02
4.010000000000000000e+02 6.258898228406906128e-02 8.616093546152114868e-02
4.020000000000000000e+02 6.255825608968734741e-02 8.602298796176910400e-02
4.030000000000000000e+02 6.251139193773269653e-02 8.599233627319335938e-02
4.040000000000000000e+02 6.246472895145416260e-02 8.580403774976730347e-02
4.050000000000000000e+02 6.242565810680389404e-02 8.594390749931335449e-02
4.060000000000000000e+02 6.237468868494033813e-02 8.587329089641571045e-02
4.070000000000000000e+02 6.233508512377738953e-02 8.581302314996719360e-02
4.080000000000000000e+02 6.232102587819099426e-02 8.573013544082641602e-02
4.090000000000000000e+02 6.228955835103988647e-02 8.571974188089370728e-02
4.100000000000000000e+02 6.225555017590522766e-02 8.543504029512405396e-02
4.110000000000000000e+02 6.218871474266052246e-02 8.561373502016067505e-02
4.120000000000000000e+02 6.215787678956985474e-02 8.561126887798309326e-02
4.130000000000000000e+02 6.206627190113067627e-02 8.550210297107696533e-02
4.140000000000000000e+02 6.207174435257911682e-02 8.536499738693237305e-02
4.150000000000000000e+02 6.204039603471755981e-02 8.532857149839401245e-02
4.160000000000000000e+02 6.203670054674148560e-02 8.534907549619674683e-02
4.170000000000000000e+02 6.195579841732978821e-02 8.522333949804306030e-02
4.180000000000000000e+02 6.188045442104339600e-02 8.519574999809265137e-02
4.190000000000000000e+02 6.194710731506347656e-02 8.525831997394561768e-02
4.200000000000000000e+02 6.184375658631324768e-02 8.501793444156646729e-02
4.210000000000000000e+02 6.186482682824134827e-02 8.495609462261199951e-02
4.220000000000000000e+02 6.182130798697471619e-02 8.508745580911636353e-02
4.230000000000000000e+02 6.174552440643310547e-02 8.500818163156509399e-02
4.240000000000000000e+02 6.172752752900123596e-02 8.476579189300537109e-02
4.250000000000000000e+02 6.171523407101631165e-02 8.478778600692749023e-02
4.260000000000000000e+02 6.167722493410110474e-02 8.474431931972503662e-02
4.270000000000000000e+02 6.165256723761558533e-02 8.458493649959564209e-02
4.280000000000000000e+02 6.159298121929168701e-02 8.484619110822677612e-02
4.290000000000000000e+02 6.159242242574691772e-02 8.466774970293045044e-02
4.300000000000000000e+02 6.150908768177032471e-02 8.458179980516433716e-02
4.310000000000000000e+02 6.152920052409172058e-02 8.459618687629699707e-02
4.320000000000000000e+02 6.149536371231079102e-02 8.460106700658798218e-02
4.330000000000000000e+02 6.144310161471366882e-02 8.457034826278686523e-02
4.340000000000000000e+02 6.144692748785018921e-02 8.433681726455688477e-02
4.350000000000000000e+02 6.137735769152641296e-02 8.423925191164016724e-02
4.360000000000000000e+02 6.139270216226577759e-02 8.443178236484527588e-02
4.370000000000000000e+02 6.132033467292785645e-02 8.437918871641159058e-02
4.380000000000000000e+02 6.131017580628395081e-02 8.432916551828384399e-02
4.390000000000000000e+02 6.135087087750434875e-02 8.420939743518829346e-02
4.400000000000000000e+02 6.125066801905632019e-02 8.431108295917510986e-02
4.410000000000000000e+02 6.126095727086067200e-02 8.427096903324127197e-02
4.420000000000000000e+02 6.124716252088546753e-02 8.421587198972702026e-02
4.430000000000000000e+02 6.121691316366195679e-02 8.419100195169448853e-02
4.440000000000000000e+02 6.117167323827743530e-02 8.418806642293930054e-02
4.450000000000000000e+02 6.118264794349670410e-02 8.406534790992736816e-02
4.460000000000000000e+02 6.109600141644477844e-02 8.396985381841659546e-02
4.470000000000000000e+02 6.114543229341506958e-02 8.406224846839904785e-02
4.480000000000000000e+02 6.104890257120132446e-02 8.402454853057861328e-02
4.490000000000000000e+02 6.106435507535934448e-02 8.387591689825057983e-02
4.500000000000000000e+02 6.107181310653686523e-02 8.383693546056747437e-02
4.510000000000000000e+02 6.102491170167922974e-02 8.374422043561935425e-02
4.520000000000000000e+02 6.097136437892913818e-02 8.389503508806228638e-02
4.530000000000000000e+02 6.095381453633308411e-02 8.368163555860519409e-02
4.540000000000000000e+02 6.091775372624397278e-02 8.381223678588867188e-02
4.550000000000000000e+02 6.087480857968330383e-02 8.382202684879302979e-02
4.560000000000000000e+02 6.091123074293136597e-02 8.377685397863388062e-02
4.570000000000000000e+02 6.087719649076461792e-02 8.377588540315628052e-02
4.580000000000000000e+02 6.089068204164505005e-02 8.366637676954269409e-02
4.590000000000000000e+02 6.083606556057929993e-02 8.365584164857864380e-02
4.600000000000000000e+02 6.082580611109733582e-02 8.380109816789627075e-02
4.610000000000000000e+02 6.080887094140052795e-02 8.345597237348556519e-02
4.620000000000000000e+02 6.078840047121047974e-02 8.357496559619903564e-02
4.630000000000000000e+02 6.078952178359031677e-02 8.365152031183242798e-02
4.640000000000000000e+02 6.073128804564476013e-02 8.339963108301162720e-02
4.650000000000000000e+02 6.070540472865104675e-02 8.339252322912216187e-02
4.660000000000000000e+02 6.068660318851470947e-02 8.361213654279708862e-02
4.670000000000000000e+02 6.073017790913581848e-02 8.364120870828628540e-02
4.680000000000000000e+02 6.072967499494552612e-02 8.343903720378875732e-02
4.690000000000000000e+02 6.061223521828651428e-02 8.330281078815460205e-02
4.700000000000000000e+02 6.062813103199005127e-02 8.333799242973327637e-02
4.710000000000000000e+02 6.058856844902038574e-02 8.338615298271179199e-02
4.720000000000000000e+02 6.057852879166603088e-02 8.327911794185638428e-02
4.730000000000000000e+02 6.058479472994804382e-02 8.340336382389068604e-02
4.740000000000000000e+02 6.057607382535934448e-02 8.326678723096847534e-02
4.750000000000000000e+02 6.052357330918312073e-02 8.340664207935333252e-02
4.760000000000000000e+02 6.049806624650955200e-02 8.321644365787506104e-02
4.770000000000000000e+02 6.045814603567123413e-02 8.326502144336700439e-02
4.780000000000000000e+02 6.047504395246505737e-02 8.325465768575668335e-02
4.790000000000000000e+02 6.047433987259864807e-02 8.288618177175521851e-02
4.800000000000000000e+02 6.046027317643165588e-02 8.333478868007659912e-02
4.810000000000000000e+02 6.044246628880500793e-02 8.316905051469802856e-02
4.820000000000000000e+02 6.044388934969902039e-02 8.316865563392639160e-02
4.830000000000000000e+02 6.042056530714035034e-02 8.322863280773162842e-02
4.840000000000000000e+02 6.035896763205528259e-02 8.305079489946365356e-02
4.850000000000000000e+02 6.035471707582473755e-02 8.306405693292617798e-02
4.860000000000000000e+02 6.036385148763656616e-02 8.311729133129119873e-02
4.870000000000000000e+02 6.036941707134246826e-02 8.305684477090835571e-02
4.880000000000000000e+02 6.025440245866775513e-02 8.296462893486022949e-02
