0.000000000000000000e+00 1.173320636153221130e-01 1.384753733873367310e-01
1.000000000000000000e+00 1.172129511833190918e-01 1.383683383464813232e-01
2.000000000000000000e+00 1.170848011970520020e-01 1.382987946271896362e-01
3.000000000000000000e+00 1.169352158904075623e-01 1.381207108497619629e-01
4.000000000000000000e+00 1.168217211961746216e-01 1.380474567413330078e-01
5.000000000000000000e+00 1.166822239756584167e-01 1.379521787166595459e-01
6.000000000000000000e+00 1.165674775838851929e-01 1.377768665552139282e-01
7.000000000000000000e+00 1.164502501487731934e-01 1.376282274723052979e-01
8.000000000000000000e+00 1.163085848093032837e-01 1.374991089105606079e-01
9.000000000000000000e+00 1.161838397383689880e-01 1.374091655015945435e-01
1.000000000000000000e+01 1.160613819956779480e-01 1.373193711042404175e-01
1.100000000000000000e+01 1.159518286585807800e-01 1.372200846672058105e-01
1.200000000000000000e+01 1.158193871378898621e-01 1.370675712823867798e-01
1.300000000000000000e+01 1.157064959406852722e-01 1.369914859533309937e-01
1.400000000000000000e+01 1.155779361724853516e-01 1.368573755025863647e-01
1.500000000000000000e+01 1.154665350914001465e-01 1.367602646350860596e-01
1.600000000000000000e+01 1.153403893113136292e-01 1.366181224584579468e-01
1.700000000000000000e+01 1.152038350701332092e-01 1.365259438753128052e-01
1.800000000000000000e+01 1.151028722524642944e-01 1.364154070615768433e-01
1.900000000000000000e+01 1.150040924549102783e-01 1.363156735897064209e-01
2.000000000000000000e+01 1.148706078529357910e-01 1.362104117870330811e-01
2.100000000000000000e+01 1.147560030221939087e-01 1.361205726861953735e-01
2.200000000000000000e+01 1.146468296647071838e-01 1.359491050243377686e-01
2.300000000000000000e+01 1.145198270678520203e-01 1.358870565891265869e-01
2.400000000000000000e+01 1.144194006919860840e-01 1.357398778200149536e-01
2.500000000000000000e+01 1.143070012331008911e-01 1.356833726167678833e-01
2.600000000000000000e+01 1.141998544335365295e-01 1.355554163455963135e-01
2.700000000000000000e+01 1.140791699290275574e-01 1.354705095291137695e-01
2.800000000000000000e+01 1.139747872948646545e-01 1.354136168956756592e-01
2.900000000000000000e+01 1.138776168227195740e-01 1.352377384901046753e-01
3.000000000000000000e+01 1.137550026178359985e-01 1.351697146892547607e-01
3.100000000000000000e+01 1.136588752269744873e-01 1.350578814744949341e-01
3.200000000000000000e+01 1.135489121079444885e-01 1.349933445453643799e-01
3.300000000000000000e+01 1.134466379880905151e-01 1.348966062068939209e-01
3.400000000000000000e+01 1.133487150073051453e-01 1.347826719284057617e-01
3.500000000000000000e+01 1.132336258888244629e-01 1.347423195838928223e-01
3.600000000000000000e+01 1.131202057003974915e-01 1.346266120672225952e-01
3.700000000000000000e+01 1.130159273743629456e-01 1.345306783914566040e-01
3.800000000000000000e+01 1.129306927323341370e-01 1.344646513462066650e-01
3.900000000000000000e+01 1.127976849675178528e-01 1.343463212251663208e-01
4.000000000000000000e+01 1.127077564597129822e-01 1.342663019895553589e-01
4.100000000000000000e+01 1.126165539026260376e-01 1.341449767351150513e-01
4.200000000000000000e+01 1.125170215964317322e-01 1.340805292129516602e-01
4.300000000000000000e+01 1.124067008495330811e-01 1.339796930551528931e-01
4.400000000000000000e+01 1.123093515634536743e-01 1.339494436979293823e-01
4.500000000000000000e+01 1.122139692306518555e-01 1.338108628988265991e-01
4.600000000000000000e+01 1.121135056018829346e-01 1.337345987558364868e-01
4.700000000000000000e+01 1.120190918445587158e-01 1.336613446474075317e-01
4.800000000000000000e+01 1.119217500090599060e-01 1.335435956716537476e-01
4.900000000000000000e+01 1.118152588605880737e-01 1.334890723228454590e-01
5.000000000000000000e+01 1.117293089628219604e-01 1.333956122398376465e-01
5.100000000000000000e+01 1.116258576512336731e-01 1.333654224872589111e-01
5.200000000000000000e+01 1.115217953920364380e-01 1.332511454820632935e-01
5.300000000000000000e+01 1.114407628774642944e-01 1.331544071435928345e-01
5.400000000000000000e+01 1.113312542438507080e-01 1.331030428409576416e-01
5.500000000000000000e+01 1.112490817904472351e-01 1.330050528049468994e-01
5.600000000000000000e+01 1.111497804522514343e-01 1.328944861888885498e-01
5.700000000000000000e+01 1.110477000474929810e-01 1.328338086605072021e-01
5.800000000000000000e+01 1.109630316495895386e-01 1.327792108058929443e-01
5.900000000000000000e+01 1.108725517988204956e-01 1.326856464147567749e-01
6.000000000000000000e+01 1.107650399208068848e-01 1.326112300157546997e-01
6.100000000000000000e+01 1.106574162840843201e-01 1.324963420629501343e-01
6.200000000000000000e+01 1.105819195508956909e-01 1.324302256107330322e-01
6.300000000000000000e+01 1.104846671223640442e-01 1.323752701282501221e-01
6.400000000000000000e+01 1.103956177830696106e-01 1.322749406099319458e-01
6.500000000000000000e+01 1.103045940399169922e-01 1.322288364171981812e-01
6.600000000000000000e+01 1.102233007550239563e-01 1.321351081132888794e-01
6.700000000000000000e+01 1.101326569914817810e-01 1.320472061634063721e-01
6.800000000000000000e+01 1.100418567657470703e-01 1.319857388734817505e-01
6.900000000000000000e+01 1.099417135119438171e-01 1.318835020065307617e-01
7.000000000000000000e+01 1.098487228155136108e-01 1.318391561508178711e-01
7.100000000000000000e+01 1.097562685608863831e-01 1.317658871412277222e-01
7.200000000000000000e+01 1.096719726920127869e-01 1.316640973091125488e-01
7.300000000000000000e+01 1.095727086067199707e-01 1.316201686859130859e-01
7.400000000000000000e+01 1.094830632209777832e-01 1.315427571535110474e-01
7.500000000000000000e+01 1.094117686152458191e-01 1.314633935689926147e-01
7.600000000000000000e+01 1.093136295676231384e-01 1.313747316598892212e-01
7.700000000000000000e+01 1.092306077480316162e-01 1.312838494777679443e-01
7.800000000000000000e+01 1.091413348913192749e-01 1.312492787837982178e-01
7.900000000000000000e+01 1.090302690863609314e-01 1.311890780925750732e-01
8.000000000000000000e+01 1.089504286646842957e-01 1.310981810092926025e-01
8.100000000000000000e+01 1.088734567165374756e-01 1.310253739356994629e-01
8.200000000000000000e+01 1.087831258773803711e-01 1.309379935264587402e-01
8.300000000000000000e+01 1.086857616901397705e-01 1.308459937572479248e-01
8.400000000000000000e+01 1.086063534021377563e-01 1.308149695396423340e-01
8.500000000000000000e+01 1.085208877921104431e-01 1.307578533887863159e-01
8.600000000000000000e+01 1.084335222840309143e-01 1.306242495775222778e-01
8.700000000000000000e+01 1.083404198288917542e-01 1.305900663137435913e-01
8.800000000000000000e+01 1.082571893930435181e-01 1.305241882801055908e-01
8.900000000000000000e+01 1.081723570823669434e-01 1.304405033588409424e-01
9.000000000000000000e+01 1.080756932497024536e-01 1.303565353155136108e-01
9.100000000000000000e+01 1.080150082707405090e-01 1.303060203790664673e-01
9.200000000000000000e+01 1.079296022653579712e-01 1.302016079425811768e-01
9.300000000000000000e+01 1.078386455774307251e-01 1.301621198654174805e-01
9.400000000000000000e+01 1.077519506216049194e-01 1.301007270812988281e-01
9.500000000000000000e+01 1.076630055904388428e-01 1.300281882286071777e-01
9.600000000000000000e+01 1.075784936547279358e-01 1.299270391464233398e-01
9.700000000000000000e+01 1.074885427951812744e-01 1.298951357603073120e-01
9.800000000000000000e+01 1.074161231517791748e-01 1.298210918903350830e-01
9.900000000000000000e+01 1.073299199342727661e-01 1.297597140073776245e-01
1.000000000000000000e+02 1.072272509336471558e-01 1.296624839305877686e-01
1.010000000000000000e+02 1.071486547589302063e-01 1.296032369136810303e-01
1.020000000000000000e+02 1.070712506771087646e-01 1.295269280672073364e-01
1.030000000000000000e+02 1.069834008812904358e-01 1.294921338558197021e-01
1.040000000000000000e+02 1.068970188498497009e-01 1.293721944093704224e-01
1.050000000000000000e+02 1.068094968795776367e-01 1.293478459119796753e-01
1.060000000000000000e+02 1.067342013120651245e-01 1.292107105255126953e-01
1.070000000000000000e+02 1.066561043262481689e-01 1.291526407003402710e-01
1.080000000000000000e+02 1.065553724765777588e-01 1.291395127773284912e-01
1.090000000000000000e+02 1.064744368195533752e-01 1.290664821863174438e-01
1.100000000000000000e+02 1.064012050628662109e-01 1.289699077606201172e-01
1.110000000000000000e+02 1.063092574477195740e-01 1.289058625698089600e-01
1.120000000000000000e+02 1.062250807881355286e-01 1.288473606109619141e-01
1.130000000000000000e+02 1.061469316482543945e-01 1.287357211112976074e-01
1.140000000000000000e+02 1.060615703463554382e-01 1.287302076816558838e-01
1.150000000000000000e+02 1.059861108660697937e-01 1.286117881536483765e-01
1.160000000000000000e+02 1.058874204754829407e-01 1.285537183284759521e-01
1.170000000000000000e+02 1.058141961693763733e-01 1.284986138343811035e-01
1.180000000000000000e+02 1.057313084602355957e-01 1.284588724374771118e-01
1.190000000000000000e+02 1.056381538510322571e-01 1.283671408891677856e-01
1.200000000000000000e+02 1.055655032396316528e-01 1.283034384250640869e-01
1.210000000000000000e+02 1.054816693067550659e-01 1.282461434602737427e-01
1.220000000000000000e+02 1.053935661911964417e-01 1.281750947237014771e-01
1.230000000000000000e+02 1.053174436092376709e-01 1.280947923660278320e-01
1.240000000000000000e+02 1.052375808358192444e-01 1.280409991741180420e-01
1.250000000000000000e+02 1.051453649997711182e-01 1.280016452074050903e-01
1.260000000000000000e+02 1.050787419080734253e-01 1.278758645057678223e-01
1.270000000000000000e+02 1.049840897321701050e-01 1.278574168682098389e-01
1.280000000000000000e+02 1.049076914787292480e-01 1.277896314859390259e-01
1.290000000000000000e+02 1.048314049839973450e-01 1.277092397212982178e-01
1.300000000000000000e+02 1.047504246234893799e-01 1.276802122592926025e-01
1.310000000000000000e+02 1.046596392989158630e-01 1.276296228170394897e-01
1.320000000000000000e+02 1.045821830630302429e-01 1.275502145290374756e-01
1.330000000000000000e+02 1.045057550072669983e-01 1.274368911981582642e-01
1.340000000000000000e+02 1.044296398758888245e-01 1.273997426033020020e-01
1.350000000000000000e+02 1.043565869331359863e-01 1.273005455732345581e-01
1.360000000000000000e+02 1.042528003454208374e-01 1.273050308227539062e-01
1.370000000000000000e+02 1.041781082749366760e-01 1.272119134664535522e-01
1.380000000000000000e+02 1.041017174720764160e-01 1.271458268165588379e-01
1.390000000000000000e+02 1.040185466408729553e-01 1.270799785852432251e-01
1.400000000000000000e+02 1.039403676986694336e-01 1.270058155059814453e-01
1.410000000000000000e+02 1.038589775562286377e-01 1.269728988409042358e-01
1.420000000000000000e+02 1.037881970405578613e-01 1.269058436155319214e-01
1.430000000000000000e+02 1.036955341696739197e-01 1.268232911825180054e-01
1.440000000000000000e+02 1.036209091544151306e-01 1.267469525337219238e-01
1.450000000000000000e+02 1.035450398921966553e-01 1.266965866088867188e-01
1.460000000000000000e+02 1.034699603915214539e-01 1.266777068376541138e-01
1.470000000000000000e+02 1.033688560128211975e-01 1.266216039657592773e-01
1.480000000000000000e+02 1.032959148287773132e-01 1.265641748905181885e-01
1.490000000000000000e+02 1.032225489616394043e-01 1.264721006155014038e-01
1.500000000000000000e+02 1.031418740749359131e-01 1.264043450355529785e-01
1.510000000000000000e+02 1.030660867691040039e-01 1.263909786939620972e-01
1.520000000000000000e+02 1.029790341854095459e-01 1.262657642364501953e-01
1.530000000000000000e+02 1.028954908251762390e-01 1.261848807334899902e-01
1.540000000000000000e+02 1.028191447257995605e-01 1.261703670024871826e-01
1.550000000000000000e+02 1.027507781982421875e-01 1.260744780302047729e-01
1.560000000000000000e+02 1.026727929711341858e-01 1.260555684566497803e-01
1.570000000000000000e+02 1.025820150971412659e-01 1.260006427764892578e-01
1.580000000000000000e+02 1.025155708193778992e-01 1.259333044290542603e-01
1.590000000000000000e+02 1.024325191974639893e-01 1.258799135684967041e-01
1.600000000000000000e+02 1.023480594158172607e-01 1.258133947849273682e-01
1.610000000000000000e+02 1.022813245654106140e-01 1.257852315902709961e-01
1.620000000000000000e+02 1.022087112069129944e-01 1.256925016641616821e-01
1.630000000000000000e+02 1.021225377917289734e-01 1.256470382213592529e-01
1.640000000000000000e+02 1.020248010754585266e-01 1.255570948123931885e-01
1.650000000000000000e+02 1.019624248147010803e-01 1.254897117614746094e-01
1.660000000000000000e+02 1.018671691417694092e-01 1.254930049180984497e-01
1.670000000000000000e+02 1.017947196960449219e-01 1.254391372203826904e-01
1.680000000000000000e+02 1.017325147986412048e-01 1.253406703472137451e-01
1.690000000000000000e+02 1.016553193330764771e-01 1.252651661634445190e-01
1.700000000000000000e+02 1.015662774443626404e-01 1.252307295799255371e-01
1.710000000000000000e+02 1.014840528368949890e-01 1.251199096441268921e-01
1.720000000000000000e+02 1.014218702912330627e-01 1.251046955585479736e-01
1.730000000000000000e+02 1.013286635279655457e-01 1.250567883253097534e-01
1.740000000000000000e+02 1.012653633952140808e-01 1.249555870890617371e-01
1.750000000000000000e+02 1.011980921030044556e-01 1.248787716031074524e-01
1.760000000000000000e+02 1.011059433221817017e-01 1.248422265052795410e-01
1.770000000000000000e+02 1.010303944349288940e-01 1.248294487595558167e-01
1.780000000000000000e+02 1.009590551257133484e-01 1.247716918587684631e-01
1.790000000000000000e+02 1.008863672614097595e-01 1.246513873338699341e-01
1.800000000000000000e+02 1.008038893342018127e-01 1.246041953563690186e-01
1.810000000000000000e+02 1.007156670093536377e-01 1.245949193835258484e-01
1.820000000000000000e+02 1.006556525826454163e-01 1.245132982730865479e-01
1.830000000000000000e+02 1.005822867155075073e-01 1.244310885667800903e-01
1.840000000000000000e+02 1.004839166998863220e-01 1.244372799992561340e-01
1.850000000000000000e+02 1.004203781485557556e-01 1.244147717952728271e-01
1.860000000000000000e+02 1.003400236368179321e-01 1.242980062961578369e-01
1.870000000000000000e+02 1.002743914723396301e-01 1.242699250578880310e-01
1.880000000000000000e+02 1.001932621002197266e-01 1.241789460182189941e-01
1.890000000000000000e+02 1.001179516315460205e-01 1.241175830364227295e-01
1.900000000000000000e+02 1.000353395938873291e-01 1.240411177277565002e-01
1.910000000000000000e+02 9.997390210628509521e-02 1.240294203162193298e-01
1.920000000000000000e+02 9.990269690752029419e-02 1.239773780107498169e-01
1.930000000000000000e+02 9.980256110429763794e-02 1.238862276077270508e-01
1.940000000000000000e+02 9.975930303335189819e-02 1.238595917820930481e-01
1.950000000000000000e+02 9.966569393873214722e-02 1.237688884139060974e-01
1.960000000000000000e+02 9.958390891551971436e-02 1.237598508596420288e-01
1.970000000000000000e+02 9.951914101839065552e-02 1.236768960952758789e-01
1.980000000000000000e+02 9.944176673889160156e-02 1.235977709293365479e-01
1.990000000000000000e+02 9.936318546533584595e-02 1.235647499561309814e-01
2.000000000000000000e+02 9.929405897855758667e-02 1.235552877187728882e-01
2.010000000000000000e+02 9.922661632299423218e-02 1.234481558203697205e-01
2.020000000000000000e+02 9.915497153997421265e-02 1.233743876218795776e-01
2.030000000000000000e+02 9.907332807779312134e-02 1.233198121190071106e-01
2.040000000000000000e+02 9.900432080030441284e-02 1.232448592782020569e-01
2.050000000000000000e+02 9.892375767230987549e-02 1.231876760721206665e-01
2.060000000000000000e+02 9.885810315608978271e-02 1.232339516282081604e-01
2.070000000000000000e+02 9.877850115299224854e-02 1.231488510966300964e-01
2.080000000000000000e+02 9.871192276477813721e-02 1.230943650007247925e-01
2.090000000000000000e+02 9.864690154790878296e-02 1.230127960443496704e-01
2.100000000000000000e+02 9.856487065553665161e-02 1.229590773582458496e-01
2.110000000000000000e+02 9.849840402603149414e-02 1.229138821363449097e-01
2.120000000000000000e+02 9.843207895755767822e-02 1.228131800889968872e-01
2.130000000000000000e+02 9.833936393260955811e-02 1.227769330143928528e-01
2.140000000000000000e+02 9.828797727823257446e-02 1.227541267871856689e-01
2.150000000000000000e+02 9.820509701967239380e-02 1.227030381560325623e-01
2.160000000000000000e+02 9.815015643835067749e-02 1.226976290345191956e-01
2.170000000000000000e+02 9.808059781789779663e-02 1.225774660706520081e-01
2.180000000000000000e+02 9.800945967435836792e-02 1.225256919860839844e-01
2.190000000000000000e+02 9.795014560222625732e-02 1.225364059209823608e-01
2.200000000000000000e+02 9.785069525241851807e-02 1.224672719836235046e-01
2.210000000000000000e+02 9.779997915029525757e-02 1.223452463746070862e-01
2.220000000000000000e+02 9.773868322372436523e-02 1.222927272319793701e-01
2.230000000000000000e+02 9.766723960638046265e-02 1.223280504345893860e-01
2.240000000000000000e+02 9.762632846832275391e-02 1.222861260175704956e-01
2.250000000000000000e+02 9.755576401948928833e-02 1.222443655133247375e-01
2.260000000000000000e+02 9.748990833759307861e-02 1.221960484981536865e-01
2.270000000000000000e+02 9.741096943616867065e-02 1.220550015568733215e-01
2.280000000000000000e+02 9.733945876359939575e-02 1.220065355300903320e-01
2.290000000000000000e+02 9.729694575071334839e-02 1.219766288995742798e-01
2.300000000000000000e+02 9.723716229200363159e-02 1.219233497977256775e-01
2.310000000000000000e+02 9.715529531240463257e-02 1.219011396169662476e-01
2.320000000000000000e+02 9.710156917572021484e-02 1.218698546290397644e-01
2.330000000000000000e+02 9.704157710075378418e-02 1.218363121151924133e-01
2.340000000000000000e+02 9.698528051376342773e-02 1.217600777745246887e-01
2.350000000000000000e+02 9.689322113990783691e-02 1.217658221721649170e-01
2.360000000000000000e+02 9.684404730796813965e-02 1.217375248670578003e-01
2.370000000000000000e+02 9.677882492542266846e-02 1.216099113225936890e-01
2.380000000000000000e+02 9.671480208635330200e-02 1.216018274426460266e-01
2.390000000000000000e+02 9.667551517486572266e-02 1.215508654713630676e-01
2.400000000000000000e+02 9.657408297061920166e-02 1.214867755770683289e-01
2.410000000000000000e+02 9.650490432977676392e-02 1.214769035577774048e-01
2.420000000000000000e+02 9.646172076463699341e-02 1.213350743055343628e-01
2.430000000000000000e+02 9.638389945030212402e-02 1.213337108492851257e-01
2.440000000000000000e+02 9.631732106208801270e-02 1.212944537401199341e-01
2.450000000000000000e+02 9.625675529241561890e-02 1.213032081723213196e-01
2.460000000000000000e+02 9.621533751487731934e-02 1.212646439671516418e-01
2.470000000000000000e+02 9.616455435752868652e-02 1.211545243859291077e-01
2.480000000000000000e+02 9.606995433568954468e-02 1.211858317255973816e-01
2.490000000000000000e+02 9.599278122186660767e-02 1.210774406790733337e-01
2.500000000000000000e+02 9.596265852451324463e-02 1.210529878735542297e-01
2.510000000000000000e+02 9.588675200939178467e-02 1.209381818771362305e-01
2.520000000000000000e+02 9.585295617580413818e-02 1.209357455372810364e-01
2.530000000000000000e+02 9.577570110559463501e-02 1.209391877055168152e-01
2.540000000000000000e+02 9.569869190454483032e-02 1.208674311637878418e-01
2.550000000000000000e+02 9.566280990839004517e-02 1.208117678761482239e-01
2.560000000000000000e+02 9.558450430631637573e-02 1.207962259650230408e-01
2.570000000000000000e+02 9.552701562643051147e-02 1.207310482859611511e-01
2.580000000000000000e+02 9.545966237783432007e-02 1.206972002983093262e-01
2.590000000000000000e+02 9.539024531841278076e-02 1.206123381853103638e-01
2.600000000000000000e+02 9.532961249351501465e-02 1.206276193261146545e-01
2.610000000000000000e+02 9.529399871826171875e-02 1.205162778496742249e-01
2.620000000000000000e+02 9.522400051355361938e-02 1.204963326454162598e-01
2.630000000000000000e+02 9.515912085771560669e-02 1.203777417540550232e-01
2.640000000000000000e+02 9.510181099176406860e-02 1.203513592481613159e-01
2.650000000000000000e+02 9.504099935293197632e-02 1.203932315111160278e-01
2.660000000000000000e+02 9.499736875295639038e-02 1.202868446707725525e-01
2.670000000000000000e+02 9.491727501153945923e-02 1.202928498387336731e-01
2.680000000000000000e+02 9.486376494169235229e-02 1.201705113053321838e-01
2.690000000000000000e+02 9.479334950447082520e-02 1.202894374728202820e-01
2.700000000000000000e+02 9.473488479852676392e-02 1.201592609286308289e-01
2.710000000000000000e+02 9.467806667089462280e-02 1.200771257281303406e-01
2.720000000000000000e+02 9.461229294538497925e-02 1.200373321771621704e-01
2.730000000000000000e+02 9.455928951501846313e-02 1.200120449066162109e-01
2.740000000000000000e+02 9.450919181108474731e-02 1.199593394994735718e-01
2.750000000000000000e+02 9.443874657154083252e-02 1.198273003101348877e-01
2.760000000000000000e+02 9.437773376703262329e-02 1.198442131280899048e-01
2.770000000000000000e+02 9.432056546211242676e-02 1.197979226708412170e-01
2.780000000000000000e+02 9.424499422311782837e-02 1.197537481784820557e-01
2.790000000000000000e+02 9.421007335186004639e-02 1.197204291820526123e-01
2.800000000000000000e+02 9.414602816104888916e-02 1.196348071098327637e-01
2.810000000000000000e+02 9.408684819936752319e-02 1.196931973099708557e-01
2.820000000000000000e+02 9.404872357845306396e-02 1.197072938084602356e-01
2.830000000000000000e+02 9.398617595434188843e-02 1.195160746574401855e-01
2.840000000000000000e+02 9.390181303024291992e-02 1.194420233368873596e-01
2.850000000000000000e+02 9.385332465171813965e-02 1.195063665509223938e-01
2.860000000000000000e+02 9.380157291889190674e-02 1.194595173001289368e-01
2.870000000000000000e+02 9.373261779546737671e-02 1.194195672869682312e-01
2.880000000000000000e+02 9.367202967405319214e-02 1.193614900112152100e-01
2.890000000000000000e+02 9.361261129379272461e-02 1.193083897233009338e-01
2.900000000000000000e+02 9.357126057147979736e-02 1.192726269364356995e-01
2.910000000000000000e+02 9.350119531154632568e-02 1.192720755934715271e-01
2.920000000000000000e+02 9.344461560249328613e-02 1.192159280180931091e-01
2.930000000000000000e+02 9.336957335472106934e-02 1.191729307174682617e-01
2.940000000000000000e+02 9.334390610456466675e-02 1.191399693489074707e-01
2.950000000000000000e+02 9.330390393733978271e-02 1.190519407391548157e-01
2.960000000000000000e+02 9.322232753038406372e-02 1.189878359436988831e-01
2.970000000000000000e+02 9.314614534378051758e-02 1.190297380089759827e-01
2.980000000000000000e+02 9.309771656990051270e-02 1.188591197133064270e-01
2.990000000000000000e+02 9.307099878787994385e-02 1.188169121742248535e-01
3.000000000000000000e+02 9.299162775278091431e-02 1.187989190220832825e-01
3.010000000000000000e+02 9.293025732040405273e-02 1.187892556190490723e-01
3.020000000000000000e+02 9.287137538194656372e-02 1.186918690800666809e-01
3.030000000000000000e+02 9.282768517732620239e-02 1.186217442154884338e-01
3.040000000000000000e+02 9.276684373617172241e-02 1.187263354659080505e-01
3.050000000000000000e+02 9.272932261228561401e-02 1.186093166470527649e-01
3.060000000000000000e+02 9.267041087150573730e-02 1.185970008373260498e-01
3.070000000000000000e+02 9.261750429868698120e-02 1.184359490871429443e-01
3.080000000000000000e+02 9.254547208547592163e-02 1.183723658323287964e-01
3.090000000000000000e+02 9.249810129404067993e-02 1.184797659516334534e-01
3.100000000000000000e+02 9.245423227548599243e-02 1.184246465563774109e-01
3.110000000000000000e+02 9.239252656698226929e-02 1.183139607310295105e-01
3.120000000000000000e+02 9.229685366153717041e-02 1.181907281279563904e-01
3.130000000000000000e+02 9.226044267416000366e-02 1.183293387293815613e-01
3.140000000000000000e+02 9.218172729015350342e-02 1.182553172111511230e-01
3.150000000000000000e+02 9.216825664043426514e-02 1.182199046015739441e-01
3.160000000000000000e+02 9.211341291666030884e-02 1.181463524699211121e-01
3.170000000000000000e+02 9.206171333789825439e-02 1.180425584316253662e-01
3.180000000000000000e+02 9.198001772165298462e-02 1.180594190955162048e-01
3.190000000000000000e+02 9.193262457847595215e-02 1.180074363946914673e-01
3.200000000000000000e+02 9.188262373208999634e-02 1.179293021559715271e-01
3.210000000000000000e+02 9.180767089128494263e-02 1.179047077894210815e-01
3.220000000000000000e+02 9.177520871162414551e-02 1.178469583392143250e-01
3.230000000000000000e+02 9.170377999544143677e-02 1.178297847509384155e-01
3.240000000000000000e+02 9.164026379585266113e-02 1.178301274776458740e-01
3.250000000000000000e+02 9.160209447145462036e-02 1.178127899765968323e-01
3.260000000000000000e+02 9.155378490686416626e-02 1.176875382661819458e-01
3.270000000000000000e+02 9.150407463312149048e-02 1.176447197794914246e-01
3.280000000000000000e+02 9.145577251911163330e-02 1.176953166723251343e-01
3.290000000000000000e+02 9.139516204595565796e-02 1.175597682595252991e-01
3.300000000000000000e+02 9.132836014032363892e-02 1.175618022680282593e-01
3.310000000000000000e+02 9.128838032484054565e-02 1.174425259232521057e-01
3.320000000000000000e+02 9.123904258012771606e-02 1.173971593379974365e-01
3.330000000000000000e+02 9.118904173374176025e-02 1.173227429389953613e-01
3.340000000000000000e+02 9.112260490655899048e-02 1.172955408692359924e-01
3.350000000000000000e+02 9.104337543249130249e-02 1.173032075166702271e-01
3.360000000000000000e+02 9.101419895887374878e-02 1.172758042812347412e-01
3.370000000000000000e+02 9.096014499664306641e-02 1.172376722097396851e-01
3.380000000000000000e+02 9.090754389762878418e-02 1.171930730342864990e-01
3.390000000000000000e+02 9.086760878562927246e-02 1.171363368630409241e-01
3.400000000000000000e+02 9.080816060304641724e-02 1.170140728354454041e-01
3.410000000000000000e+02 9.074588865041732788e-02 1.169859692454338074e-01
3.420000000000000000e+02 9.070252627134323120e-02 1.169915720820426941e-01
3.430000000000000000e+02 9.063033759593963623e-02 1.169389337301254272e-01
3.440000000000000000e+02 9.058862924575805664e-02 1.169228479266166687e-01
3.450000000000000000e+02 9.053694456815719604e-02 1.169289499521255493e-01
3.460000000000000000e+02 9.050225466489791870e-02 1.168484911322593689e-01
3.470000000000000000e+02 9.043603390455245972e-02 1.167890056967735291e-01
3.480000000000000000e+02 9.040701389312744141e-02 1.167760416865348816e-01
3.490000000000000000e+02 9.035093337297439575e-02 1.167574450373649597e-01
3.500000000000000000e+02 9.028319269418716431e-02 1.166727617383003235e-01
3.510000000000000000e+02 9.023085236549377441e-02 1.166427433490753174e-01
3.520000000000000000e+02 9.019474685192108154e-02 1.167481839656829834e-01
3.530000000000000000e+02 9.013611823320388794e-02 1.165156066417694092e-01
3.540000000000000000e+02 9.009297937154769897e-02 1.164904907345771790e-01
3.550000000000000000e+02 9.003498405218124390e-02 1.164488196372985840e-01
3.560000000000000000e+02 8.997256308794021606e-02 1.162697374820709229e-01
3.570000000000000000e+02 8.994328975677490234e-02 1.163240745663642883e-01
3.580000000000000000e+02 8.986734598875045776e-02 1.162874996662139893e-01
3.590000000000000000e+02 8.982548862695693970e-02 1.162241548299789429e-01
3.600000000000000000e+02 8.979739993810653687e-02 1.161955967545509338e-01
3.610000000000000000e+02 8.970502018928527832e-02 1.162390038371086121e-01
3.620000000000000000e+02 8.966528624296188354e-02 1.161476448178291321e-01
3.630000000000000000e+02 8.959577977657318115e-02 1.160830482840538025e-01
3.640000000000000000e+02 8.955894410610198975e-02 1.160378605127334595e-01
3.650000000000000000e+02 8.953098207712173462e-02 1.161273419857025146e-01
3.660000000000000000e+02 8.946207165718078613e-02 1.159531027078628540e-01
3.670000000000000000e+02 8.941526710987091064e-02 1.160036027431488037e-01
3.680000000000000000e+02 8.937427401542663574e-02 1.159550249576568604e-01
3.690000000000000000e+02 8.933873474597930908e-02 1.159177497029304504e-01
3.700000000000000000e+02 8.923024684190750122e-02 1.157884672284126282e-01
3.710000000000000000e+02 8.922542631626129150e-02 1.157351955771446228e-01
3.720000000000000000e+02 8.916960656642913818e-02 1.157239228487014771e-01
3.730000000000000000e+02 8.912938088178634644e-02 1.157074496150016785e-01
3.740000000000000000e+02 8.908540010452270508e-02 1.156658232212066650e-01
3.750000000000000000e+02 8.901762217283248901e-02 1.155363395810127258e-01
3.760000000000000000e+02 8.895987272262573242e-02 1.155474632978439331e-01
3.770000000000000000e+02 8.895383030176162720e-02 1.156134679913520813e-01
3.780000000000000000e+02 8.888715505599975586e-02 1.154320091009140015e-01
3.790000000000000000e+02 8.880727738142013550e-02 1.154204681515693665e-01
3.800000000000000000e+02 8.878581970930099487e-02 1.154825016856193542e-01
3.810000000000000000e+02 8.872034400701522827e-02 1.153670102357864380e-01
3.820000000000000000e+02 8.867969363927841187e-02 1.153950765728950500e-01
3.830000000000000000e+02 8.865216374397277832e-02 1.152151897549629211e-01
3.840000000000000000e+02 8.855225145816802979e-02 1.152999773621559143e-01
3.850000000000000000e+02 8.856068551540374756e-02 1.152083426713943481e-01
3.860000000000000000e+02 8.847158402204513550e-02 1.151387766003608704e-01
3.870000000000000000e+02 8.845799416303634644e-02 1.151427552103996277e-01
3.880000000000000000e+02 8.838366717100143433e-02 1.150451824069023132e-01
3.890000000000000000e+02 8.834194391965866089e-02 1.150880083441734314e-01
3.900000000000000000e+02 8.828606456518173218e-02 1.149414479732513428e-01
3.910000000000000000e+02 8.824985474348068237e-02 1.150009110569953918e-01
3.920000000000000000e+02 8.819070458412170410e-02 1.149096786975860596e-01
3.930000000000000000e+02 8.815909177064895630e-02 1.148316934704780579e-01
3.940000000000000000e+02 8.807911723852157593e-02 1.147887110710144043e-01
3.950000000000000000e+02 8.806777000427246094e-02 1.147427856922149658e-01
3.960000000000000000e+02 8.802095055580139160e-02 1.147110015153884888e-01
3.970000000000000000e+02 8.797958493232727051e-02 1.146649047732353210e-01
3.980000000000000000e+02 8.789280802011489868e-02 1.146342009305953979e-01
3.990000000000000000e+02 8.785999566316604614e-02 1.145673692226409912e-01
4.000000000000000000e+02 8.781556785106658936e-02 1.145951598882675171e-01
4.010000000000000000e+02 8.772972971200942993e-02 1.145174875855445862e-01
4.020000000000000000e+02 8.770396560430526733e-02 1.145276874303817749e-01
4.030000000000000000e+02 8.767099678516387939e-02 1.144338846206665039e-01
4.040000000000000000e+02 8.763445913791656494e-02 1.143709942698478699e-01
4.050000000000000000e+02 8.755600452423095703e-02 1.143173053860664368e-01
4.060000000000000000e+02 8.750553429126739502e-02 1.142452210187911987e-01
4.070000000000000000e+02 8.748318254947662354e-02 1.142418086528778076e-01
4.080000000000000000e+02 8.741715550422668457e-02 1.142570748925209045e-01
4.090000000000000000e+02 8.738364279270172119e-02 1.142131015658378601e-01
4.100000000000000000e+02 8.733955770730972290e-02 1.141152456402778625e-01
4.110000000000000000e+02 8.727206289768218994e-02 1.140935495495796204e-01
4.120000000000000000e+02 8.727532625198364258e-02 1.140973567962646484e-01
4.130000000000000000e+02 8.717986196279525757e-02 1.141176000237464905e-01
4.140000000000000000e+02 8.715350925922393799e-02 1.140710413455963135e-01
4.150000000000000000e+02 8.712098002433776855e-02 1.140243560075759888e-01
4.160000000000000000e+02 8.705677837133407593e-02 1.139160841703414917e-01
4.170000000000000000e+02 8.700627833604812622e-02 1.138411834836006165e-01
4.180000000000000000e+02 8.698327839374542236e-02 1.138490810990333557e-01
4.190000000000000000e+02 8.694448322057723999e-02 1.138350591063499451e-01
4.200000000000000000e+02 8.689235150814056396e-02 1.137117445468902588e-01
4.210000000000000000e+02 8.681973069906234741e-02 1.137072145938873291e-01
4.220000000000000000e+02 8.677738159894943237e-02 1.136133819818496704e-01
4.230000000000000000e+02 8.676118403673171997e-02 1.135994195938110352e-01
4.240000000000000000e+02 8.670075982809066772e-02 1.135144308209419250e-01
4.250000000000000000e+02 8.664003759622573853e-02 1.135031878948211670e-01
4.260000000000000000e+02 8.660189807415008545e-02 1.134580299258232117e-01
4.270000000000000000e+02 8.654489368200302124e-02 1.135181859135627747e-01
4.280000000000000000e+02 8.650019019842147827e-02 1.133641526103019714e-01
4.290000000000000000e+02 8.648791164159774780e-02 1.134535521268844604e-01
4.300000000000000000e+02 8.644658327102661133e-02 1.132747083902359009e-01
4.310000000000000000e+02 8.637315034866333008e-02 1.133354753255844116e-01
4.320000000000000000e+02 8.634176850318908691e-02 1.133568659424781799e-01
4.330000000000000000e+02 8.629257231950759888e-02 1.133009642362594604e-01
4.340000000000000000e+02 8.625866472721099854e-02 1.131595373153686523e-01
4.350000000000000000e+02 8.621332794427871704e-02 1.132104471325874329e-01
4.360000000000000000e+02 8.618846535682678223e-02 1.130892783403396606e-01
4.370000000000000000e+02 8.611493557691574097e-02 1.130325123667716980e-01
4.380000000000000000e+02 8.608837425708770752e-02 1.130170598626136780e-01
4.390000000000000000e+02 8.602661639451980591e-02 1.129008084535598755e-01
4.400000000000000000e+02 8.600867539644241333e-02 1.129673570394515991e-01
4.410000000000000000e+02 8.595399558544158936e-02 1.129356324672698975e-01
4.420000000000000000e+02 8.590297400951385498e-02 1.128683909773826599e-01
4.430000000000000000e+02 8.584310859441757202e-02 1.128199473023414612e-01
4.440000000000000000e+02 8.583077788352966309e-02 1.127873137593269348e-01
4.450000000000000000e+02 8.576825261116027832e-02 1.126839816570281982e-01
4.460000000000000000e+02 8.570804446935653687e-02 1.126653105020523071e-01
4.470000000000000000e+02 8.566235005855560303e-02 1.126330196857452393e-01
4.480000000000000000e+02 8.562733232975006104e-02 1.125965043902397156e-01
4.490000000000000000e+02 8.559890836477279663e-02 1.126216948032379150e-01
4.500000000000000000e+02 8.557251840829849243e-02 1.124878674745559692e-01
4.510000000000000000e+02 8.550100773572921753e-02 1.124611198902130127e-01
4.520000000000000000e+02 8.545793592929840088e-02 1.123709157109260559e-01
4.530000000000000000e+02 8.539763092994689941e-02 1.123619005084037781e-01
4.540000000000000000e+02 8.538047969341278076e-02 1.122584715485572815e-01
4.550000000000000000e+02 8.532573282718658447e-02 1.124226897954940796e-01
4.560000000000000000e+02 8.528744429349899292e-02 1.122966557741165161e-01
4.570000000000000000e+02 8.524347841739654541e-02 1.123004034161567688e-01
4.580000000000000000e+02 8.519829809665679932e-02 1.121815741062164307e-01
4.590000000000000000e+02 8.517783135175704956e-02 1.122202947735786438e-01
4.600000000000000000e+02 8.509605377912521362e-02 1.121828705072402954e-01
4.610000000000000000e+02 8.509717881679534912e-02 1.120898947119712830e-01
4.620000000000000000e+02 8.501262962818145752e-02 1.119403764605522156e-01
4.630000000000000000e+02 8.497455716133117676e-02 1.120158284902572632e-01
4.640000000000000000e+02 8.494838327169418335e-02 1.119285821914672852e-01
4.650000000000000000e+02 8.490299433469772339e-02 1.118703112006187439e-01
4.660000000000000000e+02 8.485659956932067871e-02 1.118918880820274353e-01
4.670000000000000000e+02 8.482972532510757446e-02 1.117940545082092285e-01
4.680000000000000000e+02 8.478148281574249268e-02 1.118112802505493164e-01
4.690000000000000000e+02 8.475211262702941895e-02 1.118285730481147766e-01
4.700000000000000000e+02 8.469067513942718506e-02 1.116802319884300232e-01
4.710000000000000000e+02 8.463329076766967773e-02 1.117052510380744934e-01
4.720000000000000000e+02 8.464507013559341431e-02 1.116197258234024048e-01
4.730000000000000000e+02 8.458899706602096558e-02 1.115337237715721130e-01
4.740000000000000000e+02 8.452059328556060791e-02 1.115603074431419373e-01
4.750000000000000000e+02 8.447179943323135376e-02 1.115851402282714844e-01
4.760000000000000000e+02 8.445788174867630005e-02 1.114576756954193115e-01
4.770000000000000000e+02 8.438456058502197266e-02 1.113892123103141785e-01
4.780000000000000000e+02 8.437418192625045776e-02 1.114211305975914001e-01
4.790000000000000000e+02 8.431274443864822388e-02 1.113166064023971558e-01
4.800000000000000000e+02 8.429141342639923096e-02 1.113662719726562500e-01
4.810000000000000000e+02 8.424933254718780518e-02 1.112801283597946167e-01
4.820000000000000000e+02 8.417777717113494873e-02 1.112114414572715759e-01
4.830000000000000000e+02 8.417027443647384644e-02 1.112138256430625916e-01
4.840000000000000000e+02 8.408486098051071167e-02 1.111096292734146118e-01
4.850000000000000000e+02 8.407549560070037842e-02 1.110881492495536804e-01
4.860000000000000000e+02 8.404788374900817871e-02 1.111315712332725525e-01
4.870000000000000000e+02 8.400344848632812500e-02 1.110287010669708252e-01
4.880000000000000000e+02 8.393930643796920776e-02 1.109375357627868652e-01
4.890000000000000000e+02 8.394035696983337402e-02 1.109083071351051331e-01
4.900000000000000000e+02 8.385660499334335327e-02 1.108763664960861206e-01
4.910000000000000000e+02 8.385120332241058350e-02 1.109029278159141541e-01
4.920000000000000000e+02 8.376514911651611328e-02 1.108670160174369812e-01
4.930000000000000000e+02 8.373440802097320557e-02 1.108944639563560486e-01
4.940000000000000000e+02 8.368827402591705322e-02 1.107196509838104248e-01
4.950000000000000000e+02 8.365362882614135742e-02 1.108120456337928772e-01
4.960000000000000000e+02 8.362588286399841309e-02 1.106805652379989624e-01
4.970000000000000000e+02 8.355171233415603638e-02 1.106130555272102356e-01
4.980000000000000000e+02 8.356139808893203735e-02 1.105337664484977722e-01
4.990000000000000000e+02 8.350402861833572388e-02 1.105466261506080627e-01
5.000000000000000000e+02 8.345916122198104858e-02 1.104926615953445435e-01
5.010000000000000000e+02 8.342763036489486694e-02 1.104725375771522522e-01
5.020000000000000000e+02 8.339094370603561401e-02 1.104712709784507751e-01
5.030000000000000000e+02 8.333921432495117188e-02 1.103735044598579407e-01
5.040000000000000000e+02 8.334748446941375732e-02 1.103669628500938416e-01
5.050000000000000000e+02 8.326601237058639526e-02 1.102092638611793518e-01
5.060000000000000000e+02 8.322447538375854492e-02 1.103047728538513184e-01
5.070000000000000000e+02 8.322369307279586792e-02 1.102155372500419617e-01
5.080000000000000000e+02 8.315728604793548584e-02 1.102459281682968140e-01
5.090000000000000000e+02 8.310364186763763428e-02 1.101525053381919861e-01
5.100000000000000000e+02 8.308599144220352173e-02 1.100762933492660522e-01
5.110000000000000000e+02 8.305177092552185059e-02 1.101385205984115601e-01
5.120000000000000000e+02 8.300438523292541504e-02 1.100498437881469727e-01
5.130000000000000000e+02 8.294381201267242432e-02 1.100251227617263794e-01
5.140000000000000000e+02 8.292978256940841675e-02 1.099209263920783997e-01
5.150000000000000000e+02 8.288570493459701538e-02 1.099399328231811523e-01
5.160000000000000000e+02 8.282711356878280640e-02 1.097790971398353577e-01
5.170000000000000000e+02 8.280454576015472412e-02 1.099268198013305664e-01
5.180000000000000000e+02 8.275585621595382690e-02 1.099460050463676453e-01
5.190000000000000000e+02 8.268644660711288452e-02 1.097568497061729431e-01
5.200000000000000000e+02 8.269035071134567261e-02 1.097254529595375061e-01
5.210000000000000000e+02 8.268029242753982544e-02 1.096502542495727539e-01
5.220000000000000000e+02 8.263005316257476807e-02 1.096596047282218933e-01
5.230000000000000000e+02 8.252798020839691162e-02 1.095830649137496948e-01
5.240000000000000000e+02 8.252876251935958862e-02 1.095463484525680542e-01
5.250000000000000000e+02 8.250921964645385742e-02 1.095217540860176086e-01
5.260000000000000000e+02 8.246112614870071411e-02 1.094742864370346069e-01
5.270000000000000000e+02 8.242133259773254395e-02 1.093913465738296509e-01
5.280000000000000000e+02 8.237347751855850220e-02 1.094344407320022583e-01
5.290000000000000000e+02 8.235806971788406372e-02 1.093311086297035217e-01
5.300000000000000000e+02 8.230460435152053833e-02 1.093947142362594604e-01
5.310000000000000000e+02 8.227074146270751953e-02 1.094399616122245789e-01
5.320000000000000000e+02 8.223147690296173096e-02 1.092903763055801392e-01
5.330000000000000000e+02 8.221565186977386475e-02 1.091958060860633850e-01
5.340000000000000000e+02 8.214769512414932251e-02 1.092069074511528015e-01
5.350000000000000000e+02 8.210903406143188477e-02 1.092414259910583496e-01
5.360000000000000000e+02 8.208033442497253418e-02 1.091241538524627686e-01
5.370000000000000000e+02 8.201067894697189331e-02 1.090622469782829285e-01
5.380000000000000000e+02 8.200784772634506226e-02 1.091541200876235962e-01
5.390000000000000000e+02 8.194279670715332031e-02 1.089318543672561646e-01
5.400000000000000000e+02 8.192034810781478882e-02 1.089508980512619019e-01
5.410000000000000000e+02 8.187004178762435913e-02 1.088785529136657715e-01
5.420000000000000000e+02 8.186205476522445679e-02 1.089469790458679199e-01
5.430000000000000000e+02 8.181776106357574463e-02 1.088978797197341919e-01
5.440000000000000000e+02 8.175551146268844604e-02 1.088071390986442566e-01
5.450000000000000000e+02 8.172510564327239990e-02 1.087299585342407227e-01
5.460000000000000000e+02 8.169151842594146729e-02 1.086628735065460205e-01
5.470000000000000000e+02 8.165074139833450317e-02 1.086575463414192200e-01
5.480000000000000000e+02 8.164117485284805298e-02 1.086600273847579956e-01
5.490000000000000000e+02 8.159381151199340820e-02 1.086923331022262573e-01
5.500000000000000000e+02 8.152564615011215210e-02 1.085589751601219177e-01
5.510000000000000000e+02 8.152370899915695190e-02 1.085408255457878113e-01
5.520000000000000000e+02 8.149424195289611816e-02 1.084569096565246582e-01
5.530000000000000000e+02 8.145794272422790527e-02 1.084821969270706177e-01
5.540000000000000000e+02 8.139893412590026855e-02 1.084017902612686157e-01
5.550000000000000000e+02 8.137199282646179199e-02 1.084058955311775208e-01
5.560000000000000000e+02 8.135110139846801758e-02 1.083210185170173645e-01
5.570000000000000000e+02 8.126638084650039673e-02 1.083264276385307312e-01
5.580000000000000000e+02 8.127231895923614502e-02 1.083324849605560303e-01
5.590000000000000000e+02 8.120185881853103638e-02 1.081450805068016052e-01
5.600000000000000000e+02 8.117043972015380859e-02 1.081944182515144348e-01
5.610000000000000000e+02 8.116354793310165405e-02 1.081275716423988342e-01
5.620000000000000000e+02 8.110735565423965454e-02 1.079933717846870422e-01
5.630000000000000000e+02 8.109029382467269897e-02 1.080930903553962708e-01
5.640000000000000000e+02 8.104006946086883545e-02 1.079636737704277039e-01
5.650000000000000000e+02 8.103649318218231201e-02 1.079247593879699707e-01
5.660000000000000000e+02 8.096797764301300049e-02 1.080715134739875793e-01
5.670000000000000000e+02 8.093407750129699707e-02 1.078707799315452576e-01
5.680000000000000000e+02 8.089990168809890747e-02 1.078114807605743408e-01
5.690000000000000000e+02 8.086257427930831909e-02 1.078950837254524231e-01
5.700000000000000000e+02 8.078859001398086548e-02 1.077932342886924744e-01
5.710000000000000000e+02 8.081057667732238770e-02 1.077398061752319336e-01
5.720000000000000000e+02 8.073838800191879272e-02 1.077076941728591919e-01
5.730000000000000000e+02 8.071183413267135620e-02 1.077450960874557495e-01
5.740000000000000000e+02 8.065713196992874146e-02 1.076858267188072205e-01
5.750000000000000000e+02 8.063982427120208740e-02 1.076164692640304565e-01
5.760000000000000000e+02 8.064092695713043213e-02 1.076554059982299805e-01
5.770000000000000000e+02 8.062124252319335938e-02 1.075799092650413513e-01
5.780000000000000000e+02 8.052226155996322632e-02 1.074769049882888794e-01
5.790000000000000000e+02 8.049076795578002930e-02 1.074780523777008057e-01
5.800000000000000000e+02 8.045179396867752075e-02 1.074965447187423706e-01
5.810000000000000000e+02 8.043117076158523560e-02 1.074640825390815735e-01
5.820000000000000000e+02 8.039272576570510864e-02 1.074161380529403687e-01
5.830000000000000000e+02 8.036430180072784424e-02 1.074293032288551331e-01
5.840000000000000000e+02 8.035011589527130127e-02 1.073494255542755127e-01
5.850000000000000000e+02 8.028314262628555298e-02 1.072384640574455261e-01
5.860000000000000000e+02 8.025272935628890991e-02 1.072368100285530090e-01
5.870000000000000000e+02 8.020365238189697266e-02 1.071768254041671753e-01
5.880000000000000000e+02 8.017573505640029907e-02 1.072133779525756836e-01
5.890000000000000000e+02 8.014371246099472046e-02 1.070906817913055420e-01
5.900000000000000000e+02 8.010760694742202759e-02 1.070755422115325928e-01
5.910000000000000000e+02 8.006038516759872437e-02 1.069631949067115784e-01
5.920000000000000000e+02 8.000565320253372192e-02 1.069737225770950317e-01
5.930000000000000000e+02 7.996500283479690552e-02 1.069083288311958313e-01
5.940000000000000000e+02 7.997438311576843262e-02 1.069816425442695618e-01
5.950000000000000000e+02 7.991001754999160767e-02 1.068535298109054565e-01
5.960000000000000000e+02 7.987237721681594849e-02 1.067528277635574341e-01
5.970000000000000000e+02 7.984810322523117065e-02 1.068694964051246643e-01
5.980000000000000000e+02 7.982002198696136475e-02 1.068204790353775024e-01
5.990000000000000000e+02 7.979356497526168823e-02 1.067219153046607971e-01
6.000000000000000000e+02 7.972020655870437622e-02 1.067620366811752319e-01
6.010000000000000000e+02 7.968883961439132690e-02 1.065164506435394287e-01
6.020000000000000000e+02 7.969749718904495239e-02 1.066242083907127380e-01
6.030000000000000000e+02 7.964304089546203613e-02 1.066434532403945923e-01
6.040000000000000000e+02 7.964025437831878662e-02 1.067236065864562988e-01
6.050000000000000000e+02 7.961523532867431641e-02 1.064178496599197388e-01
6.060000000000000000e+02 7.955235242843627930e-02 1.063604801893234253e-01
6.070000000000000000e+02 7.951482385396957397e-02 1.063887923955917358e-01
6.080000000000000000e+02 7.944452017545700073e-02 1.064207181334495544e-01
6.090000000000000000e+02 7.940209656953811646e-02 1.064349114894866943e-01
6.100000000000000000e+02 7.941068708896636963e-02 1.063748225569725037e-01
6.110000000000000000e+02 7.936868816614151001e-02 1.062472835183143616e-01
6.120000000000000000e+02 7.929947227239608765e-02 1.064096391201019287e-01
6.130000000000000000e+02 7.931412011384963989e-02 1.063266247510910034e-01
6.140000000000000000e+02 7.922579348087310791e-02 1.060168966650962830e-01
6.150000000000000000e+02 7.922477275133132935e-02 1.062697693705558777e-01
6.160000000000000000e+02 7.917633652687072754e-02 1.061399653553962708e-01
6.170000000000000000e+02 7.914331555366516113e-02 1.061148270964622498e-01
6.180000000000000000e+02 7.912416011095046997e-02 1.059630885720252991e-01
6.190000000000000000e+02 7.906291633844375610e-02 1.059884279966354370e-01
6.200000000000000000e+02 7.906462252140045166e-02 1.058889925479888916e-01
6.210000000000000000e+02 7.902006059885025024e-02 1.058386266231536865e-01
6.220000000000000000e+02 7.896100729703903198e-02 1.059315949678421021e-01
6.230000000000000000e+02 7.894553989171981812e-02 1.057841852307319641e-01
6.240000000000000000e+02 7.890584319829940796e-02 1.056350618600845337e-01
6.250000000000000000e+02 7.888966798782348633e-02 1.057162135839462280e-01
6.260000000000000000e+02 7.884721457958221436e-02 1.056995317339897156e-01
6.270000000000000000e+02 7.877787202596664429e-02 1.057230234146118164e-01
6.280000000000000000e+02 7.875435054302215576e-02 1.056285500526428223e-01
6.290000000000000000e+02 7.868998497724533081e-02 1.055659279227256775e-01
6.300000000000000000e+02 7.868888229131698608e-02 1.055029407143592834e-01
6.310000000000000000e+02 7.865120470523834229e-02 1.055374220013618469e-01
6.320000000000000000e+02 7.861747592687606812e-02 1.055420637130737305e-01
6.330000000000000000e+02 7.858351618051528931e-02 1.054044365882873535e-01
6.340000000000000000e+02 7.857512682676315308e-02 1.054798960685729980e-01
6.350000000000000000e+02 7.851748913526535034e-02 1.054593622684478760e-01
6.360000000000000000e+02 7.850540429353713989e-02 1.054310128092765808e-01
6.370000000000000000e+02 7.848773151636123657e-02 1.053497418761253357e-01
6.380000000000000000e+02 7.840579003095626831e-02 1.052083447575569153e-01
6.390000000000000000e+02 7.837365567684173584e-02 1.051586568355560303e-01
6.400000000000000000e+02 7.832623273134231567e-02 1.050831377506256104e-01
6.410000000000000000e+02 7.833598554134368896e-02 1.052470132708549500e-01
6.420000000000000000e+02 7.826797664165496826e-02 1.051253378391265869e-01
6.430000000000000000e+02 7.823939621448516846e-02 1.052228137850761414e-01
6.440000000000000000e+02 7.822427153587341309e-02 1.050579994916915894e-01
6.450000000000000000e+02 7.815153896808624268e-02 1.049971133470535278e-01
6.460000000000000000e+02 7.814591377973556519e-02 1.051441878080368042e-01
6.470000000000000000e+02 7.811412960290908813e-02 1.049971878528594971e-01
6.480000000000000000e+02 7.810213416814804077e-02 1.048434600234031677e-01
6.490000000000000000e+02 7.799681276082992554e-02 1.050466150045394897e-01
6.500000000000000000e+02 7.799327373504638672e-02 1.048130542039871216e-01
6.510000000000000000e+02 7.797273993492126465e-02 1.047717630863189697e-01
6.520000000000000000e+02 7.796677947044372559e-02 1.047650054097175598e-01
6.530000000000000000e+02 7.789753377437591553e-02 1.047944873571395874e-01
6.540000000000000000e+02 7.786048203706741333e-02 1.047575101256370544e-01
6.550000000000000000e+02 7.781602442264556885e-02 1.046758219599723816e-01
6.560000000000000000e+02 7.780533283948898315e-02 1.045683696866035461e-01
6.570000000000000000e+02 7.775648683309555054e-02 1.045254021883010864e-01
6.580000000000000000e+02 7.771647721529006958e-02 1.046133860945701599e-01
6.590000000000000000e+02 7.769097387790679932e-02 1.044855043292045593e-01
6.600000000000000000e+02 7.768929004669189453e-02 1.045158132910728455e-01
6.610000000000000000e+02 7.759755104780197144e-02 1.044125705957412720e-01
6.620000000000000000e+02 7.758650928735733032e-02 1.044040992856025696e-01
6.630000000000000000e+02 7.756332308053970337e-02 1.043375059962272644e-01
6.640000000000000000e+02 7.750622183084487915e-02 1.041916608810424805e-01
6.650000000000000000e+02 7.751447707414627075e-02 1.042794287204742432e-01
6.660000000000000000e+02 7.745710760354995728e-02 1.043127849698066711e-01
6.670000000000000000e+02 7.742226123809814453e-02 1.041818037629127502e-01
6.680000000000000000e+02 7.737248390913009644e-02 1.041889935731887817e-01
6.690000000000000000e+02 7.731097191572189331e-02 1.039916425943374634e-01
6.700000000000000000e+02 7.730931043624877930e-02 1.041890382766723633e-01
6.710000000000000000e+02 7.732852548360824585e-02 1.041879728436470032e-01
6.720000000000000000e+02 7.724950462579727173e-02 1.041259989142417908e-01
6.730000000000000000e+02 7.722494006156921387e-02 1.040006428956985474e-01
6.740000000000000000e+02 7.717058807611465454e-02 1.039865911006927490e-01
6.750000000000000000e+02 7.712784409523010254e-02 1.038649007678031921e-01
6.760000000000000000e+02 7.716700434684753418e-02 1.039263159036636353e-01
6.770000000000000000e+02 7.710904628038406372e-02 1.037878543138504028e-01
6.780000000000000000e+02 7.704687863588333130e-02 1.038272231817245483e-01
6.790000000000000000e+02 7.704582065343856812e-02 1.037400811910629272e-01
6.800000000000000000e+02 7.700167596340179443e-02 1.037026494741439819e-01
6.810000000000000000e+02 7.695171982049942017e-02 1.037380173802375793e-01
6.820000000000000000e+02 7.692937552928924561e-02 1.036007851362228394e-01
6.830000000000000000e+02 7.690390199422836304e-02 1.037269160151481628e-01
6.840000000000000000e+02 7.688729465007781982e-02 1.034920290112495422e-01
6.850000000000000000e+02 7.681356370449066162e-02 1.036358103156089783e-01
6.860000000000000000e+02 7.678497582674026489e-02 1.036073267459869385e-01
6.870000000000000000e+02 7.676423341035842896e-02 1.035060957074165344e-01
6.880000000000000000e+02 7.674299180507659912e-02 1.033933162689208984e-01
6.890000000000000000e+02 7.670821249485015869e-02 1.034944653511047363e-01
6.900000000000000000e+02 7.671628147363662720e-02 1.033974215388298035e-01
6.910000000000000000e+02 7.664373517036437988e-02 1.034925505518913269e-01
6.920000000000000000e+02 7.659923285245895386e-02 1.034296303987503052e-01
6.930000000000000000e+02 7.655651867389678955e-02 1.033448576927185059e-01
6.940000000000000000e+02 7.656714320182800293e-02 1.034047156572341919e-01
6.950000000000000000e+02 7.650273293256759644e-02 1.032320484519004822e-01
6.960000000000000000e+02 7.645987719297409058e-02 1.032777801156044006e-01
6.970000000000000000e+02 7.646047323942184448e-02 1.031619086861610413e-01
6.980000000000000000e+02 7.638651132583618164e-02 1.030760481953620911e-01
6.990000000000000000e+02 7.637894898653030396e-02 1.031950339674949646e-01
7.000000000000000000e+02 7.635220885276794434e-02 1.030251830816268921e-01
7.010000000000000000e+02 7.633899152278900146e-02 1.030208840966224670e-01
7.020000000000000000e+02 7.628139853477478027e-02 1.028729751706123352e-01
7.030000000000000000e+02 7.627805322408676147e-02 1.030314639210700989e-01
7.040000000000000000e+02 7.626606523990631104e-02 1.029614284634590149e-01
7.050000000000000000e+02 7.619908452033996582e-02 1.029866635799407959e-01
7.060000000000000000e+02 7.614842057228088379e-02 1.029644757509231567e-01
7.070000000000000000e+02 7.611484825611114502e-02 1.028018519282341003e-01
7.080000000000000000e+02 7.611248642206192017e-02 1.027073785662651062e-01
7.090000000000000000e+02 7.609542459249496460e-02 1.026304587721824646e-01
7.100000000000000000e+02 7.602492719888687134e-02 1.027675047516822815e-01
7.110000000000000000e+02 7.605984061956405640e-02 1.026741415262222290e-01
7.120000000000000000e+02 7.598281651735305786e-02 1.026161983609199524e-01
7.130000000000000000e+02 7.596031576395034790e-02 1.026143282651901245e-01
7.140000000000000000e+02 7.587319612503051758e-02 1.025727987289428711e-01
7.150000000000000000e+02 7.584765553474426270e-02 1.025165170431137085e-01
7.160000000000000000e+02 7.585276663303375244e-02 1.025876700878143311e-01
7.170000000000000000e+02 7.583686709403991699e-02 1.025249063968658447e-01
7.180000000000000000e+02 7.577131688594818115e-02 1.026127189397811890e-01
7.190000000000000000e+02 7.582426071166992188e-02 1.024362966418266296e-01
7.200000000000000000e+02 7.571545243263244629e-02 1.024656146764755249e-01
7.210000000000000000e+02 7.571872323751449585e-02 1.023707762360572815e-01
7.220000000000000000e+02 7.572943717241287231e-02 1.023918464779853821e-01
7.230000000000000000e+02 7.567124068737030029e-02 1.023594513535499573e-01
7.240000000000000000e+02 7.565581798553466797e-02 1.022263318300247192e-01
7.250000000000000000e+02 7.557452470064163208e-02 1.023487672209739685e-01
7.260000000000000000e+02 7.555680721998214722e-02 1.021304726600646973e-01
7.270000000000000000e+02 7.550863921642303467e-02 1.021921187639236450e-01
7.280000000000000000e+02 7.552251219749450684e-02 1.021327003836631775e-01
7.290000000000000000e+02 7.552421838045120239e-02 1.020995825529098511e-01
7.300000000000000000e+02 7.546428591012954712e-02 1.022079586982727051e-01
7.310000000000000000e+02 7.542616128921508789e-02 1.020115464925765991e-01
7.320000000000000000e+02 7.536447793245315552e-02 1.021243482828140259e-01
7.330000000000000000e+02 7.536391168832778931e-02 1.021009907126426697e-01
7.340000000000000000e+02 7.537022978067398071e-02 1.019045487046241760e-01
7.350000000000000000e+02 7.531237602233886719e-02 1.019610166549682617e-01
7.360000000000000000e+02 7.527995854616165161e-02 1.018812879920005798e-01
7.370000000000000000e+02 7.525499910116195679e-02 1.018813326954841614e-01
7.380000000000000000e+02 7.522504031658172607e-02 1.018615290522575378e-01
7.390000000000000000e+02 7.515857368707656860e-02 1.018392816185951233e-01
7.400000000000000000e+02 7.519806176424026489e-02 1.018482372164726257e-01
7.410000000000000000e+02 7.516096532344818115e-02 1.016877442598342896e-01
7.420000000000000000e+02 7.509618252515792847e-02 1.016899198293685913e-01
7.430000000000000000e+02 7.504387199878692627e-02 1.016570925712585449e-01
7.440000000000000000e+02 7.505298405885696411e-02 1.016252338886260986e-01
7.450000000000000000e+02 7.503230124711990356e-02 1.016402095556259155e-01
7.460000000000000000e+02 7.496924698352813721e-02 1.016389504075050354e-01
7.470000000000000000e+02 7.501061260700225830e-02 1.015425249934196472e-01
7.480000000000000000e+02 7.494375854730606079e-02 1.015648543834686279e-01
7.490000000000000000e+02 7.488828897476196289e-02 1.016027703881263733e-01
7.500000000000000000e+02 7.487712055444717407e-02 1.015860512852668762e-01
7.510000000000000000e+02 7.488023489713668823e-02 1.015028059482574463e-01
7.520000000000000000e+02 7.483964413404464722e-02 1.014875248074531555e-01
7.530000000000000000e+02 7.480552047491073608e-02 1.014690548181533813e-01
7.540000000000000000e+02 7.474322617053985596e-02 1.013964042067527771e-01
7.550000000000000000e+02 7.475139200687408447e-02 1.013941913843154907e-01
7.560000000000000000e+02 7.470252364873886108e-02 1.012720540165901184e-01
7.570000000000000000e+02 7.468496263027191162e-02 1.014200001955032349e-01
7.580000000000000000e+02 7.465587556362152100e-02 1.011430844664573669e-01
7.590000000000000000e+02 7.461308687925338745e-02 1.012338846921920776e-01
7.600000000000000000e+02 7.461171597242355347e-02 1.013213172554969788e-01
7.610000000000000000e+02 7.456007599830627441e-02 1.012328937649726868e-01
7.620000000000000000e+02 7.450740784406661987e-02 1.012076288461685181e-01
7.630000000000000000e+02 7.459725439548492432e-02 1.011853814125061035e-01
7.640000000000000000e+02 7.451970130205154419e-02 1.011861860752105713e-01
7.650000000000000000e+02 7.443643361330032349e-02 1.012350469827651978e-01
7.660000000000000000e+02 7.444743067026138306e-02 1.010547205805778503e-01
7.670000000000000000e+02 7.449048757553100586e-02 1.010993570089340210e-01
7.680000000000000000e+02 7.437492907047271729e-02 1.010761037468910217e-01
7.690000000000000000e+02 7.436904311180114746e-02 1.009611263871192932e-01
7.700000000000000000e+02 7.429371029138565063e-02 1.010167449712753296e-01
7.710000000000000000e+02 7.426106184720993042e-02 1.011063903570175171e-01
7.720000000000000000e+02 7.428915053606033325e-02 1.009472906589508057e-01
7.730000000000000000e+02 7.426045089960098267e-02 1.009370237588882446e-01
7.740000000000000000e+02 7.427792251110076904e-02 1.009412407875061035e-01
7.750000000000000000e+02 7.420154660940170288e-02 1.008380502462387085e-01
7.760000000000000000e+02 7.420203834772109985e-02 1.008923798799514771e-01
7.770000000000000000e+02 7.413326948881149292e-02 1.007525920867919922e-01
7.780000000000000000e+02 7.417840510606765747e-02 1.007557883858680725e-01
7.790000000000000000e+02 7.415819168090820312e-02 1.007439047098159790e-01
7.800000000000000000e+02 7.410097867250442505e-02 1.007121205329895020e-01
7.810000000000000000e+02 7.409816980361938477e-02 1.008176431059837341e-01
7.820000000000000000e+02 7.400109618902206421e-02 1.007493138313293457e-01
7.830000000000000000e+02 7.399910688400268555e-02 1.006165146827697754e-01
7.840000000000000000e+02 7.395106554031372070e-02 1.005885750055313110e-01
7.850000000000000000e+02 7.396563887596130371e-02 1.006675288081169128e-01
7.860000000000000000e+02 7.397216558456420898e-02 1.006585359573364258e-01
7.870000000000000000e+02 7.388111948966979980e-02 1.004951968789100647e-01
7.880000000000000000e+02 7.386809587478637695e-02 1.007980629801750183e-01
7.890000000000000000e+02 7.384834438562393188e-02 1.004887148737907410e-01
7.900000000000000000e+02 7.381800562143325806e-02 1.004570499062538147e-01
7.910000000000000000e+02 7.378537952899932861e-02 1.003859639167785645e-01
7.920000000000000000e+02 7.380805164575576782e-02 1.004656478762626648e-01
7.930000000000000000e+02 7.377929985523223877e-02 1.004210263490676880e-01
7.940000000000000000e+02 7.377691566944122314e-02 1.004511192440986633e-01
7.950000000000000000e+02 7.373999059200286865e-02 1.003933027386665344e-01
7.960000000000000000e+02 7.370552420616149902e-02 1.003342941403388977e-01
7.970000000000000000e+02 7.364366203546524048e-02 1.002666726708412170e-01
7.980000000000000000e+02 7.363913208246231079e-02 1.002814620733261108e-01
7.990000000000000000e+02 7.363796979188919067e-02 1.002519652247428894e-01
8.000000000000000000e+02 7.359164208173751831e-02 1.002351641654968262e-01
8.010000000000000000e+02 7.353915274143218994e-02 1.002856716513633728e-01
8.020000000000000000e+02 7.359557598829269409e-02 1.002315133810043335e-01
8.030000000000000000e+02 7.349563390016555786e-02 1.001260802149772644e-01
8.040000000000000000e+02 7.345404475927352905e-02 1.001463457942008972e-01
8.050000000000000000e+02 7.346590608358383179e-02 1.001818031072616577e-01
8.060000000000000000e+02 7.348888367414474487e-02 1.001937985420227051e-01
8.070000000000000000e+02 7.340981066226959229e-02 1.002393960952758789e-01
8.080000000000000000e+02 7.343012839555740356e-02 1.002004742622375488e-01
8.090000000000000000e+02 7.340776175260543823e-02 1.000268980860710144e-01
8.100000000000000000e+02 7.337630540132522583e-02 1.001154780387878418e-01
8.110000000000000000e+02 7.330420613288879395e-02 1.002401784062385559e-01
8.120000000000000000e+02 7.333308458328247070e-02 1.000519394874572754e-01
8.130000000000000000e+02 7.330977916717529297e-02 9.998554736375808716e-02
8.140000000000000000e+02 7.328721880912780762e-02 9.996432811021804810e-02
8.150000000000000000e+02 7.326810806989669800e-02 9.990242868661880493e-02
8.160000000000000000e+02 7.319129258394241333e-02 9.985304623842239380e-02
8.170000000000000000e+02 7.320266962051391602e-02 9.978176653385162354e-02
8.180000000000000000e+02 7.316873967647552490e-02 1.000298783183097839e-01
8.190000000000000000e+02 7.314629107713699341e-02 9.989144653081893921e-02
8.200000000000000000e+02 7.317368686199188232e-02 9.977962821722030640e-02
8.210000000000000000e+02 7.311189919710159302e-02 9.976500272750854492e-02
8.220000000000000000e+02 7.309892773628234863e-02 9.973138570785522461e-02
8.230000000000000000e+02 7.305983453989028931e-02 9.967163950204849243e-02
8.240000000000000000e+02 7.301825284957885742e-02 9.976162016391754150e-02
8.250000000000000000e+02 7.302217185497283936e-02 9.969237446784973145e-02
8.260000000000000000e+02 7.297316193580627441e-02 9.954006969928741455e-02
8.270000000000000000e+02 7.297131419181823730e-02 9.960031509399414062e-02
8.280000000000000000e+02 7.294328510761260986e-02 9.971716254949569702e-02
8.290000000000000000e+02 7.293137162923812866e-02 9.971077740192413330e-02
8.300000000000000000e+02 7.289315760135650635e-02 9.977972507476806641e-02
8.310000000000000000e+02 7.288252562284469604e-02 9.966219961643218994e-02
8.320000000000000000e+02 7.285150140523910522e-02 9.956967830657958984e-02
8.330000000000000000e+02 7.286775112152099609e-02 9.961619228124618530e-02
8.340000000000000000e+02 7.281214743852615356e-02 9.956298768520355225e-02
8.350000000000000000e+02 7.281774282455444336e-02 9.953041374683380127e-02
8.360000000000000000e+02 7.279591262340545654e-02 9.950366616249084473e-02
8.370000000000000000e+02 7.273300737142562866e-02 9.956430643796920776e-02
8.380000000000000000e+02 7.271113246679306030e-02 9.941533952951431274e-02
8.390000000000000000e+02 7.274283468723297119e-02 9.955973178148269653e-02
8.400000000000000000e+02 7.265543192625045776e-02 9.936883300542831421e-02
8.410000000000000000e+02 7.265180349349975586e-02 9.937646985054016113e-02
8.420000000000000000e+02 7.264003157615661621e-02 9.930331259965896606e-02
8.430000000000000000e+02 7.259469479322433472e-02 9.952411800622940063e-02
8.440000000000000000e+02 7.260717451572418213e-02 9.940558671951293945e-02
8.450000000000000000e+02 7.257410883903503418e-02 9.932556003332138062e-02
8.460000000000000000e+02 7.254023849964141846e-02 9.943246841430664062e-02
8.470000000000000000e+02 7.249683141708374023e-02 9.933053702116012573e-02
8.480000000000000000e+02 7.250383496284484863e-02 9.929449856281280518e-02
8.490000000000000000e+02 7.253202050924301147e-02 9.926432371139526367e-02
8.500000000000000000e+02 7.246949523687362671e-02 9.916584193706512451e-02
8.510000000000000000e+02 7.244145125150680542e-02 9.922465682029724121e-02
8.520000000000000000e+02 7.243224233388900757e-02 9.924738109111785889e-02
8.530000000000000000e+02 7.238651812076568604e-02 9.918989986181259155e-02
8.540000000000000000e+02 7.237000763416290283e-02 9.910681098699569702e-02
8.550000000000000000e+02 7.240048050880432129e-02 9.914539754390716553e-02
8.560000000000000000e+02 7.235239446163177490e-02 9.913011640310287476e-02
8.570000000000000000e+02 7.230237126350402832e-02 9.915409982204437256e-02
8.580000000000000000e+02 7.228269428014755249e-02 9.913455694913864136e-02
8.590000000000000000e+02 7.233645766973495483e-02 9.905579686164855957e-02
8.600000000000000000e+02 7.225111126899719238e-02 9.899569302797317505e-02
8.610000000000000000e+02 7.225940376520156860e-02 9.889817982912063599e-02
8.620000000000000000e+02 7.223840057849884033e-02 9.886917471885681152e-02
8.630000000000000000e+02 7.216683030128479004e-02 9.898792952299118042e-02
8.640000000000000000e+02 7.219375669956207275e-02 9.890066832304000854e-02
8.650000000000000000e+02 7.218534499406814575e-02 9.896824508905410767e-02
8.660000000000000000e+02 7.215797901153564453e-02 9.903600811958312988e-02
8.670000000000000000e+02 7.205545902252197266e-02 9.901756048202514648e-02
8.680000000000000000e+02 7.209731638431549072e-02 9.881186485290527344e-02
8.690000000000000000e+02 7.206238061189651489e-02 9.889274835586547852e-02
8.700000000000000000e+02 7.204907387495040894e-02 9.886395186185836792e-02
8.710000000000000000e+02 7.200834155082702637e-02 9.889179468154907227e-02
8.720000000000000000e+02 7.202582806348800659e-02 9.884913265705108643e-02
8.730000000000000000e+02 7.199926674365997314e-02 9.893065690994262695e-02
8.740000000000000000e+02 7.199081033468246460e-02 9.885895252227783203e-02
8.750000000000000000e+02 7.192510366439819336e-02 9.865902364253997803e-02
8.760000000000000000e+02 7.193573564291000366e-02 9.869413077831268311e-02
8.770000000000000000e+02 7.184589654207229614e-02 9.875153005123138428e-02
8.780000000000000000e+02 7.188470661640167236e-02 9.878378361463546753e-02
8.790000000000000000e+02 7.187987118959426880e-02 9.865783154964447021e-02
8.800000000000000000e+02 7.182212918996810913e-02 9.865141659975051880e-02
8.810000000000000000e+02 7.181664556264877319e-02 9.858571738004684448e-02
8.820000000000000000e+02 7.178414613008499146e-02 9.880121052265167236e-02
8.830000000000000000e+02 7.179040461778640747e-02 9.852888435125350952e-02
8.840000000000000000e+02 7.173968106508255005e-02 9.862484782934188843e-02
8.850000000000000000e+02 7.173137366771697998e-02 9.862252324819564819e-02
8.860000000000000000e+02 7.171799987554550171e-02 9.853898733854293823e-02
8.870000000000000000e+02 7.171981781721115112e-02 9.858844429254531860e-02
8.880000000000000000e+02 7.173339277505874634e-02 9.828741103410720825e-02
8.890000000000000000e+02 7.172805815935134888e-02 9.848917275667190552e-02
8.900000000000000000e+02 7.161013782024383545e-02 9.850444644689559937e-02
8.910000000000000000e+02 7.161100208759307861e-02 9.852318465709686279e-02
8.920000000000000000e+02 7.166887074708938599e-02 9.850412607192993164e-02
8.930000000000000000e+02 7.154668867588043213e-02 9.855333715677261353e-02
8.940000000000000000e+02 7.157356292009353638e-02 9.833832830190658569e-02
8.950000000000000000e+02 7.151343673467636108e-02 9.843395650386810303e-02
8.960000000000000000e+02 7.154709845781326294e-02 9.842509776353836060e-02
8.970000000000000000e+02 7.148858159780502319e-02 9.842485934495925903e-02
