0.000000000000000000e+00 1.118230074644088745e-01 1.348789930343627930e-01
1.000000000000000000e+00 1.116195246577262878e-01 1.346539407968521118e-01
2.000000000000000000e+00 1.114127412438392639e-01 1.344894170761108398e-01
3.000000000000000000e+00 1.112046763300895691e-01 1.343233436346054077e-01
4.000000000000000000e+00 1.110126972198486328e-01 1.341491043567657471e-01
5.000000000000000000e+00 1.108092516660690308e-01 1.339548230171203613e-01
6.000000000000000000e+00 1.106170937418937683e-01 1.337798088788986206e-01
7.000000000000000000e+00 1.104201972484588623e-01 1.335790902376174927e-01
8.000000000000000000e+00 1.102463230490684509e-01 1.334363818168640137e-01
9.000000000000000000e+00 1.100466549396514893e-01 1.332575678825378418e-01
1.000000000000000000e+01 1.098465397953987122e-01 1.331064552068710327e-01
1.100000000000000000e+01 1.096782386302947998e-01 1.329595893621444702e-01
1.200000000000000000e+01 1.094837486743927002e-01 1.327853500843048096e-01
1.300000000000000000e+01 1.093069165945053101e-01 1.325980871915817261e-01
1.400000000000000000e+01 1.091074496507644653e-01 1.324383467435836792e-01
1.500000000000000000e+01 1.089264377951622009e-01 1.322519928216934204e-01
1.600000000000000000e+01 1.087583079934120178e-01 1.321131587028503418e-01
1.700000000000000000e+01 1.085594445466995239e-01 1.319253891706466675e-01
1.800000000000000000e+01 1.083922311663627625e-01 1.317553818225860596e-01
1.900000000000000000e+01 1.082240790128707886e-01 1.315964758396148682e-01
2.000000000000000000e+01 1.080387383699417114e-01 1.314706802368164062e-01
2.100000000000000000e+01 1.078860834240913391e-01 1.312996894121170044e-01
2.200000000000000000e+01 1.077022552490234375e-01 1.311247348785400391e-01
2.300000000000000000e+01 1.075310409069061279e-01 1.309680193662643433e-01
2.400000000000000000e+01 1.073653697967529297e-01 1.308028697967529297e-01
2.500000000000000000e+01 1.071936488151550293e-01 1.306576877832412720e-01
2.600000000000000000e+01 1.070218533277511597e-01 1.304862797260284424e-01
2.700000000000000000e+01 1.068702414631843567e-01 1.303858458995819092e-01
2.800000000000000000e+01 1.067047715187072754e-01 1.301992833614349365e-01
2.900000000000000000e+01 1.065486446022987366e-01 1.300503611564636230e-01
3.000000000000000000e+01 1.063898429274559021e-01 1.299051195383071899e-01
3.100000000000000000e+01 1.062121018767356873e-01 1.297301948070526123e-01
3.200000000000000000e+01 1.060498952865600586e-01 1.295941919088363647e-01
3.300000000000000000e+01 1.059099584817886353e-01 1.294621378183364868e-01
3.400000000000000000e+01 1.057406067848205566e-01 1.293209791183471680e-01
3.500000000000000000e+01 1.055975109338760376e-01 1.291776746511459351e-01
3.600000000000000000e+01 1.054356247186660767e-01 1.290332525968551636e-01
3.700000000000000000e+01 1.052762567996978760e-01 1.288829892873764038e-01
3.800000000000000000e+01 1.051370725035667419e-01 1.287316232919692993e-01
3.900000000000000000e+01 1.049706414341926575e-01 1.285838931798934937e-01
4.000000000000000000e+01 1.048150658607482910e-01 1.284353584051132202e-01
4.100000000000000000e+01 1.046617478132247925e-01 1.283039003610610962e-01
4.200000000000000000e+01 1.045236065983772278e-01 1.281612366437911987e-01
4.300000000000000000e+01 1.043733730912208557e-01 1.280130892992019653e-01
4.400000000000000000e+01 1.042267158627510071e-01 1.278591006994247437e-01
4.500000000000000000e+01 1.040431633591651917e-01 1.277657598257064819e-01
4.600000000000000000e+01 1.039141789078712463e-01 1.276081949472427368e-01
4.700000000000000000e+01 1.037621498107910156e-01 1.274515092372894287e-01
4.800000000000000000e+01 1.036189869046211243e-01 1.273369342088699341e-01
4.900000000000000000e+01 1.034724786877632141e-01 1.271916627883911133e-01
5.000000000000000000e+01 1.033232435584068298e-01 1.270464062690734863e-01
5.100000000000000000e+01 1.031911373138427734e-01 1.269160211086273193e-01
5.200000000000000000e+01 1.030373945832252502e-01 1.267993897199630737e-01
5.300000000000000000e+01 1.028878912329673767e-01 1.266156435012817383e-01
5.400000000000000000e+01 1.027321666479110718e-01 1.264865845441818237e-01
5.500000000000000000e+01 1.026033163070678711e-01 1.263910531997680664e-01
5.600000000000000000e+01 1.024488210678100586e-01 1.262485980987548828e-01
5.700000000000000000e+01 1.023134663701057434e-01 1.261123716831207275e-01
5.800000000000000000e+01 1.021691486239433289e-01 1.259621083736419678e-01
5.900000000000000000e+01 1.020314097404479980e-01 1.258332431316375732e-01
6.000000000000000000e+01 1.018879786133766174e-01 1.257233768701553345e-01
6.100000000000000000e+01 1.017489880323410034e-01 1.255254596471786499e-01
6.200000000000000000e+01 1.015925705432891846e-01 1.253858804702758789e-01
6.300000000000000000e+01 1.014634072780609131e-01 1.252821385860443115e-01
6.400000000000000000e+01 1.012904345989227295e-01 1.251027435064315796e-01
6.500000000000000000e+01 1.011723577976226807e-01 1.250063180923461914e-01
6.600000000000000000e+01 1.010328903794288635e-01 1.248695999383926392e-01
6.700000000000000000e+01 1.008927822113037109e-01 1.247132644057273865e-01
6.800000000000000000e+01 1.007490977644920349e-01 1.245977059006690979e-01
6.900000000000000000e+01 1.006139516830444336e-01 1.244552060961723328e-01
7.000000000000000000e+01 1.004763096570968628e-01 1.243268698453903198e-01
7.100000000000000000e+01 1.003362908959388733e-01 1.241751685738563538e-01
7.200000000000000000e+01 1.001998931169509888e-01 1.240454763174057007e-01
7.300000000000000000e+01 1.000711470842361450e-01 1.239207163453102112e-01
7.400000000000000000e+01 9.992950409650802612e-02 1.238269954919815063e-01
7.500000000000000000e+01 9.978769719600677490e-02 1.236855909228324890e-01
7.600000000000000000e+01 9.965900331735610962e-02 1.235425695776939392e-01
7.700000000000000000e+01 9.952521324157714844e-02 1.233833730220794678e-01
7.800000000000000000e+01 9.938661009073257446e-02 1.232345178723335266e-01
7.900000000000000000e+01 9.924909472465515137e-02 1.231567859649658203e-01
8.000000000000000000e+01 9.911683201789855957e-02 1.229859590530395508e-01
8.100000000000000000e+01 9.896887093782424927e-02 1.228077858686447144e-01
8.200000000000000000e+01 9.885226935148239136e-02 1.227031275629997253e-01
8.300000000000000000e+01 9.871317446231842041e-02 1.225722208619117737e-01
8.400000000000000000e+01 9.856496751308441162e-02 1.224258989095687866e-01
8.500000000000000000e+01 9.844738245010375977e-02 1.223111972212791443e-01
8.600000000000000000e+01 9.830770641565322876e-02 1.221700683236122131e-01
8.700000000000000000e+01 9.816731512546539307e-02 1.220403015613555908e-01
8.800000000000000000e+01 9.804403781890869141e-02 1.218972578644752502e-01
8.900000000000000000e+01 9.790816903114318848e-02 1.217812821269035339e-01
9.000000000000000000e+01 9.777254611253738403e-02 1.215988099575042725e-01
9.100000000000000000e+01 9.765477478504180908e-02 1.215194538235664368e-01
9.200000000000000000e+01 9.751970320940017700e-02 1.213321685791015625e-01
9.300000000000000000e+01 9.737329185009002686e-02 1.212385445833206177e-01
9.400000000000000000e+01 9.725063294172286987e-02 1.210762411355972290e-01
9.500000000000000000e+01 9.712316095829010010e-02 1.209623292088508606e-01
9.600000000000000000e+01 9.698684513568878174e-02 1.207913607358932495e-01
9.700000000000000000e+01 9.687977284193038940e-02 1.206355616450309753e-01
9.800000000000000000e+01 9.672735631465911865e-02 1.205036342144012451e-01
9.900000000000000000e+01 9.661427885293960571e-02 1.203742176294326782e-01
1.000000000000000000e+02 9.647479653358459473e-02 1.202780157327651978e-01
1.010000000000000000e+02 9.634837508201599121e-02 1.201286688446998596e-01
1.020000000000000000e+02 9.623565524816513062e-02 1.200057044625282288e-01
1.030000000000000000e+02 9.609534591436386108e-02 1.198549121618270874e-01
1.040000000000000000e+02 9.595835953950881958e-02 1.197147816419601440e-01
1.050000000000000000e+02 9.583875536918640137e-02 1.195844039320945740e-01
1.060000000000000000e+02 9.570833295583724976e-02 1.194424033164978027e-01
1.070000000000000000e+02 9.558542817831039429e-02 1.192943900823593140e-01
1.080000000000000000e+02 9.545177221298217773e-02 1.192006990313529968e-01
1.090000000000000000e+02 9.533087164163589478e-02 1.190210878849029541e-01
1.100000000000000000e+02 9.520590305328369141e-02 1.189352422952651978e-01
1.110000000000000000e+02 9.508202224969863892e-02 1.187627166509628296e-01
1.120000000000000000e+02 9.497120231389999390e-02 1.186355799436569214e-01
1.130000000000000000e+02 9.482544660568237305e-02 1.185201406478881836e-01
1.140000000000000000e+02 9.473283588886260986e-02 1.183589026331901550e-01
1.150000000000000000e+02 9.457788616418838501e-02 1.182350590825080872e-01
1.160000000000000000e+02 9.446103870868682861e-02 1.180842295289039612e-01
1.170000000000000000e+02 9.434372186660766602e-02 1.179572865366935730e-01
1.180000000000000000e+02 9.422819316387176514e-02 1.178982332348823547e-01
1.190000000000000000e+02 9.408630430698394775e-02 1.177000552415847778e-01
1.200000000000000000e+02 9.397847205400466919e-02 1.176229491829872131e-01
1.210000000000000000e+02 9.387740492820739746e-02 1.174052879214286804e-01
1.220000000000000000e+02 9.372542798519134521e-02 1.172794401645660400e-01
1.230000000000000000e+02 9.360084682703018188e-02 1.171401366591453552e-01
1.240000000000000000e+02 9.349277615547180176e-02 1.170176044106483459e-01
1.250000000000000000e+02 9.336514025926589966e-02 1.168875768780708313e-01
1.260000000000000000e+02 9.323588013648986816e-02 1.167654767632484436e-01
1.270000000000000000e+02 9.315264225006103516e-02 1.166079193353652954e-01
1.280000000000000000e+02 9.302610903978347778e-02 1.165004670619964600e-01
1.290000000000000000e+02 9.287334978580474854e-02 1.163344159722328186e-01
1.300000000000000000e+02 9.275753796100616455e-02 1.162262633442878723e-01
1.310000000000000000e+02 9.265530109405517578e-02 1.161124035716056824e-01
1.320000000000000000e+02 9.253747016191482544e-02 1.159164682030677795e-01
1.330000000000000000e+02 9.240403026342391968e-02 1.158787161111831665e-01
1.340000000000000000e+02 9.228999167680740356e-02 1.156477853655815125e-01
1.350000000000000000e+02 9.216493368148803711e-02 1.156176030635833740e-01
1.360000000000000000e+02 9.203591942787170410e-02 1.154355481266975403e-01
1.370000000000000000e+02 9.194992482662200928e-02 1.153376847505569458e-01
1.380000000000000000e+02 9.181044995784759521e-02 1.151651889085769653e-01
1.390000000000000000e+02 9.168779104948043823e-02 1.150728687644004822e-01
1.400000000000000000e+02 9.157577902078628540e-02 1.149870082736015320e-01
1.410000000000000000e+02 9.145393222570419312e-02 1.148520857095718384e-01
1.420000000000000000e+02 9.134034067392349243e-02 1.146738529205322266e-01
1.430000000000000000e+02 9.122960269451141357e-02 1.145354211330413818e-01
1.440000000000000000e+02 9.111471474170684814e-02 1.144376024603843689e-01
1.450000000000000000e+02 9.099446237087249756e-02 1.142652556300163269e-01
1.460000000000000000e+02 9.086035937070846558e-02 1.141917556524276733e-01
1.470000000000000000e+02 9.075654298067092896e-02 1.139827072620391846e-01
1.480000000000000000e+02 9.062737971544265747e-02 1.139637678861618042e-01
1.490000000000000000e+02 9.052056074142456055e-02 1.137633770704269409e-01
1.500000000000000000e+02 9.043118357658386230e-02 1.136012598872184753e-01
1.510000000000000000e+02 9.028475731611251831e-02 1.134312674403190613e-01
1.520000000000000000e+02 9.016124159097671509e-02 1.133913546800613403e-01
1.530000000000000000e+02 9.004504978656768799e-02 1.132566332817077637e-01
1.540000000000000000e+02 8.992774039506912231e-02 1.131125092506408691e-01
1.550000000000000000e+02 8.982301503419876099e-02 1.129372864961624146e-01
1.560000000000000000e+02 8.972454071044921875e-02 1.128640696406364441e-01
1.570000000000000000e+02 8.959706127643585205e-02 1.127249822020530701e-01
1.580000000000000000e+02 8.948531746864318848e-02 1.126050353050231934e-01
1.590000000000000000e+02 8.934971690177917480e-02 1.124908700585365295e-01
1.600000000000000000e+02 8.922363817691802979e-02 1.123175844550132751e-01
1.610000000000000000e+02 8.912798762321472168e-02 1.122018918395042419e-01
1.620000000000000000e+02 8.900722861289978027e-02 1.120298132300376892e-01
1.630000000000000000e+02 8.889203518629074097e-02 1.120107844471931458e-01
1.640000000000000000e+02 8.877658843994140625e-02 1.118764057755470276e-01
1.650000000000000000e+02 8.866419643163681030e-02 1.117477267980575562e-01
1.660000000000000000e+02 8.853133022785186768e-02 1.115578189492225647e-01
1.670000000000000000e+02 8.841621875762939453e-02 1.115323230624198914e-01
1.680000000000000000e+02 8.828455954790115356e-02 1.113842874765396118e-01
1.690000000000000000e+02 8.819735050201416016e-02 1.111926287412643433e-01
1.700000000000000000e+02 8.809265494346618652e-02 1.110894680023193359e-01
1.710000000000000000e+02 8.794718235731124878e-02 1.109395027160644531e-01
1.720000000000000000e+02 8.784848451614379883e-02 1.108667999505996704e-01
1.730000000000000000e+02 8.773779869079589844e-02 1.107759624719619751e-01
1.740000000000000000e+02 8.760136365890502930e-02 1.106275916099548340e-01
1.750000000000000000e+02 8.750562369823455811e-02 1.104899644851684570e-01
1.760000000000000000e+02 8.738529682159423828e-02 1.103542745113372803e-01
1.770000000000000000e+02 8.726701140403747559e-02 1.102954968810081482e-01
1.780000000000000000e+02 8.715648204088211060e-02 1.101858094334602356e-01
1.790000000000000000e+02 8.704911172389984131e-02 1.099970340728759766e-01
1.800000000000000000e+02 8.694214373826980591e-02 1.098664179444313049e-01
1.810000000000000000e+02 8.683229982852935791e-02 1.097442656755447388e-01
1.820000000000000000e+02 8.670993149280548096e-02 1.096947416663169861e-01
1.830000000000000000e+02 8.659915626049041748e-02 1.095437258481979370e-01
1.840000000000000000e+02 8.646661043167114258e-02 1.094487458467483521e-01
1.850000000000000000e+02 8.638312667608261108e-02 1.092985123395919800e-01
1.860000000000000000e+02 8.623840659856796265e-02 1.092068850994110107e-01
1.870000000000000000e+02 8.613208681344985962e-02 1.090804934501647949e-01
1.880000000000000000e+02 8.601699024438858032e-02 1.088964566588401794e-01
1.890000000000000000e+02 8.590767532587051392e-02 1.088222414255142212e-01
1.900000000000000000e+02 8.583678305149078369e-02 1.086378917098045349e-01
1.910000000000000000e+02 8.568895608186721802e-02 1.085988134145736694e-01
1.920000000000000000e+02 8.559127897024154663e-02 1.085149198770523071e-01
1.930000000000000000e+02 8.547095954418182373e-02 1.084248125553131104e-01
1.940000000000000000e+02 8.534196764230728149e-02 1.082904934883117676e-01
1.950000000000000000e+02 8.522500842809677124e-02 1.080717444419860840e-01
1.960000000000000000e+02 8.514021337032318115e-02 1.080298572778701782e-01
1.970000000000000000e+02 8.501204103231430054e-02 1.079430356621742249e-01
1.980000000000000000e+02 8.490645140409469604e-02 1.078136563301086426e-01
1.990000000000000000e+02 8.479601889848709106e-02 1.077296733856201172e-01
2.000000000000000000e+02 8.467080444097518921e-02 1.076170280575752258e-01
2.010000000000000000e+02 8.455284684896469116e-02 1.074454560875892639e-01
2.020000000000000000e+02 8.445847779512405396e-02 1.074583604931831360e-01
2.030000000000000000e+02 8.434358984231948853e-02 1.071666628122329712e-01
2.040000000000000000e+02 8.421520888805389404e-02 1.071249693632125854e-01
2.050000000000000000e+02 8.411939442157745361e-02 1.071056351065635681e-01
2.060000000000000000e+02 8.402071893215179443e-02 1.068738996982574463e-01
2.070000000000000000e+02 8.390185236930847168e-02 1.067395359277725220e-01
2.080000000000000000e+02 8.378031849861145020e-02 1.066692918539047241e-01
2.090000000000000000e+02 8.367535471916198730e-02 1.065442115068435669e-01
2.100000000000000000e+02 8.356817811727523804e-02 1.064869314432144165e-01
2.110000000000000000e+02 8.345855772495269775e-02 1.062772721052169800e-01
2.120000000000000000e+02 8.335400372743606567e-02 1.062123179435729980e-01
2.130000000000000000e+02 8.327702432870864868e-02 1.062064915895462036e-01
2.140000000000000000e+02 8.316792547702789307e-02 1.060336828231811523e-01
2.150000000000000000e+02 8.304397761821746826e-02 1.059931442141532898e-01
2.160000000000000000e+02 8.291874080896377563e-02 1.057477220892906189e-01
2.170000000000000000e+02 8.284572511911392212e-02 1.057085916399955750e-01
2.180000000000000000e+02 8.271003514528274536e-02 1.055813729763031006e-01
2.190000000000000000e+02 8.262131363153457642e-02 1.055316329002380371e-01
2.200000000000000000e+02 8.249448984861373901e-02 1.053335964679718018e-01
2.210000000000000000e+02 8.239618688821792603e-02 1.052748486399650574e-01
2.220000000000000000e+02 8.228822052478790283e-02 1.051555499434471130e-01
2.230000000000000000e+02 8.217978477478027344e-02 1.051208451390266418e-01
2.240000000000000000e+02 8.207907527685165405e-02 1.049668118357658386e-01
2.250000000000000000e+02 8.195530623197555542e-02 1.049017831683158875e-01
2.260000000000000000e+02 8.189336955547332764e-02 1.047670841217041016e-01
2.270000000000000000e+02 8.175206184387207031e-02 1.047732681035995483e-01
2.280000000000000000e+02 8.164343982934951782e-02 1.045736819505691528e-01
2.290000000000000000e+02 8.157118409872055054e-02 1.044692769646644592e-01
2.300000000000000000e+02 8.147764950990676880e-02 1.043063327670097351e-01
2.310000000000000000e+02 8.136446028947830200e-02 1.041633933782577515e-01
2.320000000000000000e+02 8.123677968978881836e-02 1.041366308927536011e-01
2.330000000000000000e+02 8.114386349916458130e-02 1.040135547518730164e-01
2.340000000000000000e+02 8.102205395698547363e-02 1.039566174149513245e-01
2.350000000000000000e+02 8.093693107366561890e-02 1.038873493671417236e-01
2.360000000000000000e+02 8.084613084793090820e-02 1.038001775741577148e-01
2.370000000000000000e+02 8.074921369552612305e-02 1.036334410309791565e-01
2.380000000000000000e+02 8.062548190355300903e-02 1.036334559321403503e-01
2.390000000000000000e+02 8.054760843515396118e-02 1.034566909074783325e-01
2.400000000000000000e+02 8.043771237134933472e-02 1.032901406288146973e-01
2.410000000000000000e+02 8.034028112888336182e-02 1.032799109816551208e-01
2.420000000000000000e+02 8.022701740264892578e-02 1.032015457749366760e-01
2.430000000000000000e+02 8.011752367019653320e-02 1.030165106058120728e-01
2.440000000000000000e+02 8.004684746265411377e-02 1.028818711638450623e-01
2.450000000000000000e+02 7.994499802589416504e-02 1.028514131903648376e-01
2.460000000000000000e+02 7.983234524726867676e-02 1.028447747230529785e-01
2.470000000000000000e+02 7.978083193302154541e-02 1.027468666434288025e-01
2.480000000000000000e+02 7.966581732034683228e-02 1.026647016406059265e-01
2.490000000000000000e+02 7.956108450889587402e-02 1.024877652525901794e-01
2.500000000000000000e+02 7.943936437368392944e-02 1.024153307080268860e-01
2.510000000000000000e+02 7.934207469224929810e-02 1.023573130369186401e-01
2.520000000000000000e+02 7.928232848644256592e-02 1.021813377737998962e-01
2.530000000000000000e+02 7.916679233312606812e-02 1.021455898880958557e-01
2.540000000000000000e+02 7.910025119781494141e-02 1.020434945821762085e-01
2.550000000000000000e+02 7.901791483163833618e-02 1.020489037036895752e-01
2.560000000000000000e+02 7.888933271169662476e-02 1.018463373184204102e-01
2.570000000000000000e+02 7.880835980176925659e-02 1.018278226256370544e-01
2.580000000000000000e+02 7.873737812042236328e-02 1.017143204808235168e-01
2.590000000000000000e+02 7.862583547830581665e-02 1.016237661242485046e-01
2.600000000000000000e+02 7.852570712566375732e-02 1.015250012278556824e-01
2.610000000000000000e+02 7.847010344266891479e-02 1.015440449118614197e-01
2.620000000000000000e+02 7.833729684352874756e-02 1.014104411005973816e-01
2.630000000000000000e+02 7.825508713722229004e-02 1.013259738683700562e-01
2.640000000000000000e+02 7.816285640001296997e-02 1.012028306722640991e-01
2.650000000000000000e+02 7.806452363729476929e-02 1.010852605104446411e-01
2.660000000000000000e+02 7.799316197633743286e-02 1.011013090610504150e-01
2.670000000000000000e+02 7.789084315299987793e-02 1.009041890501976013e-01
2.680000000000000000e+02 7.782726734876632690e-02 1.008986681699752808e-01
2.690000000000000000e+02 7.773588597774505615e-02 1.008226051926612854e-01
2.700000000000000000e+02 7.765752822160720825e-02 1.008077040314674377e-01
2.710000000000000000e+02 7.757593691349029541e-02 1.006129011511802673e-01
2.720000000000000000e+02 7.748360931873321533e-02 1.005264818668365479e-01
2.730000000000000000e+02 7.741453498601913452e-02 1.005347371101379395e-01
2.740000000000000000e+02 7.733872532844543457e-02 1.004000380635261536e-01
2.750000000000000000e+02 7.722472399473190308e-02 1.002763211727142334e-01
2.760000000000000000e+02 7.716973870992660522e-02 1.002900898456573486e-01
2.770000000000000000e+02 7.708782702684402466e-02 1.002410948276519775e-01
2.780000000000000000e+02 7.700038701295852661e-02 1.000992357730865479e-01
2.790000000000000000e+02 7.692952454090118408e-02 9.998887032270431519e-02
2.800000000000000000e+02 7.686224579811096191e-02 9.995643049478530884e-02
2.810000000000000000e+02 7.676358520984649658e-02 9.976223856210708618e-02
2.820000000000000000e+02 7.666142284870147705e-02 9.982474148273468018e-02
2.830000000000000000e+02 7.660374045372009277e-02 9.971208125352859497e-02
2.840000000000000000e+02 7.650410383939743042e-02 9.958582371473312378e-02
2.850000000000000000e+02 7.645788788795471191e-02 9.961950778961181641e-02
2.860000000000000000e+02 7.634951174259185791e-02 9.952953457832336426e-02
2.870000000000000000e+02 7.627870887517929077e-02 9.948118031024932861e-02
2.880000000000000000e+02 7.622198760509490967e-02 9.937195479869842529e-02
2.890000000000000000e+02 7.615044713020324707e-02 9.944894909858703613e-02
2.900000000000000000e+02 7.606284320354461670e-02 9.922786056995391846e-02
2.910000000000000000e+02 7.597537338733673096e-02 9.917240589857101440e-02
2.920000000000000000e+02 7.591992616653442383e-02 9.914050996303558350e-02
2.930000000000000000e+02 7.583902031183242798e-02 9.911659359931945801e-02
2.940000000000000000e+02 7.578910887241363525e-02 9.890090674161911011e-02
2.950000000000000000e+02 7.571521401405334473e-02 9.890426695346832275e-02
2.960000000000000000e+02 7.561793923377990723e-02 9.882690757513046265e-02
2.970000000000000000e+02 7.554706931114196777e-02 9.891439229249954224e-02
2.980000000000000000e+02 7.547108083963394165e-02 9.870525449514389038e-02
2.990000000000000000e+02 7.543694972991943359e-02 9.870787709951400757e-02
3.000000000000000000e+02 7.535974681377410889e-02 9.863362461328506470e-02
3.010000000000000000e+02 7.528463751077651978e-02 9.869194030761718750e-02
3.020000000000000000e+02 7.520955801010131836e-02 9.849125891923904419e-02
3.030000000000000000e+02 7.514870911836624146e-02 9.846971929073333740e-02
3.040000000000000000e+02 7.509342581033706665e-02 9.827814996242523193e-02
3.050000000000000000e+02 7.501199096441268921e-02 9.818907082080841064e-02
3.060000000000000000e+02 7.497102022171020508e-02 9.828384965658187866e-02
3.070000000000000000e+02 7.488422840833663940e-02 9.820973873138427734e-02
3.080000000000000000e+02 7.479948550462722778e-02 9.818344563245773315e-02
3.090000000000000000e+02 7.473882287740707397e-02 9.810396283864974976e-02
3.100000000000000000e+02 7.471315562725067139e-02 9.803136438131332397e-02
3.110000000000000000e+02 7.464751601219177246e-02 9.798187762498855591e-02
3.120000000000000000e+02 7.456186413764953613e-02 9.794570505619049072e-02
3.130000000000000000e+02 7.449692487716674805e-02 9.775410592555999756e-02
3.140000000000000000e+02 7.442647963762283325e-02 9.769201278686523438e-02
3.150000000000000000e+02 7.438004761934280396e-02 9.779193997383117676e-02
3.160000000000000000e+02 7.433253526687622070e-02 9.762401133775711060e-02
3.170000000000000000e+02 7.428315281867980957e-02 9.772073477506637573e-02
3.180000000000000000e+02 7.421201467514038086e-02 9.765335172414779663e-02
3.190000000000000000e+02 7.414931058883666992e-02 9.750462323427200317e-02
3.200000000000000000e+02 7.411673665046691895e-02 9.737461060285568237e-02
3.210000000000000000e+02 7.404866069555282593e-02 9.743905812501907349e-02
3.220000000000000000e+02 7.399187982082366943e-02 9.742677956819534302e-02
3.230000000000000000e+02 7.391873747110366821e-02 9.737217426300048828e-02
3.240000000000000000e+02 7.386079430580139160e-02 9.731926023960113525e-02
3.250000000000000000e+02 7.382337749004364014e-02 9.726169705390930176e-02
3.260000000000000000e+02 7.381050288677215576e-02 9.717590361833572388e-02
3.270000000000000000e+02 7.371250540018081665e-02 9.710238128900527954e-02
3.280000000000000000e+02 7.365903258323669434e-02 9.702619910240173340e-02
3.290000000000000000e+02 7.358595728874206543e-02 9.702507406473159790e-02
3.300000000000000000e+02 7.354012131690979004e-02 9.699163585901260376e-02
3.310000000000000000e+02 7.347577810287475586e-02 9.685434401035308838e-02
3.320000000000000000e+02 7.344350963830947876e-02 9.699350595474243164e-02
3.330000000000000000e+02 7.339871674776077271e-02 9.685690701007843018e-02
3.340000000000000000e+02 7.333443313837051392e-02 9.679045528173446655e-02
3.350000000000000000e+02 7.331943511962890625e-02 9.675731509923934937e-02
3.360000000000000000e+02 7.323684543371200562e-02 9.675467759370803833e-02
3.370000000000000000e+02 7.317245006561279297e-02 9.672767668962478638e-02
3.380000000000000000e+02 7.311231642961502075e-02 9.666194021701812744e-02
3.390000000000000000e+02 7.306164503097534180e-02 9.666630625724792480e-02
3.400000000000000000e+02 7.307612895965576172e-02 9.660436213016510010e-02
3.410000000000000000e+02 7.299324870109558105e-02 9.664360433816909790e-02
3.420000000000000000e+02 7.294003665447235107e-02 9.643038362264633179e-02
3.430000000000000000e+02 7.289882004261016846e-02 9.648741781711578369e-02
3.440000000000000000e+02 7.285766303539276123e-02 9.639224410057067871e-02
3.450000000000000000e+02 7.280176877975463867e-02 9.646029770374298096e-02
3.460000000000000000e+02 7.275858521461486816e-02 9.636262059211730957e-02
3.470000000000000000e+02 7.267905771732330322e-02 9.619357436895370483e-02
3.480000000000000000e+02 7.264194637537002563e-02 9.641061723232269287e-02
3.490000000000000000e+02 7.260738313198089600e-02 9.614476561546325684e-02
3.500000000000000000e+02 7.254877686500549316e-02 9.615583717823028564e-02
3.510000000000000000e+02 7.247708737850189209e-02 9.609203040599822998e-02
3.520000000000000000e+02 7.243789732456207275e-02 9.614672511816024780e-02
3.530000000000000000e+02 7.242477685213088989e-02 9.614077955484390259e-02
3.540000000000000000e+02 7.234840840101242065e-02 9.604364633560180664e-02
3.550000000000000000e+02 7.234509289264678955e-02 9.600498527288436890e-02
3.560000000000000000e+02 7.225649803876876831e-02 9.596174955368041992e-02
3.570000000000000000e+02 7.222411036491394043e-02 9.590129554271697998e-02
3.580000000000000000e+02 7.216906547546386719e-02 9.582596272230148315e-02
3.590000000000000000e+02 7.213552296161651611e-02 9.577489644289016724e-02
3.600000000000000000e+02 7.209086418151855469e-02 9.591223299503326416e-02
3.610000000000000000e+02 7.204989343881607056e-02 9.586526453495025635e-02
3.620000000000000000e+02 7.203946262598037720e-02 9.569375216960906982e-02
3.630000000000000000e+02 7.199962437152862549e-02 9.566684067249298096e-02
3.640000000000000000e+02 7.192363590002059937e-02 9.565770626068115234e-02
3.650000000000000000e+02 7.187629491090774536e-02 9.571170806884765625e-02
3.660000000000000000e+02 7.182247191667556763e-02 9.572654217481613159e-02
3.670000000000000000e+02 7.180424779653549194e-02 9.566716104745864868e-02
3.680000000000000000e+02 7.176232337951660156e-02 9.561840444803237915e-02
3.690000000000000000e+02 7.172255963087081909e-02 9.548646211624145508e-02
3.700000000000000000e+02 7.169277220964431763e-02 9.542068094015121460e-02
3.710000000000000000e+02 7.159950584173202515e-02 9.550403058528900146e-02
3.720000000000000000e+02 7.161120325326919556e-02 9.547948837280273438e-02
3.730000000000000000e+02 7.157252728939056396e-02 9.534680098295211792e-02
3.740000000000000000e+02 7.158856838941574097e-02 9.529836475849151611e-02
3.750000000000000000e+02 7.148313522338867188e-02 9.525641053915023804e-02
3.760000000000000000e+02 7.142549753189086914e-02 9.526261687278747559e-02
3.770000000000000000e+02 7.139984518289566040e-02 9.526129812002182007e-02
3.780000000000000000e+02 7.136750966310501099e-02 9.522358328104019165e-02
3.790000000000000000e+02 7.133562117815017700e-02 9.513288736343383789e-02
3.800000000000000000e+02 7.126598060131072998e-02 9.519898891448974609e-02
3.810000000000000000e+02 7.124803215265274048e-02 9.503158181905746460e-02
3.820000000000000000e+02 7.124442607164382935e-02 9.492486715316772461e-02
3.830000000000000000e+02 7.120209187269210815e-02 9.516388922929763794e-02
3.840000000000000000e+02 7.114032655954360962e-02 9.503032267093658447e-02
3.850000000000000000e+02 7.113549113273620605e-02 9.502926468849182129e-02
3.860000000000000000e+02 7.104355841875076294e-02 9.491358697414398193e-02
3.870000000000000000e+02 7.101812213659286499e-02 9.504389017820358276e-02
3.880000000000000000e+02 7.100801169872283936e-02 9.497735649347305298e-02
3.890000000000000000e+02 7.095569372177124023e-02 9.494144469499588013e-02
3.900000000000000000e+02 7.095248997211456299e-02 9.483622014522552490e-02
3.910000000000000000e+02 7.086674869060516357e-02 9.493917971849441528e-02
3.920000000000000000e+02 7.085040956735610962e-02 9.478471428155899048e-02
3.930000000000000000e+02 7.077999413013458252e-02 9.473121166229248047e-02
3.940000000000000000e+02 7.072771340608596802e-02 9.482745826244354248e-02
3.950000000000000000e+02 7.074856758117675781e-02 9.466361254453659058e-02
3.960000000000000000e+02 7.071175426244735718e-02 9.469883888959884644e-02
3.970000000000000000e+02 7.068464905023574829e-02 9.465881437063217163e-02
3.980000000000000000e+02 7.061519473791122437e-02 9.452324360609054565e-02
3.990000000000000000e+02 7.058183848857879639e-02 9.453660249710083008e-02
4.000000000000000000e+02 7.060055434703826904e-02 9.463997185230255127e-02
4.010000000000000000e+02 7.052678614854812622e-02 9.443051367998123169e-02
4.020000000000000000e+02 7.049696147441864014e-02 9.448501467704772949e-02
4.030000000000000000e+02 7.046948373317718506e-02 9.455322474241256714e-02
4.040000000000000000e+02 7.039168477058410645e-02 9.447130560874938965e-02
4.050000000000000000e+02 7.040680944919586182e-02 9.449011832475662231e-02
4.060000000000000000e+02 7.036861777305603027e-02 9.434942156076431274e-02
4.070000000000000000e+02 7.033499330282211304e-02 9.428923577070236206e-02
4.080000000000000000e+02 7.031659036874771118e-02 9.436601400375366211e-02
4.090000000000000000e+02 7.025223225355148315e-02 9.423179924488067627e-02
4.100000000000000000e+02 7.020449638366699219e-02 9.438969194889068604e-02
4.110000000000000000e+02 7.020506262779235840e-02 9.411763399839401245e-02
4.120000000000000000e+02 7.017625123262405396e-02 9.431394934654235840e-02
4.130000000000000000e+02 7.015388458967208862e-02 9.434694051742553711e-02
4.140000000000000000e+02 7.009833306074142456e-02 9.414667636156082153e-02
4.150000000000000000e+02 7.005988061428070068e-02 9.414286911487579346e-02
4.160000000000000000e+02 7.002247869968414307e-02 9.403066337108612061e-02
4.170000000000000000e+02 6.999456137418746948e-02 9.411317110061645508e-02
4.180000000000000000e+02 6.997557729482650757e-02 9.413670003414154053e-02
4.190000000000000000e+02 6.996218860149383545e-02 9.411035478115081787e-02
4.200000000000000000e+02 6.990604847669601440e-02 9.405739605426788330e-02
4.210000000000000000e+02 6.987972557544708252e-02 9.416711330413818359e-02
4.220000000000000000e+02 6.985346972942352295e-02 9.398455917835235596e-02
4.230000000000000000e+02 6.983093917369842529e-02 9.402167797088623047e-02
4.240000000000000000e+02 6.980010867118835449e-02 9.382093697786331177e-02
4.250000000000000000e+02 6.971544027328491211e-02 9.387435019016265869e-02
4.260000000000000000e+02 6.971528381109237671e-02 9.379938244819641113e-02
4.270000000000000000e+02 6.971296668052673340e-02 9.383880347013473511e-02
4.280000000000000000e+02 6.967806071043014526e-02 9.385841339826583862e-02
4.290000000000000000e+02 6.966010481119155884e-02 9.380830824375152588e-02
4.300000000000000000e+02 6.959627568721771240e-02 9.371416270732879639e-02
4.310000000000000000e+02 6.953367590904235840e-02 9.391935169696807861e-02
4.320000000000000000e+02 6.956658512353897095e-02 9.369739890098571777e-02
4.330000000000000000e+02 6.951224058866500854e-02 9.376414120197296143e-02
4.340000000000000000e+02 6.949357688426971436e-02 9.380562603473663330e-02
4.350000000000000000e+02 6.947324424982070923e-02 9.378258138895034790e-02
4.360000000000000000e+02 6.941676884889602661e-02 9.359844028949737549e-02
4.370000000000000000e+02 6.939070671796798706e-02 9.364920109510421753e-02
4.380000000000000000e+02 6.935510784387588501e-02 9.364107996225357056e-02
4.390000000000000000e+02 6.936230510473251343e-02 9.360668808221817017e-02
4.400000000000000000e+02 6.929093599319458008e-02 9.346380829811096191e-02
4.410000000000000000e+02 6.923620402812957764e-02 9.343509376049041748e-02
4.420000000000000000e+02 6.927162408828735352e-02 9.347419440746307373e-02
4.430000000000000000e+02 6.927818804979324341e-02 9.359703958034515381e-02
4.440000000000000000e+02 6.920630484819412231e-02 9.346362948417663574e-02
4.450000000000000000e+02 6.919572502374649048e-02 9.348065406084060669e-02
4.460000000000000000e+02 6.918331980705261230e-02 9.332550317049026489e-02
4.470000000000000000e+02 6.912044435739517212e-02 9.325291216373443604e-02
4.480000000000000000e+02 6.910500675439834595e-02 9.340300410985946655e-02
4.490000000000000000e+02 6.912087649106979370e-02 9.327126294374465942e-02
4.500000000000000000e+02 6.905482709407806396e-02 9.315997362136840820e-02
4.510000000000000000e+02 6.903546303510665894e-02 9.321773052215576172e-02
4.520000000000000000e+02 6.898892670869827271e-02 9.326778352260589600e-02
4.530000000000000000e+02 6.894494593143463135e-02 9.322521090507507324e-02
4.540000000000000000e+02 6.894394755363464355e-02 9.311764687299728394e-02
4.550000000000000000e+02 6.888984888792037964e-02 9.322249889373779297e-02
4.560000000000000000e+02 6.890477240085601807e-02 9.329327940940856934e-02
4.570000000000000000e+02 6.886106729507446289e-02 9.310545027256011963e-02
4.580000000000000000e+02 6.880471110343933105e-02 9.318625926971435547e-02
4.590000000000000000e+02 6.879136711359024048e-02 9.296057373285293579e-02
4.600000000000000000e+02 6.874141842126846313e-02 9.294746071100234985e-02
4.610000000000000000e+02 6.877288222312927246e-02 9.299800544977188110e-02
4.620000000000000000e+02 6.872738897800445557e-02 9.298203885555267334e-02
4.630000000000000000e+02 6.869591027498245239e-02 9.287336468696594238e-02
4.640000000000000000e+02 6.866306811571121216e-02 9.282448142766952515e-02
4.650000000000000000e+02 6.864249706268310547e-02 9.278196841478347778e-02
4.660000000000000000e+02 6.865011900663375854e-02 9.281747788190841675e-02
4.670000000000000000e+02 6.862199306488037109e-02 9.286757558584213257e-02
4.680000000000000000e+02 6.858595460653305054e-02 9.271293133497238159e-02
4.690000000000000000e+02 6.856516003608703613e-02 9.285106509923934937e-02
4.700000000000000000e+02 6.854603439569473267e-02 9.279187023639678955e-02
4.710000000000000000e+02 6.850183010101318359e-02 9.285664558410644531e-02
4.720000000000000000e+02 6.848513334989547729e-02 9.280196577310562134e-02
4.730000000000000000e+02 6.844195723533630371e-02 9.270109236240386963e-02
4.740000000000000000e+02 6.843172758817672729e-02 9.275476634502410889e-02
4.750000000000000000e+02 6.840848922729492188e-02 9.277148544788360596e-02
4.760000000000000000e+02 6.840236485004425049e-02 9.264770150184631348e-02
4.770000000000000000e+02 6.832897663116455078e-02 9.274406731128692627e-02
4.780000000000000000e+02 6.833471357822418213e-02 9.263095259666442871e-02
4.790000000000000000e+02 6.835140287876129150e-02 9.238325059413909912e-02
4.800000000000000000e+02 6.827270239591598511e-02 9.265285730361938477e-02
4.810000000000000000e+02 6.821903586387634277e-02 9.257527440786361694e-02
4.820000000000000000e+02 6.826517730951309204e-02 9.242218732833862305e-02
4.830000000000000000e+02 6.822147220373153687e-02 9.233082085847854614e-02
4.840000000000000000e+02 6.823308765888214111e-02 9.242866933345794678e-02
4.850000000000000000e+02 6.816383451223373413e-02 9.256921708583831787e-02
4.860000000000000000e+02 6.813887506723403931e-02 9.237497299909591675e-02
4.870000000000000000e+02 6.807818263769149780e-02 9.239609539508819580e-02
4.880000000000000000e+02 6.808722019195556641e-02 9.238453209400177002e-02
4.890000000000000000e+02 6.810189783573150635e-02 9.238030016422271729e-02
4.900000000000000000e+02 6.804132461547851562e-02 9.227612614631652832e-02
4.910000000000000000e+02 6.803981214761734009e-02 9.228675067424774170e-02
4.920000000000000000e+02 6.800268590450286865e-02 9.226839989423751831e-02
4.930000000000000000e+02 6.801624596118927002e-02 9.218415617942810059e-02
4.940000000000000000e+02 6.800124794244766235e-02 9.224326163530349731e-02
4.950000000000000000e+02 6.794708967208862305e-02 9.202606976032257080e-02
4.960000000000000000e+02 6.793814897537231445e-02 9.204606711864471436e-02
4.970000000000000000e+02 6.789592653512954712e-02 9.208208322525024414e-02
4.980000000000000000e+02 6.791809946298599243e-02 9.203506261110305786e-02
4.990000000000000000e+02 6.784845143556594849e-02 9.221419692039489746e-02
5.000000000000000000e+02 6.783581525087356567e-02 9.203024208545684814e-02
5.010000000000000000e+02 6.783279776573181152e-02 9.203216433525085449e-02
5.020000000000000000e+02 6.778893619775772095e-02 9.203441441059112549e-02
5.030000000000000000e+02 6.777767091989517212e-02 9.213126450777053833e-02
5.040000000000000000e+02 6.775651127099990845e-02 9.183256328105926514e-02
5.050000000000000000e+02 6.773687154054641724e-02 9.177740663290023804e-02
5.060000000000000000e+02 6.767053902149200439e-02 9.194670617580413818e-02
5.070000000000000000e+02 6.766552478075027466e-02 9.197404980659484863e-02
5.080000000000000000e+02 6.768879294395446777e-02 9.179900586605072021e-02
5.090000000000000000e+02 6.762045621871948242e-02 9.181319922208786011e-02
5.100000000000000000e+02 6.758892536163330078e-02 9.181877225637435913e-02
5.110000000000000000e+02 6.760542094707489014e-02 9.190272539854049683e-02
5.120000000000000000e+02 6.757994741201400757e-02 9.165840595960617065e-02
5.130000000000000000e+02 6.755188852548599243e-02 9.172407537698745728e-02
5.140000000000000000e+02 6.752107292413711548e-02 9.166402369737625122e-02
5.150000000000000000e+02 6.750782579183578491e-02 9.167095273733139038e-02
5.160000000000000000e+02 6.748095154762268066e-02 9.175489842891693115e-02
5.170000000000000000e+02 6.747604161500930786e-02 9.160399436950683594e-02
5.180000000000000000e+02 6.741783022880554199e-02 9.170866757631301880e-02
5.190000000000000000e+02 6.743601709604263306e-02 9.166201204061508179e-02
5.200000000000000000e+02 6.741119176149368286e-02 9.170269221067428589e-02
5.210000000000000000e+02 6.740713119506835938e-02 9.150037169456481934e-02
5.220000000000000000e+02 6.737706065177917480e-02 9.147847443819046021e-02
5.230000000000000000e+02 6.735081225633621216e-02 9.155277162790298462e-02
5.240000000000000000e+02 6.733432412147521973e-02 9.169452637434005737e-02
5.250000000000000000e+02 6.732783466577529907e-02 9.141657501459121704e-02
5.260000000000000000e+02 6.725646555423736572e-02 9.149484336376190186e-02
5.270000000000000000e+02 6.720612198114395142e-02 9.146232157945632935e-02
5.280000000000000000e+02 6.722600758075714111e-02 9.146955609321594238e-02
5.290000000000000000e+02 6.720451265573501587e-02 9.141352027654647827e-02
5.300000000000000000e+02 6.718698143959045410e-02 9.128455072641372681e-02
5.310000000000000000e+02 6.716851890087127686e-02 9.129833430051803589e-02
5.320000000000000000e+02 6.713593006134033203e-02 9.121871739625930786e-02
5.330000000000000000e+02 6.712558865547180176e-02 9.116454422473907471e-02
5.340000000000000000e+02 6.711679697036743164e-02 9.131396561861038208e-02
5.350000000000000000e+02 6.709319353103637695e-02 9.119947254657745361e-02
5.360000000000000000e+02 6.707764416933059692e-02 9.127238392829895020e-02
5.370000000000000000e+02 6.705023348331451416e-02 9.123961627483367920e-02
5.380000000000000000e+02 6.705977767705917358e-02 9.123755246400833130e-02
5.390000000000000000e+02 6.698698550462722778e-02 9.104824066162109375e-02
5.400000000000000000e+02 6.705395132303237915e-02 9.101963788270950317e-02
5.410000000000000000e+02 6.697942316532135010e-02 9.108938276767730713e-02
5.420000000000000000e+02 6.697782874107360840e-02 9.107589721679687500e-02
5.430000000000000000e+02 6.694480031728744507e-02 9.101649373769760132e-02
5.440000000000000000e+02 6.691077351570129395e-02 9.117558598518371582e-02
5.450000000000000000e+02 6.690100580453872681e-02 9.103416651487350464e-02
5.460000000000000000e+02 6.689144670963287354e-02 9.110804647207260132e-02
5.470000000000000000e+02 6.684503704309463501e-02 9.102819114923477173e-02
5.480000000000000000e+02 6.683880090713500977e-02 9.098681807518005371e-02
5.490000000000000000e+02 6.683989614248275757e-02 9.092740714550018311e-02
5.500000000000000000e+02 6.682252138853073120e-02 9.086479246616363525e-02
5.510000000000000000e+02 6.679748743772506714e-02 9.088958799839019775e-02
5.520000000000000000e+02 6.678922474384307861e-02 9.095183759927749634e-02
5.530000000000000000e+02 6.676464527845382690e-02 9.097148478031158447e-02
5.540000000000000000e+02 6.674928218126296997e-02 9.092700481414794922e-02
5.550000000000000000e+02 6.671723723411560059e-02 9.084561467170715332e-02
5.560000000000000000e+02 6.670016795396804810e-02 9.088119864463806152e-02
5.570000000000000000e+02 6.669119000434875488e-02 9.064502269029617310e-02
5.580000000000000000e+02 6.666111201047897339e-02 9.060546010732650757e-02
5.590000000000000000e+02 6.665665656328201294e-02 9.076749533414840698e-02
5.600000000000000000e+02 6.662876158952713013e-02 9.076713770627975464e-02
5.610000000000000000e+02 6.661617010831832886e-02 9.068722277879714966e-02
5.620000000000000000e+02 6.658499687910079956e-02 9.082510322332382202e-02
5.630000000000000000e+02 6.658788770437240601e-02 9.081684052944183350e-02
5.640000000000000000e+02 6.654240190982818604e-02 9.069973230361938477e-02
5.650000000000000000e+02 6.653527915477752686e-02 9.076907485723495483e-02
5.660000000000000000e+02 6.652422249317169189e-02 9.054534882307052612e-02
5.670000000000000000e+02 6.652306020259857178e-02 9.052207320928573608e-02
5.680000000000000000e+02 6.649091839790344238e-02 9.064020961523056030e-02
5.690000000000000000e+02 6.646418571472167969e-02 9.057773649692535400e-02
5.700000000000000000e+02 6.647609174251556396e-02 9.052339941263198853e-02
5.710000000000000000e+02 6.646266579627990723e-02 9.052630513906478882e-02
5.720000000000000000e+02 6.643839180469512939e-02 9.045182913541793823e-02
5.730000000000000000e+02 6.638140231370925903e-02 9.032727032899856567e-02
5.740000000000000000e+02 6.635077297687530518e-02 9.057625383138656616e-02
5.750000000000000000e+02 6.634928286075592041e-02 9.046533703804016113e-02
5.760000000000000000e+02 6.633716821670532227e-02 9.041012823581695557e-02
5.770000000000000000e+02 6.635589152574539185e-02 9.029858559370040894e-02
5.780000000000000000e+02 6.633011996746063232e-02 9.043066203594207764e-02
5.790000000000000000e+02 6.631852686405181885e-02 9.029421955347061157e-02
5.800000000000000000e+02 6.625701487064361572e-02 9.023976325988769531e-02
5.810000000000000000e+02 6.625761091709136963e-02 9.025833010673522949e-02
5.820000000000000000e+02 6.624242663383483887e-02 9.021691977977752686e-02
5.830000000000000000e+02 6.624753773212432861e-02 9.030052274465560913e-02
5.840000000000000000e+02 6.618053466081619263e-02 9.019684046506881714e-02
5.850000000000000000e+02 6.615183502435684204e-02 9.005524963140487671e-02
5.860000000000000000e+02 6.618905812501907349e-02 9.006725996732711792e-02
5.870000000000000000e+02 6.620085239410400391e-02 9.006334841251373291e-02
5.880000000000000000e+02 6.613789498805999756e-02 9.013292938470840454e-02
5.890000000000000000e+02 6.614029407501220703e-02 9.012316167354583740e-02
5.900000000000000000e+02 6.612369418144226074e-02 9.013558924198150635e-02
5.910000000000000000e+02 6.608091294765472412e-02 9.003880620002746582e-02
5.920000000000000000e+02 6.611709296703338623e-02 8.999592810869216919e-02
5.930000000000000000e+02 6.606136262416839600e-02 9.003284573554992676e-02
5.940000000000000000e+02 6.603680551052093506e-02 8.996100723743438721e-02
5.950000000000000000e+02 6.603951007127761841e-02 9.002707898616790771e-02
5.960000000000000000e+02 6.602460145950317383e-02 8.999086916446685791e-02
5.970000000000000000e+02 6.598952412605285645e-02 8.992901444435119629e-02
5.980000000000000000e+02 6.598487496376037598e-02 8.989801257848739624e-02
5.990000000000000000e+02 6.595843285322189331e-02 9.001028537750244141e-02
6.000000000000000000e+02 6.595005840063095093e-02 8.984744548797607422e-02
6.010000000000000000e+02 6.596112251281738281e-02 8.994477242231369019e-02
6.020000000000000000e+02 6.594923138618469238e-02 8.979042619466781616e-02
6.030000000000000000e+02 6.589475274085998535e-02 8.978807926177978516e-02
6.040000000000000000e+02 6.589464098215103149e-02 8.990799635648727417e-02
6.050000000000000000e+02 6.586222350597381592e-02 8.976875245571136475e-02
6.060000000000000000e+02 6.582795828580856323e-02 8.991505205631256104e-02
6.070000000000000000e+02 6.580927968025207520e-02 8.978120237588882446e-02
6.080000000000000000e+02 6.583176553249359131e-02 8.978556096553802490e-02
6.090000000000000000e+02 6.577968597412109375e-02 8.971587568521499634e-02
6.100000000000000000e+02 6.584385782480239868e-02 8.976209163665771484e-02
6.110000000000000000e+02 6.577274203300476074e-02 8.964137732982635498e-02
6.120000000000000000e+02 6.574793905019760132e-02 8.965504169464111328e-02
6.130000000000000000e+02 6.576256453990936279e-02 8.969581127166748047e-02
6.140000000000000000e+02 6.575322896242141724e-02 8.952055126428604126e-02
6.150000000000000000e+02 6.572212278842926025e-02 8.957311511039733887e-02
6.160000000000000000e+02 6.569382548332214355e-02 8.960355818271636963e-02
6.170000000000000000e+02 6.569187343120574951e-02 8.956391364336013794e-02
6.180000000000000000e+02 6.567050516605377197e-02 8.957774192094802856e-02
6.190000000000000000e+02 6.570385396480560303e-02 8.946552127599716187e-02
6.200000000000000000e+02 6.563495099544525146e-02 8.942576497793197632e-02
6.210000000000000000e+02 6.565372645854949951e-02 8.947136253118515015e-02
6.220000000000000000e+02 6.561433523893356323e-02 8.954050391912460327e-02
6.230000000000000000e+02 6.557053327560424805e-02 8.952706307172775269e-02
6.240000000000000000e+02 6.555609405040740967e-02 8.947157859802246094e-02
6.250000000000000000e+02 6.557857245206832886e-02 8.946570754051208496e-02
6.260000000000000000e+02 6.554710865020751953e-02 8.936828374862670898e-02
6.270000000000000000e+02 6.555449962615966797e-02 8.923902362585067749e-02
6.280000000000000000e+02 6.552306562662124634e-02 8.934521675109863281e-02
6.290000000000000000e+02 6.551785767078399658e-02 8.919116109609603882e-02
6.300000000000000000e+02 6.551411747932434082e-02 8.923895657062530518e-02
6.310000000000000000e+02 6.549423933029174805e-02 8.934993296861648560e-02
6.320000000000000000e+02 6.548801809549331665e-02 8.910339325666427612e-02
6.330000000000000000e+02 6.546238064765930176e-02 8.920862525701522827e-02
6.340000000000000000e+02 6.543727964162826538e-02 8.924961090087890625e-02
6.350000000000000000e+02 6.544042378664016724e-02 8.932734280824661255e-02
6.360000000000000000e+02 6.541398167610168457e-02 8.923652768135070801e-02
6.370000000000000000e+02 6.535883247852325439e-02 8.918720483779907227e-02
6.380000000000000000e+02 6.538131088018417358e-02 8.917810022830963135e-02
6.390000000000000000e+02 6.538549810647964478e-02 8.911451697349548340e-02
6.400000000000000000e+02 6.537465006113052368e-02 8.906935900449752808e-02
6.410000000000000000e+02 6.531923264265060425e-02 8.906789869070053101e-02
6.420000000000000000e+02 6.533345580101013184e-02 8.902329951524734497e-02
6.430000000000000000e+02 6.528169661760330200e-02 8.924482762813568115e-02
6.440000000000000000e+02 6.524869054555892944e-02 8.899494260549545288e-02
6.450000000000000000e+02 6.527853757143020630e-02 8.886867761611938477e-02
6.460000000000000000e+02 6.524378061294555664e-02 8.896928280591964722e-02
6.470000000000000000e+02 6.524106860160827637e-02 8.902298659086227417e-02
6.480000000000000000e+02 6.522109359502792358e-02 8.879584074020385742e-02
6.490000000000000000e+02 6.523202359676361084e-02 8.877138793468475342e-02
6.500000000000000000e+02 6.519310176372528076e-02 8.881609141826629639e-02
6.510000000000000000e+02 6.520275026559829712e-02 8.880675584077835083e-02
6.520000000000000000e+02 6.513582915067672729e-02 8.886240422725677490e-02
6.530000000000000000e+02 6.517823040485382080e-02 8.883085101842880249e-02
6.540000000000000000e+02 6.517925858497619629e-02 8.877765387296676636e-02
6.550000000000000000e+02 6.511294096708297729e-02 8.883316814899444580e-02
6.560000000000000000e+02 6.516591459512710571e-02 8.874156326055526733e-02
6.570000000000000000e+02 6.512781977653503418e-02 8.874411135911941528e-02
6.580000000000000000e+02 6.509403139352798462e-02 8.873090893030166626e-02
6.590000000000000000e+02 6.509296596050262451e-02 8.856083452701568604e-02
6.600000000000000000e+02 6.507612764835357666e-02 8.866737782955169678e-02
6.610000000000000000e+02 6.506680697202682495e-02 8.869000524282455444e-02
6.620000000000000000e+02 6.504016369581222534e-02 8.862411230802536011e-02
6.630000000000000000e+02 6.502535939216613770e-02 8.867212384939193726e-02
6.640000000000000000e+02 6.502143293619155884e-02 8.857125788927078247e-02
6.650000000000000000e+02 6.501657515764236450e-02 8.864274621009826660e-02
6.660000000000000000e+02 6.501094251871109009e-02 8.856695145368576050e-02
6.670000000000000000e+02 6.496156752109527588e-02 8.856457471847534180e-02
6.680000000000000000e+02 6.496766209602355957e-02 8.850602805614471436e-02
6.690000000000000000e+02 6.491759419441223145e-02 8.851226419210433960e-02
6.700000000000000000e+02 6.490126997232437134e-02 8.831744641065597534e-02
6.710000000000000000e+02 6.489333510398864746e-02 8.858290314674377441e-02
6.720000000000000000e+02 6.491088122129440308e-02 8.850461989641189575e-02
6.730000000000000000e+02 6.491754204034805298e-02 8.847644180059432983e-02
6.740000000000000000e+02 6.483980268239974976e-02 8.847559243440628052e-02
6.750000000000000000e+02 6.486735492944717407e-02 8.832795917987823486e-02
6.760000000000000000e+02 6.486630439758300781e-02 8.854108303785324097e-02
6.770000000000000000e+02 6.483021378517150879e-02 8.839081227779388428e-02
6.780000000000000000e+02 6.482117623090744019e-02 8.841237425804138184e-02
6.790000000000000000e+02 6.475905328989028931e-02 8.830945938825607300e-02
6.800000000000000000e+02 6.480467319488525391e-02 8.823288977146148682e-02
6.810000000000000000e+02 6.478181481361389160e-02 8.818928152322769165e-02
6.820000000000000000e+02 6.476312875747680664e-02 8.826960623264312744e-02
6.830000000000000000e+02 6.476330012083053589e-02 8.831763267517089844e-02
6.840000000000000000e+02 6.473401933908462524e-02 8.820876479148864746e-02
6.850000000000000000e+02 6.471631675958633423e-02 8.825458586215972900e-02
6.860000000000000000e+02 6.472184509038925171e-02 8.802039176225662231e-02
6.870000000000000000e+02 6.471141427755355835e-02 8.825010806322097778e-02
6.880000000000000000e+02 6.469750404357910156e-02 8.816931396722793579e-02
6.890000000000000000e+02 6.464609503746032715e-02 8.817220479249954224e-02
6.900000000000000000e+02 6.460174918174743652e-02 8.816792070865631104e-02
6.910000000000000000e+02 6.469525396823883057e-02 8.810071647167205811e-02
6.920000000000000000e+02 6.462583690881729126e-02 8.797945827245712280e-02
6.930000000000000000e+02 6.462383270263671875e-02 8.803252875804901123e-02
6.940000000000000000e+02 6.464502960443496704e-02 8.789280056953430176e-02
6.950000000000000000e+02 6.459888815879821777e-02 8.818580210208892822e-02
6.960000000000000000e+02 6.460969150066375732e-02 8.816532790660858154e-02
6.970000000000000000e+02 6.460520625114440918e-02 8.799642324447631836e-02
6.980000000000000000e+02 6.459033489227294922e-02 8.802527189254760742e-02
6.990000000000000000e+02 6.455592066049575806e-02 8.793733268976211548e-02
7.000000000000000000e+02 6.452821195125579834e-02 8.801660686731338501e-02
7.010000000000000000e+02 6.451535224914550781e-02 8.799187839031219482e-02
7.020000000000000000e+02 6.451796740293502808e-02 8.779940009117126465e-02
7.030000000000000000e+02 6.452228128910064697e-02 8.786570280790328979e-02
7.040000000000000000e+02 6.447565555572509766e-02 8.785268664360046387e-02
7.050000000000000000e+02 6.448197364807128906e-02 8.788873255252838135e-02
7.060000000000000000e+02 6.446076184511184692e-02 8.778091520071029663e-02
7.070000000000000000e+02 6.445574015378952026e-02 8.792099356651306152e-02
7.080000000000000000e+02 6.442122906446456909e-02 8.783295750617980957e-02
7.090000000000000000e+02 6.439902633428573608e-02 8.773190528154373169e-02
7.100000000000000000e+02 6.442382186651229858e-02 8.774805814027786255e-02
7.110000000000000000e+02 6.439287215471267700e-02 8.765748888254165649e-02
7.120000000000000000e+02 6.438536196947097778e-02 8.781474828720092773e-02
7.130000000000000000e+02 6.439389288425445557e-02 8.755238354206085205e-02
7.140000000000000000e+02 6.439894437789916992e-02 8.779636025428771973e-02
7.150000000000000000e+02 6.434103101491928101e-02 8.777321875095367432e-02
7.160000000000000000e+02 6.432241201400756836e-02 8.764697611331939697e-02
7.170000000000000000e+02 6.429080665111541748e-02 8.749967813491821289e-02
7.180000000000000000e+02 6.430593132972717285e-02 8.753009140491485596e-02
7.190000000000000000e+02 6.430927664041519165e-02 8.751874417066574097e-02
7.200000000000000000e+02 6.430716067552566528e-02 8.759290724992752075e-02
7.210000000000000000e+02 6.427648663520812988e-02 8.759395778179168701e-02
7.220000000000000000e+02 6.427180022001266479e-02 8.755299448966979980e-02
7.230000000000000000e+02 6.429810076951980591e-02 8.748762309551239014e-02
7.240000000000000000e+02 6.424942612648010254e-02 8.756810426712036133e-02
7.250000000000000000e+02 6.419453769922256470e-02 8.756375312805175781e-02
7.260000000000000000e+02 6.422679126262664795e-02 8.736989647150039673e-02
7.270000000000000000e+02 6.416255980730056763e-02 8.730345964431762695e-02
7.280000000000000000e+02 6.417021155357360840e-02 8.739125728607177734e-02
7.290000000000000000e+02 6.419538706541061401e-02 8.742569386959075928e-02
7.300000000000000000e+02 6.416235864162445068e-02 8.755327016115188599e-02
7.310000000000000000e+02 6.413491070270538330e-02 8.732577413320541382e-02
7.320000000000000000e+02 6.411941349506378174e-02 8.738113939762115479e-02
7.330000000000000000e+02 6.417653709650039673e-02 8.739703893661499023e-02
7.340000000000000000e+02 6.413289159536361694e-02 8.746103197336196899e-02
7.350000000000000000e+02 6.411561369895935059e-02 8.727531135082244873e-02
7.360000000000000000e+02 6.404927372932434082e-02 8.708440512418746948e-02
7.370000000000000000e+02 6.406546384096145630e-02 8.725333213806152344e-02
7.380000000000000000e+02 6.410103291273117065e-02 8.712483942508697510e-02
7.390000000000000000e+02 6.405151635408401489e-02 8.722067624330520630e-02
7.400000000000000000e+02 6.404068320989608765e-02 8.722664415836334229e-02
7.410000000000000000e+02 6.402689963579177856e-02 8.722943067550659180e-02
7.420000000000000000e+02 6.399798393249511719e-02 8.710285276174545288e-02
7.430000000000000000e+02 6.399583071470260620e-02 8.726689219474792480e-02
7.440000000000000000e+02 6.399460881948471069e-02 8.697512000799179077e-02
7.450000000000000000e+02 6.398057192564010620e-02 8.700352162122726440e-02
7.460000000000000000e+02 6.397452950477600098e-02 8.701704442501068115e-02
7.470000000000000000e+02 6.393966078758239746e-02 8.720573782920837402e-02
7.480000000000000000e+02 6.394457817077636719e-02 8.708190917968750000e-02
7.490000000000000000e+02 6.393484026193618774e-02 8.718093484640121460e-02
7.500000000000000000e+02 6.389757245779037476e-02 8.703532814979553223e-02
7.510000000000000000e+02 6.387525796890258789e-02 8.704003691673278809e-02
7.520000000000000000e+02 6.387197226285934448e-02 8.693074434995651245e-02
7.530000000000000000e+02 6.391509622335433960e-02 8.687891811132431030e-02
7.540000000000000000e+02 6.389859318733215332e-02 8.693385124206542969e-02
7.550000000000000000e+02 6.387764960527420044e-02 8.685807883739471436e-02
7.560000000000000000e+02 6.387232244014739990e-02 8.700308203697204590e-02
7.570000000000000000e+02 6.386202573776245117e-02 8.696109056472778320e-02
7.580000000000000000e+02 6.385932862758636475e-02 8.685674518346786499e-02
7.590000000000000000e+02 6.384115666151046753e-02 8.685949444770812988e-02
7.600000000000000000e+02 6.378802657127380371e-02 8.686194568872451782e-02
7.610000000000000000e+02 6.379035860300064087e-02 8.681390434503555298e-02
7.620000000000000000e+02 6.374192982912063599e-02 8.673647791147232056e-02
7.630000000000000000e+02 6.375417113304138184e-02 8.691501617431640625e-02
7.640000000000000000e+02 6.372382491827011108e-02 8.676149696111679077e-02
7.650000000000000000e+02 6.371251493692398071e-02 8.683330565690994263e-02
7.660000000000000000e+02 6.372803449630737305e-02 8.669573068618774414e-02
7.670000000000000000e+02 6.373353302478790283e-02 8.671024441719055176e-02
7.680000000000000000e+02 6.370136886835098267e-02 8.664669096469879150e-02
7.690000000000000000e+02 6.370106339454650879e-02 8.672107011079788208e-02
7.700000000000000000e+02 6.372765451669692993e-02 8.670278638601303101e-02
7.710000000000000000e+02 6.369386613368988037e-02 8.671206235885620117e-02
7.720000000000000000e+02 6.366914510726928711e-02 8.647239208221435547e-02
7.730000000000000000e+02 6.364781409502029419e-02 8.654506504535675049e-02
7.740000000000000000e+02 6.360689550638198853e-02 8.646702766418457031e-02
7.750000000000000000e+02 6.362617760896682739e-02 8.666443079710006714e-02
7.760000000000000000e+02 6.359595060348510742e-02 8.665550500154495239e-02
7.770000000000000000e+02 6.360672414302825928e-02 8.648087829351425171e-02
7.780000000000000000e+02 6.363156437873840332e-02 8.649582415819168091e-02
7.790000000000000000e+02 6.354191899299621582e-02 8.635765314102172852e-02
7.800000000000000000e+02 6.359129399061203003e-02 8.664206415414810181e-02
7.810000000000000000e+02 6.355194002389907837e-02 8.653311431407928467e-02
7.820000000000000000e+02 6.356023997068405151e-02 8.643407374620437622e-02
7.830000000000000000e+02 6.349112093448638916e-02 8.635618537664413452e-02
7.840000000000000000e+02 6.351806968450546265e-02 8.643643558025360107e-02
7.850000000000000000e+02 6.356591731309890747e-02 8.648332953453063965e-02
7.860000000000000000e+02 6.351644545793533325e-02 8.627078682184219360e-02
7.870000000000000000e+02 6.344888359308242798e-02 8.632303774356842041e-02
7.880000000000000000e+02 6.350167840719223022e-02 8.638975024223327637e-02
7.890000000000000000e+02 6.345013529062271118e-02 8.634684979915618896e-02
7.900000000000000000e+02 6.350062042474746704e-02 8.625505864620208740e-02
7.910000000000000000e+02 6.343415379524230957e-02 8.637972921133041382e-02
7.920000000000000000e+02 6.346652656793594360e-02 8.608409017324447632e-02
7.930000000000000000e+02 6.339815258979797363e-02 8.628007769584655762e-02
7.940000000000000000e+02 6.339862942695617676e-02 8.634187281131744385e-02
7.950000000000000000e+02 6.337226182222366333e-02 8.624359220266342163e-02
7.960000000000000000e+02 6.337708234786987305e-02 8.635617792606353760e-02
7.970000000000000000e+02 6.332181394100189209e-02 8.622293919324874878e-02
7.980000000000000000e+02 6.339625269174575806e-02 8.628543466329574585e-02
7.990000000000000000e+02 6.335963308811187744e-02 8.611117303371429443e-02
8.000000000000000000e+02 6.332732737064361572e-02 8.615577220916748047e-02
8.010000000000000000e+02 6.336347013711929321e-02 8.617664873600006104e-02
