0.000000000000000000e+00 1.043603420257568359e-01 1.249154955148696899e-01
1.000000000000000000e+00 1.038813814520835876e-01 1.245446205139160156e-01
2.000000000000000000e+00 1.033852845430374146e-01 1.240502372384071350e-01
3.000000000000000000e+00 1.029109209775924683e-01 1.236466988921165466e-01
4.000000000000000000e+00 1.024466380476951599e-01 1.232792884111404419e-01
5.000000000000000000e+00 1.019813269376754761e-01 1.228423267602920532e-01
6.000000000000000000e+00 1.015116572380065918e-01 1.223864257335662842e-01
7.000000000000000000e+00 1.010515764355659485e-01 1.219478994607925415e-01
8.000000000000000000e+00 1.005799695849418640e-01 1.215530633926391602e-01
9.000000000000000000e+00 1.001000106334686279e-01 1.211775690317153931e-01
1.000000000000000000e+01 9.962169080972671509e-02 1.207126453518867493e-01
1.100000000000000000e+01 9.915305674076080322e-02 1.203450337052345276e-01
1.200000000000000000e+01 9.865553677082061768e-02 1.198691353201866150e-01
1.300000000000000000e+01 9.816332906484603882e-02 1.194245368242263794e-01
1.400000000000000000e+01 9.767907112836837769e-02 1.189952716231346130e-01
1.500000000000000000e+01 9.718608111143112183e-02 1.185576170682907104e-01
1.600000000000000000e+01 9.665199369192123413e-02 1.181162968277931213e-01
1.700000000000000000e+01 9.612175822257995605e-02 1.176704317331314087e-01
1.800000000000000000e+01 9.560066461563110352e-02 1.171606704592704773e-01
1.900000000000000000e+01 9.504389762878417969e-02 1.167257949709892273e-01
2.000000000000000000e+01 9.450615197420120239e-02 1.162407249212265015e-01
2.100000000000000000e+01 9.390474855899810791e-02 1.157547086477279663e-01
2.200000000000000000e+01 9.332751482725143433e-02 1.152525618672370911e-01
2.300000000000000000e+01 9.273120760917663574e-02 1.147374436259269714e-01
2.400000000000000000e+01 9.214060008525848389e-02 1.142522171139717102e-01
2.500000000000000000e+01 9.151956439018249512e-02 1.136697083711624146e-01
2.600000000000000000e+01 9.088554978370666504e-02 1.131217926740646362e-01
2.700000000000000000e+01 9.024370461702346802e-02 1.126077547669410706e-01
2.800000000000000000e+01 8.958017081022262573e-02 1.120654568076133728e-01
2.900000000000000000e+01 8.893621712923049927e-02 1.115683242678642273e-01
3.000000000000000000e+01 8.825322985649108887e-02 1.109854653477668762e-01
3.100000000000000000e+01 8.757284283638000488e-02 1.104091480374336243e-01
3.200000000000000000e+01 8.691295981407165527e-02 1.098177582025527954e-01
3.300000000000000000e+01 8.622159063816070557e-02 1.092015430331230164e-01
3.400000000000000000e+01 8.556478470563888550e-02 1.087918505072593689e-01
3.500000000000000000e+01 8.487772196531295776e-02 1.083237901329994202e-01
3.600000000000000000e+01 8.420850336551666260e-02 1.076301410794258118e-01
3.700000000000000000e+01 8.356644958257675171e-02 1.070463806390762329e-01
3.800000000000000000e+01 8.291044831275939941e-02 1.065158545970916748e-01
3.900000000000000000e+01 8.229346573352813721e-02 1.059268414974212646e-01
4.000000000000000000e+01 8.164628595113754272e-02 1.053861379623413086e-01
4.100000000000000000e+01 8.102039247751235962e-02 1.049384921789169312e-01
4.200000000000000000e+01 8.040614426136016846e-02 1.043855920433998108e-01
4.300000000000000000e+01 7.980981469154357910e-02 1.038173958659172058e-01
4.400000000000000000e+01 7.922423630952835083e-02 1.033564954996109009e-01
4.500000000000000000e+01 7.862333953380584717e-02 1.028287634253501892e-01
4.600000000000000000e+01 7.805220037698745728e-02 1.023280918598175049e-01
4.700000000000000000e+01 7.748512923717498779e-02 1.018582209944725037e-01
4.800000000000000000e+01 7.694502919912338257e-02 1.012726128101348877e-01
4.900000000000000000e+01 7.638305425643920898e-02 1.008521616458892822e-01
5.000000000000000000e+01 7.589394599199295044e-02 1.003096327185630798e-01
5.100000000000000000e+01 7.540284842252731323e-02 9.991166740655899048e-02
5.200000000000000000e+01 7.491010427474975586e-02 9.942819178104400635e-02
5.300000000000000000e+01 7.439740002155303955e-02 9.890791773796081543e-02
5.400000000000000000e+01 7.395869493484497070e-02 9.852363914251327515e-02
5.500000000000000000e+01 7.349146902561187744e-02 9.811007976531982422e-02
5.600000000000000000e+01 7.306233048439025879e-02 9.764223545789718628e-02
5.700000000000000000e+01 7.264570146799087524e-02 9.715194255113601685e-02
5.800000000000000000e+01 7.226520031690597534e-02 9.675709903240203857e-02
5.900000000000000000e+01 7.187552005052566528e-02 9.637931734323501587e-02
6.000000000000000000e+01 7.153045386075973511e-02 9.595025330781936646e-02
6.100000000000000000e+01 7.117808610200881958e-02 9.558986127376556396e-02
6.200000000000000000e+01 7.085138559341430664e-02 9.516383707523345947e-02
6.300000000000000000e+01 7.050710916519165039e-02 9.469357132911682129e-02
6.400000000000000000e+01 7.017972320318222046e-02 9.425045549869537354e-02
6.500000000000000000e+01 6.997592747211456299e-02 9.393826127052307129e-02
6.600000000000000000e+01 6.967396289110183716e-02 9.366319328546524048e-02
6.700000000000000000e+01 6.940139085054397583e-02 9.304998815059661865e-02
6.800000000000000000e+01 6.917559355497360229e-02 9.275323152542114258e-02
6.900000000000000000e+01 6.889751553535461426e-02 9.227243810892105103e-02
7.000000000000000000e+01 6.867822259664535522e-02 9.188813716173171997e-02
7.100000000000000000e+01 6.843180209398269653e-02 9.160371869802474976e-02
7.200000000000000000e+01 6.820881366729736328e-02 9.108026325702667236e-02
7.300000000000000000e+01 6.799899786710739136e-02 9.078943729400634766e-02
7.400000000000000000e+01 6.778963655233383179e-02 9.052459150552749634e-02
7.500000000000000000e+01 6.756901741027832031e-02 9.003116935491561890e-02
7.600000000000000000e+01 6.735678762197494507e-02 8.983608335256576538e-02
7.700000000000000000e+01 6.715835630893707275e-02 8.957426995038986206e-02
7.800000000000000000e+01 6.693812459707260132e-02 8.910437673330307007e-02
7.900000000000000000e+01 6.673458218574523926e-02 8.907338976860046387e-02
8.000000000000000000e+01 6.653480976819992065e-02 8.868043869733810425e-02
8.100000000000000000e+01 6.629898399114608765e-02 8.841633796691894531e-02
8.200000000000000000e+01 6.613487005233764648e-02 8.829028159379959106e-02
8.300000000000000000e+01 6.594421714544296265e-02 8.783140033483505249e-02
8.400000000000000000e+01 6.572829931974411011e-02 8.777868747711181641e-02
8.500000000000000000e+01 6.554610282182693481e-02 8.744148910045623779e-02
8.600000000000000000e+01 6.537453085184097290e-02 8.747943490743637085e-02
8.700000000000000000e+01 6.519574671983718872e-02 8.710290491580963135e-02
8.800000000000000000e+01 6.497193872928619385e-02 8.688170462846755981e-02
8.900000000000000000e+01 6.482417881488800049e-02 8.675184845924377441e-02
9.000000000000000000e+01 6.465610116720199585e-02 8.666726201772689819e-02
9.100000000000000000e+01 6.450363248586654663e-02 8.653290569782257080e-02
9.200000000000000000e+01 6.433406472206115723e-02 8.643956482410430908e-02
9.300000000000000000e+01 6.417759507894515991e-02 8.628252893686294556e-02
9.400000000000000000e+01 6.398287415504455566e-02 8.598515391349792480e-02
9.500000000000000000e+01 6.379957497119903564e-02 8.571520447731018066e-02
9.600000000000000000e+01 6.366600096225738525e-02 8.562006801366806030e-02
9.700000000000000000e+01 6.348365545272827148e-02 8.562088012695312500e-02
9.800000000000000000e+01 6.334117799997329712e-02 8.540692180395126343e-02
9.900000000000000000e+01 6.315789371728897095e-02 8.525688946247100830e-02
1.000000000000000000e+02 6.299971789121627808e-02 8.491024374961853027e-02
1.010000000000000000e+02 6.286567449569702148e-02 8.496685326099395752e-02
1.020000000000000000e+02 6.267766654491424561e-02 8.462160080671310425e-02
1.030000000000000000e+02 6.255642324686050415e-02 8.449355512857437134e-02
1.040000000000000000e+02 6.238502264022827148e-02 8.441095799207687378e-02
1.050000000000000000e+02 6.222913786768913269e-02 8.421922475099563599e-02
1.060000000000000000e+02 6.202978268265724182e-02 8.410939574241638184e-02
1.070000000000000000e+02 6.191507726907730103e-02 8.378583192825317383e-02
1.080000000000000000e+02 6.175803393125534058e-02 8.362305909395217896e-02
1.090000000000000000e+02 6.164032593369483948e-02 8.349514007568359375e-02
1.100000000000000000e+02 6.149707362055778503e-02 8.329202979803085327e-02
1.110000000000000000e+02 6.135047972202301025e-02 8.321154117584228516e-02
1.120000000000000000e+02 6.125272437930107117e-02 8.288084715604782104e-02
1.130000000000000000e+02 6.107351183891296387e-02 8.290770649909973145e-02
1.140000000000000000e+02 6.090605631470680237e-02 8.275754749774932861e-02
1.150000000000000000e+02 6.076517701148986816e-02 8.258578181266784668e-02
1.160000000000000000e+02 6.064129993319511414e-02 8.226384222507476807e-02
1.170000000000000000e+02 6.050799414515495300e-02 8.204946666955947876e-02
1.180000000000000000e+02 6.038855388760566711e-02 8.200380206108093262e-02
1.190000000000000000e+02 6.027921289205551147e-02 8.185053616762161255e-02
1.200000000000000000e+02 6.013787537813186646e-02 8.162403106689453125e-02
1.210000000000000000e+02 5.998848006129264832e-02 8.139595389366149902e-02
1.220000000000000000e+02 5.986396223306655884e-02 8.133918046951293945e-02
1.230000000000000000e+02 5.977322533726692200e-02 8.131621032953262329e-02
1.240000000000000000e+02 5.959491804242134094e-02 8.103289455175399780e-02
1.250000000000000000e+02 5.951610952615737915e-02 8.090372383594512939e-02
1.260000000000000000e+02 5.938601121306419373e-02 8.078753948211669922e-02
1.270000000000000000e+02 5.926486849784851074e-02 8.048432320356369019e-02
1.280000000000000000e+02 5.917153507471084595e-02 8.060315251350402832e-02
1.290000000000000000e+02 5.902806296944618225e-02 8.028303831815719604e-02
1.300000000000000000e+02 5.896136909723281860e-02 8.016102015972137451e-02
1.310000000000000000e+02 5.884298682212829590e-02 7.997072488069534302e-02
1.320000000000000000e+02 5.872974917292594910e-02 7.979851216077804565e-02
1.330000000000000000e+02 5.859344452619552612e-02 7.962314039468765259e-02
1.340000000000000000e+02 5.852037668228149414e-02 7.957500964403152466e-02
1.350000000000000000e+02 5.841382220387458801e-02 7.945115119218826294e-02
1.360000000000000000e+02 5.831091850996017456e-02 7.926218956708908081e-02
1.370000000000000000e+02 5.823354795575141907e-02 7.923153787851333618e-02
1.380000000000000000e+02 5.813822150230407715e-02 7.893174141645431519e-02
1.390000000000000000e+02 5.799673497676849365e-02 7.874999940395355225e-02
1.400000000000000000e+02 5.796872451901435852e-02 7.878857105970382690e-02
1.410000000000000000e+02 5.781609565019607544e-02 7.864355295896530151e-02
1.420000000000000000e+02 5.769529193639755249e-02 7.857581973075866699e-02
1.430000000000000000e+02 5.761257559061050415e-02 7.831984013319015503e-02
1.440000000000000000e+02 5.750340595841407776e-02 7.830517739057540894e-02
1.450000000000000000e+02 5.740194767713546753e-02 7.829025387763977051e-02
1.460000000000000000e+02 5.732023715972900391e-02 7.808430492877960205e-02
1.470000000000000000e+02 5.721767619252204895e-02 7.799279689788818359e-02
1.480000000000000000e+02 5.708188563585281372e-02 7.768335938453674316e-02
1.490000000000000000e+02 5.705258250236511230e-02 7.757136970758438110e-02
1.500000000000000000e+02 5.693052336573600769e-02 7.751817256212234497e-02
1.510000000000000000e+02 5.683846026659011841e-02 7.752571254968643188e-02
1.520000000000000000e+02 5.675538256764411926e-02 7.736537605524063110e-02
1.530000000000000000e+02 5.665894970297813416e-02 7.721289247274398804e-02
1.540000000000000000e+02 5.659961327910423279e-02 7.715827971696853638e-02
1.550000000000000000e+02 5.650297552347183228e-02 7.696574181318283081e-02
1.560000000000000000e+02 5.637732520699501038e-02 7.683960348367691040e-02
1.570000000000000000e+02 5.629770457744598389e-02 7.680436968803405762e-02
1.580000000000000000e+02 5.620264634490013123e-02 7.666903734207153320e-02
1.590000000000000000e+02 5.612366646528244019e-02 7.655284553766250610e-02
1.600000000000000000e+02 5.603049322962760925e-02 7.640839368104934692e-02
1.610000000000000000e+02 5.594268813729286194e-02 7.617565989494323730e-02
1.620000000000000000e+02 5.585237219929695129e-02 7.608684897422790527e-02
1.630000000000000000e+02 5.578225478529930115e-02 7.610487192869186401e-02
1.640000000000000000e+02 5.571826174855232239e-02 7.605361938476562500e-02
1.650000000000000000e+02 5.561653897166252136e-02 7.601018249988555908e-02
1.660000000000000000e+02 5.550936609506607056e-02 7.572977244853973389e-02
1.670000000000000000e+02 5.544357001781463623e-02 7.568059116601943970e-02
1.680000000000000000e+02 5.539432540535926819e-02 7.558064162731170654e-02
1.690000000000000000e+02 5.527948960661888123e-02 7.545791566371917725e-02
1.700000000000000000e+02 5.518918484449386597e-02 7.559694349765777588e-02
1.710000000000000000e+02 5.510631576180458069e-02 7.537389546632766724e-02
1.720000000000000000e+02 5.505625903606414795e-02 7.533434778451919556e-02
1.730000000000000000e+02 5.499373376369476318e-02 7.507789880037307739e-02
1.740000000000000000e+02 5.487794056534767151e-02 7.504346221685409546e-02
1.750000000000000000e+02 5.480084940791130066e-02 7.478666305541992188e-02
1.760000000000000000e+02 5.478641390800476074e-02 7.488938421010971069e-02
1.770000000000000000e+02 5.471561849117279053e-02 7.491277158260345459e-02
1.780000000000000000e+02 5.462986603379249573e-02 7.457306981086730957e-02
1.790000000000000000e+02 5.453773587942123413e-02 7.479204237461090088e-02
1.800000000000000000e+02 5.446565151214599609e-02 7.439161092042922974e-02
1.810000000000000000e+02 5.437729135155677795e-02 7.447906583547592163e-02
1.820000000000000000e+02 5.428205430507659912e-02 7.419961690902709961e-02
1.830000000000000000e+02 5.422505363821983337e-02 7.428729534149169922e-02
1.840000000000000000e+02 5.418957024812698364e-02 7.434858381748199463e-02
1.850000000000000000e+02 5.411644279956817627e-02 7.396745681762695312e-02
1.860000000000000000e+02 5.403596535325050354e-02 7.396805286407470703e-02
1.870000000000000000e+02 5.390608310699462891e-02 7.391513139009475708e-02
1.880000000000000000e+02 5.388762429356575012e-02 7.400663942098617554e-02
1.890000000000000000e+02 5.383026599884033203e-02 7.374171912670135498e-02
1.900000000000000000e+02 5.377391725778579712e-02 7.366576045751571655e-02
1.910000000000000000e+02 5.370706319808959961e-02 7.356366515159606934e-02
1.920000000000000000e+02 5.365018174052238464e-02 7.343764603137969971e-02
1.930000000000000000e+02 5.356683954596519470e-02 7.345221936702728271e-02
1.940000000000000000e+02 5.355982482433319092e-02 7.364331930875778198e-02
1.950000000000000000e+02 5.343366414308547974e-02 7.327498495578765869e-02
1.960000000000000000e+02 5.336676165461540222e-02 7.320515066385269165e-02
1.970000000000000000e+02 5.330415442585945129e-02 7.308817654848098755e-02
1.980000000000000000e+02 5.321795493364334106e-02 7.313721626996994019e-02
1.990000000000000000e+02 5.316218361258506775e-02 7.322376221418380737e-02
2.000000000000000000e+02 5.315178260207176208e-02 7.281335443258285522e-02
2.010000000000000000e+02 5.309017375111579895e-02 7.287890464067459106e-02
2.020000000000000000e+02 5.300479382276535034e-02 7.275067269802093506e-02
2.030000000000000000e+02 5.294992774724960327e-02 7.267979532480239868e-02
2.040000000000000000e+02 5.291480198502540588e-02 7.269166409969329834e-02
2.050000000000000000e+02 5.288039520382881165e-02 7.251193374395370483e-02
2.060000000000000000e+02 5.274410918354988098e-02 7.236860692501068115e-02
2.070000000000000000e+02 5.271452665328979492e-02 7.248263806104660034e-02
2.080000000000000000e+02 5.268512666225433350e-02 7.242543250322341919e-02
2.090000000000000000e+02 5.259075388312339783e-02 7.226792722940444946e-02
2.100000000000000000e+02 5.254105851054191589e-02 7.222101837396621704e-02
2.110000000000000000e+02 5.243052542209625244e-02 7.213638722896575928e-02
2.120000000000000000e+02 5.246185138821601868e-02 7.204425334930419922e-02
2.130000000000000000e+02 5.238545686006546021e-02 7.196420431137084961e-02
2.140000000000000000e+02 5.230861902236938477e-02 7.202384620904922485e-02
2.150000000000000000e+02 5.223836749792098999e-02 7.201379537582397461e-02
2.160000000000000000e+02 5.221365764737129211e-02 7.183118909597396851e-02
2.170000000000000000e+02 5.211625248193740845e-02 7.161438465118408203e-02
2.180000000000000000e+02 5.212178453803062439e-02 7.174424082040786743e-02
2.190000000000000000e+02 5.207567289471626282e-02 7.159561663866043091e-02
2.200000000000000000e+02 5.198890343308448792e-02 7.147090137004852295e-02
2.210000000000000000e+02 5.193734169006347656e-02 7.157418876886367798e-02
2.220000000000000000e+02 5.189417302608489990e-02 7.154668867588043213e-02
2.230000000000000000e+02 5.184208974242210388e-02 7.141247391700744629e-02
2.240000000000000000e+02 5.174604430794715881e-02 7.126934826374053955e-02
2.250000000000000000e+02 5.166174098849296570e-02 7.127977907657623291e-02
2.260000000000000000e+02 5.162796378135681152e-02 7.126282900571823120e-02
2.270000000000000000e+02 5.160621181130409241e-02 7.103422284126281738e-02
2.280000000000000000e+02 5.158594623208045959e-02 7.107859104871749878e-02
2.290000000000000000e+02 5.152906104922294617e-02 7.104159891605377197e-02
2.300000000000000000e+02 5.148375034332275391e-02 7.097401469945907593e-02
2.310000000000000000e+02 5.142220854759216309e-02 7.090404629707336426e-02
2.320000000000000000e+02 5.140127614140510559e-02 7.088290154933929443e-02
2.330000000000000000e+02 5.131059885025024414e-02 7.081341743469238281e-02
2.340000000000000000e+02 5.127739533782005310e-02 7.072217017412185669e-02
2.350000000000000000e+02 5.122497677803039551e-02 7.055868208408355713e-02
2.360000000000000000e+02 5.114440619945526123e-02 7.057698071002960205e-02
2.370000000000000000e+02 5.108905211091041565e-02 7.043574750423431396e-02
2.380000000000000000e+02 5.105264112353324890e-02 7.057768851518630981e-02
2.390000000000000000e+02 5.102395638823509216e-02 7.046351581811904907e-02
2.400000000000000000e+02 5.093953385949134827e-02 7.025057077407836914e-02
2.410000000000000000e+02 5.094780772924423218e-02 7.035362720489501953e-02
2.420000000000000000e+02 5.084723606705665588e-02 7.026055455207824707e-02
2.430000000000000000e+02 5.079993605613708496e-02 7.013226300477981567e-02
2.440000000000000000e+02 5.079797655344009399e-02 7.031743228435516357e-02
2.450000000000000000e+02 5.066674202680587769e-02 7.007478177547454834e-02
2.460000000000000000e+02 5.061870440840721130e-02 7.011571526527404785e-02
2.470000000000000000e+02 5.059114098548889160e-02 6.996456533670425415e-02
2.480000000000000000e+02 5.058648437261581421e-02 6.992442160844802856e-02
2.490000000000000000e+02 5.049699917435646057e-02 6.978310644626617432e-02
2.500000000000000000e+02 5.048462375998497009e-02 6.972897797822952271e-02
2.510000000000000000e+02 5.043537914752960205e-02 6.968992203474044800e-02
2.520000000000000000e+02 5.036829784512519836e-02 6.957740336656570435e-02
2.530000000000000000e+02 5.035116150975227356e-02 6.971539556980133057e-02
2.540000000000000000e+02 5.023135989904403687e-02 6.974018365144729614e-02
2.550000000000000000e+02 5.028581991791725159e-02 6.934886425733566284e-02
2.560000000000000000e+02 5.017846077680587769e-02 6.957755982875823975e-02
2.570000000000000000e+02 5.014788731932640076e-02 6.942392140626907349e-02
2.580000000000000000e+02 5.003217235207557678e-02 6.936389952898025513e-02
2.590000000000000000e+02 5.004047602415084839e-02 6.924258917570114136e-02
2.600000000000000000e+02 5.000355467200279236e-02 6.939749419689178467e-02
2.610000000000000000e+02 4.996487125754356384e-02 6.911779195070266724e-02
2.620000000000000000e+02 4.992374405264854431e-02 6.919480115175247192e-02
2.630000000000000000e+02 4.987952113151550293e-02 6.921434402465820312e-02
2.640000000000000000e+02 4.982199892401695251e-02 6.918044388294219971e-02
2.650000000000000000e+02 4.980331659317016602e-02 6.900949031114578247e-02
2.660000000000000000e+02 4.970248043537139893e-02 6.905093044042587280e-02
2.670000000000000000e+02 4.967220127582550049e-02 6.908279657363891602e-02
2.680000000000000000e+02 4.968738183379173279e-02 6.899365037679672241e-02
2.690000000000000000e+02 4.966384544968605042e-02 6.889525800943374634e-02
2.700000000000000000e+02 4.954408109188079834e-02 6.869423389434814453e-02
2.710000000000000000e+02 4.953362792730331421e-02 6.874422729015350342e-02
2.720000000000000000e+02 4.948030412197113037e-02 6.875694543123245239e-02
2.730000000000000000e+02 4.942584782838821411e-02 6.865746527910232544e-02
2.740000000000000000e+02 4.935271665453910828e-02 6.868617236614227295e-02
2.750000000000000000e+02 4.937542974948883057e-02 6.868446618318557739e-02
2.760000000000000000e+02 4.932413622736930847e-02 6.858559697866439819e-02
2.770000000000000000e+02 4.927892237901687622e-02 6.858221441507339478e-02
2.780000000000000000e+02 4.926964640617370605e-02 6.851363927125930786e-02
2.790000000000000000e+02 4.917292296886444092e-02 6.847660988569259644e-02
2.800000000000000000e+02 4.917373508214950562e-02 6.846643239259719849e-02
2.810000000000000000e+02 4.911306500434875488e-02 6.830326467752456665e-02
2.820000000000000000e+02 4.902672767639160156e-02 6.832126528024673462e-02
2.830000000000000000e+02 4.904944822192192078e-02 6.843195855617523193e-02
2.840000000000000000e+02 4.899519681930541992e-02 6.828609108924865723e-02
2.850000000000000000e+02 4.895535483956336975e-02 6.835778802633285522e-02
2.860000000000000000e+02 4.890961945056915283e-02 6.802452355623245239e-02
2.870000000000000000e+02 4.889595881104469299e-02 6.827641278505325317e-02
2.880000000000000000e+02 4.884335771203041077e-02 6.817644089460372925e-02
2.890000000000000000e+02 4.879857972264289856e-02 6.806737184524536133e-02
2.900000000000000000e+02 4.877296462655067444e-02 6.808667629957199097e-02
2.910000000000000000e+02 4.872964322566986084e-02 6.776064634323120117e-02
2.920000000000000000e+02 4.868580400943756104e-02 6.795513629913330078e-02
2.930000000000000000e+02 4.867406561970710754e-02 6.791508197784423828e-02
2.940000000000000000e+02 4.860469698905944824e-02 6.777319312095642090e-02
2.950000000000000000e+02 4.860319197177886963e-02 6.795800477266311646e-02
2.960000000000000000e+02 4.856023564934730530e-02 6.774259358644485474e-02
2.970000000000000000e+02 4.854775592684745789e-02 6.789449602365493774e-02
2.980000000000000000e+02 4.845506325364112854e-02 6.776980310678482056e-02
2.990000000000000000e+02 4.843805730342864990e-02 6.757771968841552734e-02
3.000000000000000000e+02 4.842462018132209778e-02 6.766084581613540649e-02
3.010000000000000000e+02 4.835698753595352173e-02 6.768725067377090454e-02
3.020000000000000000e+02 4.828907176852226257e-02 6.744096428155899048e-02
3.030000000000000000e+02 4.831333085894584656e-02 6.756465137004852295e-02
3.040000000000000000e+02 4.827059060335159302e-02 6.752038747072219849e-02
3.050000000000000000e+02 4.822110757231712341e-02 6.743983924388885498e-02
3.060000000000000000e+02 4.822792112827301025e-02 6.738661229610443115e-02
3.070000000000000000e+02 4.809895902872085571e-02 6.743024289608001709e-02
3.080000000000000000e+02 4.812392592430114746e-02 6.736775487661361694e-02
3.090000000000000000e+02 4.812506958842277527e-02 6.746219843626022339e-02
3.100000000000000000e+02 4.800318554043769836e-02 6.715894490480422974e-02
3.110000000000000000e+02 4.805408790707588196e-02 6.729188561439514160e-02
3.120000000000000000e+02 4.805869236588478088e-02 6.721339374780654907e-02
3.130000000000000000e+02 4.793752357363700867e-02 6.713057309389114380e-02
3.140000000000000000e+02 4.794176667928695679e-02 6.713951379060745239e-02
3.150000000000000000e+02 4.790706560015678406e-02 6.714570522308349609e-02
3.160000000000000000e+02 4.782100394368171692e-02 6.716880202293395996e-02
3.170000000000000000e+02 4.778458550572395325e-02 6.704960763454437256e-02
3.180000000000000000e+02 4.772258177399635315e-02 6.712193042039871216e-02
3.190000000000000000e+02 4.773253574967384338e-02 6.694892793893814087e-02
3.200000000000000000e+02 4.762542620301246643e-02 6.698659062385559082e-02
3.210000000000000000e+02 4.765184596180915833e-02 6.687163561582565308e-02
3.220000000000000000e+02 4.759817570447921753e-02 6.698802858591079712e-02
3.230000000000000000e+02 4.753693565726280212e-02 6.694648414850234985e-02
3.240000000000000000e+02 4.753589630126953125e-02 6.667031347751617432e-02
3.250000000000000000e+02 4.749989509582519531e-02 6.684508919715881348e-02
3.260000000000000000e+02 4.747552052140235901e-02 6.682121008634567261e-02
3.270000000000000000e+02 4.747102037072181702e-02 6.675534695386886597e-02
3.280000000000000000e+02 4.737393558025360107e-02 6.665867567062377930e-02
3.290000000000000000e+02 4.739087074995040894e-02 6.672312319278717041e-02
3.300000000000000000e+02 4.736516997218132019e-02 6.649481505155563354e-02
3.310000000000000000e+02 4.734383895993232727e-02 6.657341122627258301e-02
3.320000000000000000e+02 4.727797955274581909e-02 6.657024472951889038e-02
3.330000000000000000e+02 4.730417579412460327e-02 6.645884364843368530e-02
3.340000000000000000e+02 4.720648378133773804e-02 6.646630913019180298e-02
3.350000000000000000e+02 4.719197377562522888e-02 6.640783697366714478e-02
3.360000000000000000e+02 4.711692407727241516e-02 6.629782170057296753e-02
3.370000000000000000e+02 4.712601006031036377e-02 6.623414903879165649e-02
3.380000000000000000e+02 4.706582799553871155e-02 6.635875999927520752e-02
3.390000000000000000e+02 4.706033319234848022e-02 6.613850593566894531e-02
3.400000000000000000e+02 4.699914157390594482e-02 6.616813689470291138e-02
3.410000000000000000e+02 4.695025831460952759e-02 6.623771041631698608e-02
3.420000000000000000e+02 4.692402109503746033e-02 6.604371964931488037e-02
3.430000000000000000e+02 4.692422226071357727e-02 6.609553098678588867e-02
3.440000000000000000e+02 4.684732854366302490e-02 6.600479781627655029e-02
3.450000000000000000e+02 4.684666544198989868e-02 6.614246964454650879e-02
3.460000000000000000e+02 4.685765504837036133e-02 6.599070876836776733e-02
3.470000000000000000e+02 4.680161178112030029e-02 6.605164706707000732e-02
3.480000000000000000e+02 4.675474762916564941e-02 6.581229716539382935e-02
3.490000000000000000e+02 4.665975272655487061e-02 6.596086174249649048e-02
3.500000000000000000e+02 4.666969925165176392e-02 6.593908369541168213e-02
3.510000000000000000e+02 4.662551730871200562e-02 6.584069877862930298e-02
3.520000000000000000e+02 4.662241786718368530e-02 6.585545837879180908e-02
3.530000000000000000e+02 4.656577855348587036e-02 6.586330384016036987e-02
3.540000000000000000e+02 4.658677801489830017e-02 6.572759151458740234e-02
3.550000000000000000e+02 4.654689133167266846e-02 6.583019345998764038e-02
3.560000000000000000e+02 4.644928127527236938e-02 6.579829752445220947e-02
3.570000000000000000e+02 4.648519307374954224e-02 6.552911549806594849e-02
3.580000000000000000e+02 4.642119631171226501e-02 6.569461524486541748e-02
3.590000000000000000e+02 4.634334519505500793e-02 6.572327017784118652e-02
3.600000000000000000e+02 4.638481140136718750e-02 6.561756879091262817e-02
3.610000000000000000e+02 4.624697938561439514e-02 6.557936966419219971e-02
3.620000000000000000e+02 4.637948423624038696e-02 6.539271771907806396e-02
3.630000000000000000e+02 4.628808796405792236e-02 6.557812541723251343e-02
3.640000000000000000e+02 4.625324904918670654e-02 6.545393913984298706e-02
3.650000000000000000e+02 4.620089009404182434e-02 6.538745015859603882e-02
3.660000000000000000e+02 4.626024886965751648e-02 6.529204547405242920e-02
3.670000000000000000e+02 4.616938158869743347e-02 6.538183987140655518e-02
3.680000000000000000e+02 4.611244425177574158e-02 6.538629531860351562e-02
3.690000000000000000e+02 4.614698141813278198e-02 6.518943607807159424e-02
3.700000000000000000e+02 4.608984664082527161e-02 6.526181846857070923e-02
3.710000000000000000e+02 4.608054831624031067e-02 6.515133380889892578e-02
3.720000000000000000e+02 4.601690545678138733e-02 6.511199474334716797e-02
3.730000000000000000e+02 4.595183581113815308e-02 6.503541022539138794e-02
3.740000000000000000e+02 4.598065838217735291e-02 6.514360010623931885e-02
3.750000000000000000e+02 4.586848244071006775e-02 6.499543040990829468e-02
3.760000000000000000e+02 4.585338756442070007e-02 6.490711122751235962e-02
3.770000000000000000e+02 4.583970829844474792e-02 6.507425755262374878e-02
3.780000000000000000e+02 4.580631852149963379e-02 6.496081501245498657e-02
3.790000000000000000e+02 4.572957754135131836e-02 6.479501724243164062e-02
3.800000000000000000e+02 4.574090987443923950e-02 6.501176953315734863e-02
3.810000000000000000e+02 4.569322615861892700e-02 6.488347798585891724e-02
3.820000000000000000e+02 4.573203995823860168e-02 6.480049341917037964e-02
3.830000000000000000e+02 4.569369554519653320e-02 6.485331803560256958e-02
3.840000000000000000e+02 4.565861448645591736e-02 6.470852345228195190e-02
3.850000000000000000e+02 4.555613547563552856e-02 6.478644162416458130e-02
3.860000000000000000e+02 4.557672515511512756e-02 6.466010212898254395e-02
3.870000000000000000e+02 4.561222717165946960e-02 6.448841094970703125e-02
3.880000000000000000e+02 4.553151875734329224e-02 6.466927379369735718e-02
3.890000000000000000e+02 4.554215818643569946e-02 6.454744935035705566e-02
3.900000000000000000e+02 4.544634371995925903e-02 6.466177105903625488e-02
3.910000000000000000e+02 4.542050138115882874e-02 6.461034715175628662e-02
3.920000000000000000e+02 4.543051868677139282e-02 6.452024728059768677e-02
3.930000000000000000e+02 4.534199088811874390e-02 6.445401906967163086e-02
3.940000000000000000e+02 4.533926025032997131e-02 6.453369557857513428e-02
3.950000000000000000e+02 4.533826932311058044e-02 6.443808227777481079e-02
3.960000000000000000e+02 4.527327418327331543e-02 6.443700194358825684e-02
3.970000000000000000e+02 4.525879770517349243e-02 6.451486051082611084e-02
3.980000000000000000e+02 4.524433985352516174e-02 6.435372680425643921e-02
3.990000000000000000e+02 4.518986493349075317e-02 6.425025314092636108e-02
4.000000000000000000e+02 4.517650976777076721e-02 6.437386572360992432e-02
4.010000000000000000e+02 4.514924436807632446e-02 6.420873850584030151e-02
4.020000000000000000e+02 4.508797451853752136e-02 6.423299014568328857e-02
4.030000000000000000e+02 4.505667835474014282e-02 6.420864164829254150e-02
4.040000000000000000e+02 4.503883421421051025e-02 6.418830901384353638e-02
4.050000000000000000e+02 4.503722861409187317e-02 6.417789310216903687e-02
4.060000000000000000e+02 4.495782405138015747e-02 6.403099745512008667e-02
4.070000000000000000e+02 4.499772191047668457e-02 6.410418450832366943e-02
4.080000000000000000e+02 4.493638873100280762e-02 6.393302977085113525e-02
4.090000000000000000e+02 4.494813457131385803e-02 6.404480338096618652e-02
4.100000000000000000e+02 4.490681737661361694e-02 6.404725462198257446e-02
4.110000000000000000e+02 4.484722390770912170e-02 6.396251171827316284e-02
4.120000000000000000e+02 4.482729732990264893e-02 6.378849595785140991e-02
4.130000000000000000e+02 4.477885738015174866e-02 6.389027833938598633e-02
4.140000000000000000e+02 4.477177187800407410e-02 6.392961740493774414e-02
4.150000000000000000e+02 4.472283273935317993e-02 6.388453394174575806e-02
4.160000000000000000e+02 4.475778341293334961e-02 6.387958675622940063e-02
4.170000000000000000e+02 4.470637813210487366e-02 6.383606046438217163e-02
4.180000000000000000e+02 4.466040432453155518e-02 6.369636952877044678e-02
4.190000000000000000e+02 4.458965361118316650e-02 6.360089033842086792e-02
4.200000000000000000e+02 4.461413994431495667e-02 6.363648176193237305e-02
4.210000000000000000e+02 4.461580514907836914e-02 6.366658210754394531e-02
4.220000000000000000e+02 4.454502090811729431e-02 6.359934806823730469e-02
4.230000000000000000e+02 4.455484077334403992e-02 6.365348398685455322e-02
4.240000000000000000e+02 4.453584924340248108e-02 6.354950368404388428e-02
4.250000000000000000e+02 4.445767402648925781e-02 6.353253126144409180e-02
4.260000000000000000e+02 4.443601146340370178e-02 6.357606500387191772e-02
4.270000000000000000e+02 4.439907893538475037e-02 6.358554214239120483e-02
4.280000000000000000e+02 4.436751455068588257e-02 6.348910182714462280e-02
4.290000000000000000e+02 4.436575993895530701e-02 6.357078254222869873e-02
4.300000000000000000e+02 4.434284940361976624e-02 6.341165304183959961e-02
4.310000000000000000e+02 4.427440091967582703e-02 6.346833705902099609e-02
4.320000000000000000e+02 4.433201253414154053e-02 6.335789710283279419e-02
4.330000000000000000e+02 4.427759721875190735e-02 6.337926536798477173e-02
4.340000000000000000e+02 4.434028267860412598e-02 6.327629834413528442e-02
4.350000000000000000e+02 4.422388970851898193e-02 6.331804394721984863e-02
4.360000000000000000e+02 4.421890899538993835e-02 6.316602230072021484e-02
4.370000000000000000e+02 4.421625658869743347e-02 6.323701888322830200e-02
4.380000000000000000e+02 4.414466768503189087e-02 6.309916824102401733e-02
4.390000000000000000e+02 4.414290934801101685e-02 6.318249553442001343e-02
4.400000000000000000e+02 4.409834742546081543e-02 6.294258683919906616e-02
4.410000000000000000e+02 4.406161233782768250e-02 6.305997818708419800e-02
4.420000000000000000e+02 4.400777444243431091e-02 6.298121809959411621e-02
4.430000000000000000e+02 4.400222748517990112e-02 6.302827596664428711e-02
4.440000000000000000e+02 4.399941116571426392e-02 6.308933347463607788e-02
4.450000000000000000e+02 4.402141645550727844e-02 6.303459405899047852e-02
4.460000000000000000e+02 4.396434500813484192e-02 6.299547106027603149e-02
4.470000000000000000e+02 4.396027699112892151e-02 6.285355985164642334e-02
4.480000000000000000e+02 4.391336441040039062e-02 6.293661147356033325e-02
4.490000000000000000e+02 4.385504126548767090e-02 6.288830190896987915e-02
4.500000000000000000e+02 4.391568526625633240e-02 6.297490745782852173e-02
4.510000000000000000e+02 4.382320493459701538e-02 6.279303878545761108e-02
4.520000000000000000e+02 4.379018768668174744e-02 6.292944401502609253e-02
4.530000000000000000e+02 4.380213469266891479e-02 6.283383071422576904e-02
4.540000000000000000e+02 4.372159391641616821e-02 6.275720894336700439e-02
4.550000000000000000e+02 4.374256357550621033e-02 6.284029036760330200e-02
4.560000000000000000e+02 4.370773211121559143e-02 6.284619867801666260e-02
4.570000000000000000e+02 4.375120624899864197e-02 6.262261420488357544e-02
4.580000000000000000e+02 4.366340860724449158e-02 6.275787204504013062e-02
4.590000000000000000e+02 4.367285594344139099e-02 6.294203549623489380e-02
4.600000000000000000e+02 4.360517486929893494e-02 6.269937008619308472e-02
4.610000000000000000e+02 4.361296445131301880e-02 6.261061131954193115e-02
4.620000000000000000e+02 4.358213394880294800e-02 6.250530481338500977e-02
4.630000000000000000e+02 4.354823753237724304e-02 6.261410564184188843e-02
4.640000000000000000e+02 4.353439435362815857e-02 6.241121143102645874e-02
4.650000000000000000e+02 4.352318868041038513e-02 6.258382648229598999e-02
4.660000000000000000e+02 4.355945065617561340e-02 6.249896436929702759e-02
4.670000000000000000e+02 4.348187893629074097e-02 6.247830018401145935e-02
4.680000000000000000e+02 4.349100962281227112e-02 6.254163384437561035e-02
4.690000000000000000e+02 4.343049973249435425e-02 6.237787008285522461e-02
4.700000000000000000e+02 4.336965084075927734e-02 6.233093515038490295e-02
4.710000000000000000e+02 4.341652244329452515e-02 6.234796345233917236e-02
4.720000000000000000e+02 4.338311031460762024e-02 6.217113137245178223e-02
4.730000000000000000e+02 4.337476566433906555e-02 6.231000646948814392e-02
4.740000000000000000e+02 4.335789754986763000e-02 6.230476126074790955e-02
4.750000000000000000e+02 4.330071061849594116e-02 6.226631626486778259e-02
4.760000000000000000e+02 4.332626238465309143e-02 6.229991093277931213e-02
4.770000000000000000e+02 4.333039000630378723e-02 6.215627491474151611e-02
4.780000000000000000e+02 4.324905574321746826e-02 6.218047440052032471e-02
4.790000000000000000e+02 4.329149052500724792e-02 6.230136752128601074e-02
4.800000000000000000e+02 4.320251941680908203e-02 6.212950870394706726e-02
4.810000000000000000e+02 4.320138692855834961e-02 6.203798577189445496e-02
4.820000000000000000e+02 4.321279749274253845e-02 6.209611147642135620e-02
4.830000000000000000e+02 4.313478618860244751e-02 6.202332675457000732e-02
4.840000000000000000e+02 4.318631812930107117e-02 6.211408600211143494e-02
4.850000000000000000e+02 4.315321147441864014e-02 6.215494498610496521e-02
4.860000000000000000e+02 4.307919368147850037e-02 6.192868947982788086e-02
4.870000000000000000e+02 4.305625706911087036e-02 6.203998997807502747e-02
4.880000000000000000e+02 4.311471804976463318e-02 6.190911307930946350e-02
4.890000000000000000e+02 4.304483160376548767e-02 6.195046752691268921e-02
4.900000000000000000e+02 4.300377517938613892e-02 6.192659586668014526e-02
4.910000000000000000e+02 4.305956885218620300e-02 6.192539632320404053e-02
4.920000000000000000e+02 4.298974946141242981e-02 6.192643940448760986e-02
4.930000000000000000e+02 4.300983995199203491e-02 6.191967055201530457e-02
4.940000000000000000e+02 4.293862730264663696e-02 6.183853745460510254e-02
4.950000000000000000e+02 4.296482726931571960e-02 6.178675964474678040e-02
4.960000000000000000e+02 4.291569069027900696e-02 6.180501356720924377e-02
4.970000000000000000e+02 4.289847612380981445e-02 6.179701909422874451e-02
4.980000000000000000e+02 4.285393282771110535e-02 6.165744736790657043e-02
4.990000000000000000e+02 4.290596768260002136e-02 6.154976785182952881e-02
5.000000000000000000e+02 4.283750802278518677e-02 6.192581355571746826e-02
5.010000000000000000e+02 4.286024346947669983e-02 6.171865016222000122e-02
5.020000000000000000e+02 4.280975088477134705e-02 6.169109046459197998e-02
5.030000000000000000e+02 4.274444282054901123e-02 6.166540086269378662e-02
5.040000000000000000e+02 4.278744012117385864e-02 6.157070025801658630e-02
5.050000000000000000e+02 4.271934553980827332e-02 6.156396865844726562e-02
5.060000000000000000e+02 4.275230318307876587e-02 6.155828386545181274e-02
5.070000000000000000e+02 4.270878806710243225e-02 6.152741983532905579e-02
5.080000000000000000e+02 4.272009432315826416e-02 6.163467839360237122e-02
5.090000000000000000e+02 4.267279803752899170e-02 6.155308708548545837e-02
5.100000000000000000e+02 4.266570135951042175e-02 6.162579730153083801e-02
5.110000000000000000e+02 4.264007508754730225e-02 6.155986711382865906e-02
5.120000000000000000e+02 4.266739264130592346e-02 6.154255568981170654e-02
5.130000000000000000e+02 4.262369126081466675e-02 6.156171858310699463e-02
5.140000000000000000e+02 4.259743541479110718e-02 6.154185533523559570e-02
5.150000000000000000e+02 4.259728267788887024e-02 6.135247275233268738e-02
5.160000000000000000e+02 4.249552264809608459e-02 6.142938509583473206e-02
5.170000000000000000e+02 4.253339022397994995e-02 6.139836087822914124e-02
5.180000000000000000e+02 4.250978305935859680e-02 6.133133918046951294e-02
5.190000000000000000e+02 4.248720780014991760e-02 6.132712960243225098e-02
5.200000000000000000e+02 4.246857762336730957e-02 6.132414564490318298e-02
5.210000000000000000e+02 4.240779578685760498e-02 6.132325530052185059e-02
5.220000000000000000e+02 4.249155893921852112e-02 6.125010550022125244e-02
5.230000000000000000e+02 4.246887564659118652e-02 6.122341379523277283e-02
5.240000000000000000e+02 4.240741580724716187e-02 6.128404289484024048e-02
5.250000000000000000e+02 4.238237813115119934e-02 6.120879575610160828e-02
5.260000000000000000e+02 4.237335920333862305e-02 6.119353696703910828e-02
5.270000000000000000e+02 4.234505444765090942e-02 6.126917898654937744e-02
5.280000000000000000e+02 4.233137518167495728e-02 6.114411726593971252e-02
5.290000000000000000e+02 4.234756901860237122e-02 6.120738014578819275e-02
5.300000000000000000e+02 4.235255345702171326e-02 6.122721359133720398e-02
5.310000000000000000e+02 4.228147119283676147e-02 6.115558370947837830e-02
5.320000000000000000e+02 4.228499904274940491e-02 6.113561615347862244e-02
5.330000000000000000e+02 4.225317761301994324e-02 6.115384027361869812e-02
5.340000000000000000e+02 4.229513555765151978e-02 6.116742268204689026e-02
5.350000000000000000e+02 4.223720356822013855e-02 6.107967719435691833e-02
5.360000000000000000e+02 4.223252087831497192e-02 6.098388880491256714e-02
5.370000000000000000e+02 4.216697812080383301e-02 6.103636696934700012e-02
5.380000000000000000e+02 4.217601194977760315e-02 6.108886748552322388e-02
5.390000000000000000e+02 4.218686372041702271e-02 6.108211725950241089e-02
5.400000000000000000e+02 4.219670966267585754e-02 6.094794720411300659e-02
5.410000000000000000e+02 4.216830432415008545e-02 6.108792871236801147e-02
5.420000000000000000e+02 4.209312424063682556e-02 6.088496744632720947e-02
5.430000000000000000e+02 4.208900406956672668e-02 6.088935956358909607e-02
5.440000000000000000e+02 4.209744930267333984e-02 6.078192219138145447e-02
5.450000000000000000e+02 4.215363040566444397e-02 6.098641455173492432e-02
5.460000000000000000e+02 4.210099577903747559e-02 6.093989312648773193e-02
5.470000000000000000e+02 4.208299517631530762e-02 6.078500673174858093e-02
5.480000000000000000e+02 4.207706451416015625e-02 6.089021265506744385e-02
5.490000000000000000e+02 4.202176630496978760e-02 6.082799658179283142e-02
5.500000000000000000e+02 4.201643541455268860e-02 6.085455417633056641e-02
5.510000000000000000e+02 4.193491488695144653e-02 6.084004789590835571e-02
5.520000000000000000e+02 4.200352728366851807e-02 6.078696250915527344e-02
5.530000000000000000e+02 4.195344075560569763e-02 6.082639843225479126e-02
