0.000000000000000000e+00 1.012442708015441895e-01 1.223548352718353271e-01
1.000000000000000000e+00 1.010978296399116516e-01 1.222404167056083679e-01
2.000000000000000000e+00 1.009555682539939880e-01 1.221124380826950073e-01
3.000000000000000000e+00 1.008151397109031677e-01 1.219979748129844666e-01
4.000000000000000000e+00 1.006772518157958984e-01 1.218867301940917969e-01
5.000000000000000000e+00 1.005341559648513794e-01 1.217721477150917053e-01
6.000000000000000000e+00 1.003968790173530579e-01 1.216560378670692444e-01
7.000000000000000000e+00 1.002561673521995544e-01 1.215372458100318909e-01
8.000000000000000000e+00 1.001179516315460205e-01 1.214228942990303040e-01
9.000000000000000000e+00 9.997549653053283691e-02 1.212930306792259216e-01
1.000000000000000000e+01 9.983106702566146851e-02 1.211755126714706421e-01
1.100000000000000000e+01 9.969330579042434692e-02 1.210625171661376953e-01
1.200000000000000000e+01 9.954313933849334717e-02 1.209262907505035400e-01
1.300000000000000000e+01 9.940877556800842285e-02 1.207962185144424438e-01
1.400000000000000000e+01 9.925719350576400757e-02 1.206735223531723022e-01
1.500000000000000000e+01 9.910918772220611572e-02 1.205453574657440186e-01
1.600000000000000000e+01 9.896332025527954102e-02 1.204236969351768494e-01
1.700000000000000000e+01 9.881931543350219727e-02 1.202943921089172363e-01
1.800000000000000000e+01 9.867437928915023804e-02 1.201373711228370667e-01
1.900000000000000000e+01 9.852763265371322632e-02 1.200204938650131226e-01
2.000000000000000000e+01 9.838065505027770996e-02 1.198735758662223816e-01
2.100000000000000000e+01 9.823548048734664917e-02 1.197418496012687683e-01
2.200000000000000000e+01 9.808773547410964966e-02 1.196057200431823730e-01
2.300000000000000000e+01 9.793285280466079712e-02 1.194717586040496826e-01
2.400000000000000000e+01 9.778026491403579712e-02 1.193154528737068176e-01
2.500000000000000000e+01 9.763994812965393066e-02 1.191674545407295227e-01
2.600000000000000000e+01 9.749118238687515259e-02 1.190548837184906006e-01
2.700000000000000000e+01 9.734021872282028198e-02 1.189030408859252930e-01
2.800000000000000000e+01 9.718823432922363281e-02 1.187467053532600403e-01
2.900000000000000000e+01 9.704644232988357544e-02 1.186255738139152527e-01
3.000000000000000000e+01 9.688884764909744263e-02 1.184703707695007324e-01
3.100000000000000000e+01 9.674410521984100342e-02 1.183154135942459106e-01
3.200000000000000000e+01 9.658980369567871094e-02 1.181452348828315735e-01
3.300000000000000000e+01 9.644473344087600708e-02 1.180163621902465820e-01
3.400000000000000000e+01 9.628555923700332642e-02 1.178594902157783508e-01
3.500000000000000000e+01 9.613277763128280640e-02 1.177142485976219177e-01
3.600000000000000000e+01 9.599061310291290283e-02 1.175296381115913391e-01
3.700000000000000000e+01 9.582771360874176025e-02 1.173812523484230042e-01
3.800000000000000000e+01 9.568177908658981323e-02 1.172269731760025024e-01
3.900000000000000000e+01 9.552875906229019165e-02 1.170902103185653687e-01
4.000000000000000000e+01 9.537468850612640381e-02 1.169431507587432861e-01
4.100000000000000000e+01 9.521655738353729248e-02 1.167287528514862061e-01
4.200000000000000000e+01 9.507407248020172119e-02 1.165731251239776611e-01
4.300000000000000000e+01 9.491691738367080688e-02 1.164290755987167358e-01
4.400000000000000000e+01 9.475795924663543701e-02 1.162782311439514160e-01
4.500000000000000000e+01 9.460893273353576660e-02 1.160977259278297424e-01
4.600000000000000000e+01 9.445914626121520996e-02 1.159309446811676025e-01
4.700000000000000000e+01 9.430235624313354492e-02 1.157892867922782898e-01
4.800000000000000000e+01 9.415405988693237305e-02 1.156126633286476135e-01
4.900000000000000000e+01 9.401015192270278931e-02 1.154587715864181519e-01
5.000000000000000000e+01 9.385015815496444702e-02 1.152864769101142883e-01
5.100000000000000000e+01 9.371032565832138062e-02 1.150990054011344910e-01
5.200000000000000000e+01 9.355818480253219604e-02 1.149613559246063232e-01
5.300000000000000000e+01 9.341023117303848267e-02 1.147750243544578552e-01
5.400000000000000000e+01 9.326028078794479370e-02 1.145974174141883850e-01
5.500000000000000000e+01 9.310906380414962769e-02 1.144612878561019897e-01
5.600000000000000000e+01 9.295804053544998169e-02 1.143030151724815369e-01
5.700000000000000000e+01 9.281104058027267456e-02 1.141085922718048096e-01
5.800000000000000000e+01 9.268457442522048950e-02 1.139366701245307922e-01
5.900000000000000000e+01 9.252747893333435059e-02 1.137854382395744324e-01
6.000000000000000000e+01 9.237992763519287109e-02 1.136175319552421570e-01
6.100000000000000000e+01 9.224113821983337402e-02 1.134518533945083618e-01
6.200000000000000000e+01 9.210283309221267700e-02 1.133695244789123535e-01
6.300000000000000000e+01 9.197843074798583984e-02 1.131504923105239868e-01
6.400000000000000000e+01 9.183371812105178833e-02 1.130296364426612854e-01
6.500000000000000000e+01 9.171547740697860718e-02 1.128530129790306091e-01
6.600000000000000000e+01 9.155791997909545898e-02 1.127367168664932251e-01
6.700000000000000000e+01 9.143374115228652954e-02 1.125861629843711853e-01
6.800000000000000000e+01 9.131150692701339722e-02 1.124388873577117920e-01
6.900000000000000000e+01 9.117708355188369751e-02 1.122569814324378967e-01
7.000000000000000000e+01 9.105899930000305176e-02 1.121747046709060669e-01
7.100000000000000000e+01 9.093087166547775269e-02 1.119642630219459534e-01
7.200000000000000000e+01 9.078978747129440308e-02 1.118374615907669067e-01
7.300000000000000000e+01 9.067793935537338257e-02 1.117123216390609741e-01
7.400000000000000000e+01 9.054668247699737549e-02 1.115884333848953247e-01
7.500000000000000000e+01 9.043279290199279785e-02 1.115121543407440186e-01
7.600000000000000000e+01 9.029313176870346069e-02 1.113277897238731384e-01
7.700000000000000000e+01 9.017425775527954102e-02 1.111999675631523132e-01
7.800000000000000000e+01 9.006514400243759155e-02 1.111417710781097412e-01
7.900000000000000000e+01 8.993644267320632935e-02 1.109390780329704285e-01
8.000000000000000000e+01 8.980681002140045166e-02 1.108735352754592896e-01
8.100000000000000000e+01 8.966596424579620361e-02 1.107082441449165344e-01
8.200000000000000000e+01 8.956941962242126465e-02 1.106139197945594788e-01
8.300000000000000000e+01 8.945533633232116699e-02 1.104034632444381714e-01
8.400000000000000000e+01 8.929274976253509521e-02 1.104166060686111450e-01
8.500000000000000000e+01 8.918850868940353394e-02 1.102410182356834412e-01
8.600000000000000000e+01 8.906318992376327515e-02 1.101526170969009399e-01
8.700000000000000000e+01 8.893393725156784058e-02 1.100497692823410034e-01
8.800000000000000000e+01 8.881868422031402588e-02 1.098824292421340942e-01
8.900000000000000000e+01 8.868649601936340332e-02 1.098187044262886047e-01
9.000000000000000000e+01 8.854173123836517334e-02 1.096855774521827698e-01
9.100000000000000000e+01 8.839853107929229736e-02 1.095437034964561462e-01
9.200000000000000000e+01 8.828689157962799072e-02 1.095024794340133667e-01
9.300000000000000000e+01 8.815514296293258667e-02 1.093015670776367188e-01
9.400000000000000000e+01 8.802708983421325684e-02 1.092096641659736633e-01
9.500000000000000000e+01 8.789544552564620972e-02 1.090895310044288635e-01
9.600000000000000000e+01 8.775165677070617676e-02 1.090494915843009949e-01
9.700000000000000000e+01 8.761914819478988647e-02 1.088112145662307739e-01
9.800000000000000000e+01 8.748417347669601440e-02 1.087756976485252380e-01
9.900000000000000000e+01 8.734107017517089844e-02 1.086285337805747986e-01
1.000000000000000000e+02 8.722598850727081299e-02 1.085499674081802368e-01
1.010000000000000000e+02 8.707653731107711792e-02 1.083835959434509277e-01
1.020000000000000000e+02 8.693405985832214355e-02 1.082439422607421875e-01
1.030000000000000000e+02 8.679868280887603760e-02 1.081836968660354614e-01
1.040000000000000000e+02 8.668291568756103516e-02 1.080000773072242737e-01
1.050000000000000000e+02 8.651413768529891968e-02 1.078948155045509338e-01
1.060000000000000000e+02 8.635771274566650391e-02 1.077608764171600342e-01
1.070000000000000000e+02 8.625283092260360718e-02 1.076053082942962646e-01
1.080000000000000000e+02 8.610554784536361694e-02 1.074878573417663574e-01
1.090000000000000000e+02 8.597102761268615723e-02 1.073759794235229492e-01
1.100000000000000000e+02 8.583148568868637085e-02 1.072376817464828491e-01
1.110000000000000000e+02 8.570245653390884399e-02 1.070999428629875183e-01
1.120000000000000000e+02 8.555005490779876709e-02 1.069757789373397827e-01
1.130000000000000000e+02 8.540177345275878906e-02 1.068669632077217102e-01
1.140000000000000000e+02 8.527462184429168701e-02 1.067831069231033325e-01
1.150000000000000000e+02 8.512127399444580078e-02 1.065802052617073059e-01
1.160000000000000000e+02 8.496278524398803711e-02 1.064493507146835327e-01
1.170000000000000000e+02 8.483429253101348877e-02 1.064249426126480103e-01
1.180000000000000000e+02 8.466961234807968140e-02 1.061441525816917419e-01
1.190000000000000000e+02 8.451632410287857056e-02 1.060731261968612671e-01
1.200000000000000000e+02 8.437292277812957764e-02 1.060108095407485962e-01
1.210000000000000000e+02 8.425745368003845215e-02 1.058069840073585510e-01
1.220000000000000000e+02 8.408924192190170288e-02 1.056595817208290100e-01
1.230000000000000000e+02 8.395101130008697510e-02 1.054678484797477722e-01
1.240000000000000000e+02 8.381766825914382935e-02 1.054112166166305542e-01
1.250000000000000000e+02 8.364028483629226685e-02 1.053037643432617188e-01
1.260000000000000000e+02 8.349414914846420288e-02 1.051062196493148804e-01
1.270000000000000000e+02 8.335446566343307495e-02 1.049635186791419983e-01
1.280000000000000000e+02 8.321467041969299316e-02 1.047536879777908325e-01
1.290000000000000000e+02 8.304497599601745605e-02 1.046993136405944824e-01
1.300000000000000000e+02 8.290493488311767578e-02 1.044715568423271179e-01
1.310000000000000000e+02 8.274067193269729614e-02 1.044164001941680908e-01
1.320000000000000000e+02 8.259052038192749023e-02 1.043138653039932251e-01
1.330000000000000000e+02 8.246438205242156982e-02 1.041664332151412964e-01
1.340000000000000000e+02 8.229073882102966309e-02 1.041141897439956665e-01
1.350000000000000000e+02 8.215168118476867676e-02 1.039136275649070740e-01
1.360000000000000000e+02 8.200527727603912354e-02 1.036516055464744568e-01
1.370000000000000000e+02 8.182995021343231201e-02 1.035049334168434143e-01
1.380000000000000000e+02 8.170428872108459473e-02 1.034966781735420227e-01
1.390000000000000000e+02 8.153981715440750122e-02 1.034057661890983582e-01
1.400000000000000000e+02 8.144403994083404541e-02 1.031980812549591064e-01
1.410000000000000000e+02 8.128737658262252808e-02 1.029958650469779968e-01
1.420000000000000000e+02 8.112289011478424072e-02 1.028747260570526123e-01
1.430000000000000000e+02 8.098550885915756226e-02 1.027979701757431030e-01
1.440000000000000000e+02 8.081214874982833862e-02 1.026559546589851379e-01
1.450000000000000000e+02 8.068504184484481812e-02 1.024999320507049561e-01
1.460000000000000000e+02 8.055596053600311279e-02 1.023283302783966064e-01
1.470000000000000000e+02 8.040051162242889404e-02 1.021607443690299988e-01
1.480000000000000000e+02 8.023960143327713013e-02 1.021158471703529358e-01
1.490000000000000000e+02 8.011680841445922852e-02 1.019482985138893127e-01
1.500000000000000000e+02 7.996203750371932983e-02 1.018196642398834229e-01
1.510000000000000000e+02 7.982140034437179565e-02 1.016783714294433594e-01
1.520000000000000000e+02 7.966007292270660400e-02 1.015575677156448364e-01
1.530000000000000000e+02 7.952848821878433228e-02 1.014387607574462891e-01
1.540000000000000000e+02 7.938589900732040405e-02 1.014095470309257507e-01
1.550000000000000000e+02 7.923007011413574219e-02 1.010915711522102356e-01
1.560000000000000000e+02 7.912136614322662354e-02 1.010156050324440002e-01
1.570000000000000000e+02 7.899481803178787231e-02 1.009819582104682922e-01
1.580000000000000000e+02 7.884997129440307617e-02 1.006347760558128357e-01
1.590000000000000000e+02 7.869999110698699951e-02 1.005516722798347473e-01
1.600000000000000000e+02 7.859965413808822632e-02 1.004943773150444031e-01
1.610000000000000000e+02 7.843292504549026489e-02 1.004788205027580261e-01
1.620000000000000000e+02 7.829433679580688477e-02 1.002446562051773071e-01
1.630000000000000000e+02 7.816367596387863159e-02 1.001742631196975708e-01
1.640000000000000000e+02 7.802147418260574341e-02 9.998817741870880127e-02
1.650000000000000000e+02 7.793883234262466431e-02 9.991598129272460938e-02
1.660000000000000000e+02 7.777643203735351562e-02 9.964289516210556030e-02
1.670000000000000000e+02 7.766585797071456909e-02 9.961435198783874512e-02
1.680000000000000000e+02 7.751766592264175415e-02 9.950532019138336182e-02
1.690000000000000000e+02 7.742693275213241577e-02 9.927763044834136963e-02
1.700000000000000000e+02 7.727316021919250488e-02 9.923502802848815918e-02
1.710000000000000000e+02 7.720329612493515015e-02 9.900123625993728638e-02
1.720000000000000000e+02 7.704301923513412476e-02 9.901928156614303589e-02
1.730000000000000000e+02 7.689931243658065796e-02 9.887981414794921875e-02
1.740000000000000000e+02 7.676201313734054565e-02 9.878905117511749268e-02
1.750000000000000000e+02 7.667892426252365112e-02 9.867150336503982544e-02
1.760000000000000000e+02 7.657330483198165894e-02 9.845700860023498535e-02
1.770000000000000000e+02 7.645621895790100098e-02 9.844765812158584595e-02
1.780000000000000000e+02 7.634541392326354980e-02 9.819980710744857788e-02
1.790000000000000000e+02 7.621236890554428101e-02 9.820218384265899658e-02
1.800000000000000000e+02 7.612325996160507202e-02 9.794142097234725952e-02
1.810000000000000000e+02 7.601477205753326416e-02 9.788449853658676147e-02
1.820000000000000000e+02 7.590351998805999756e-02 9.776445478200912476e-02
1.830000000000000000e+02 7.582177966833114624e-02 9.764787554740905762e-02
1.840000000000000000e+02 7.570251822471618652e-02 9.765078872442245483e-02
1.850000000000000000e+02 7.561182230710983276e-02 9.738964587450027466e-02
1.860000000000000000e+02 7.551154494285583496e-02 9.735058993101119995e-02
1.870000000000000000e+02 7.544830441474914551e-02 9.733300656080245972e-02
1.880000000000000000e+02 7.532232999801635742e-02 9.703237563371658325e-02
1.890000000000000000e+02 7.520619779825210571e-02 9.707331657409667969e-02
1.900000000000000000e+02 7.513650506734848022e-02 9.703100472688674927e-02
1.910000000000000000e+02 7.503858208656311035e-02 9.681031107902526855e-02
1.920000000000000000e+02 7.491581141948699951e-02 9.679295122623443604e-02
1.930000000000000000e+02 7.479744404554367065e-02 9.678776562213897705e-02
1.940000000000000000e+02 7.477162778377532959e-02 9.650284051895141602e-02
1.950000000000000000e+02 7.464119046926498413e-02 9.633567184209823608e-02
1.960000000000000000e+02 7.462577521800994873e-02 9.615353494882583618e-02
1.970000000000000000e+02 7.447653263807296753e-02 9.630014002323150635e-02
1.980000000000000000e+02 7.439593970775604248e-02 9.609860926866531372e-02
1.990000000000000000e+02 7.431400567293167114e-02 9.615543484687805176e-02
2.000000000000000000e+02 7.424651831388473511e-02 9.578863531351089478e-02
2.010000000000000000e+02 7.413694262504577637e-02 9.595900774002075195e-02
2.020000000000000000e+02 7.408720999956130981e-02 9.580615162849426270e-02
2.030000000000000000e+02 7.403014600276947021e-02 9.569337218999862671e-02
2.040000000000000000e+02 7.390234619379043579e-02 9.557510912418365479e-02
2.050000000000000000e+02 7.382693141698837280e-02 9.548667073249816895e-02
2.060000000000000000e+02 7.375601679086685181e-02 9.547855705022811890e-02
2.070000000000000000e+02 7.369221001863479614e-02 9.529767930507659912e-02
2.080000000000000000e+02 7.359791547060012817e-02 9.519540518522262573e-02
2.090000000000000000e+02 7.348478585481643677e-02 9.523850679397583008e-02
2.100000000000000000e+02 7.344201952219009399e-02 9.503412246704101562e-02
2.110000000000000000e+02 7.335005700588226318e-02 9.488358348608016968e-02
2.120000000000000000e+02 7.331992685794830322e-02 9.493265300989151001e-02
2.130000000000000000e+02 7.322318106889724731e-02 9.498336166143417358e-02
2.140000000000000000e+02 7.316529005765914917e-02 9.483420103788375854e-02
2.150000000000000000e+02 7.308275997638702393e-02 9.486114233732223511e-02
2.160000000000000000e+02 7.302588969469070435e-02 9.454997628927230835e-02
2.170000000000000000e+02 7.296664267778396606e-02 9.440285712480545044e-02
2.180000000000000000e+02 7.291965931653976440e-02 9.446148574352264404e-02
2.190000000000000000e+02 7.281994819641113281e-02 9.438163042068481445e-02
2.200000000000000000e+02 7.276814430952072144e-02 9.435290098190307617e-02
2.210000000000000000e+02 7.270797342061996460e-02 9.419922530651092529e-02
2.220000000000000000e+02 7.264102250337600708e-02 9.434049576520919800e-02
2.230000000000000000e+02 7.255849242210388184e-02 9.405551850795745850e-02
2.240000000000000000e+02 7.252832502126693726e-02 9.395211189985275269e-02
2.250000000000000000e+02 7.247060537338256836e-02 9.390360116958618164e-02
2.260000000000000000e+02 7.238795608282089233e-02 9.392788261175155640e-02
2.270000000000000000e+02 7.232070714235305786e-02 9.382256120443344116e-02
2.280000000000000000e+02 7.227656990289688110e-02 9.372554719448089600e-02
2.290000000000000000e+02 7.216184586286544800e-02 9.382122009992599487e-02
2.300000000000000000e+02 7.215600460767745972e-02 9.361707419157028198e-02
2.310000000000000000e+02 7.204989343881607056e-02 9.360971301794052124e-02
2.320000000000000000e+02 7.198883593082427979e-02 9.359383583068847656e-02
2.330000000000000000e+02 7.199964672327041626e-02 9.355375170707702637e-02
2.340000000000000000e+02 7.191150635480880737e-02 9.336394071578979492e-02
2.350000000000000000e+02 7.188116759061813354e-02 9.348089247941970825e-02
2.360000000000000000e+02 7.179481536149978638e-02 9.323187172412872314e-02
2.370000000000000000e+02 7.176610827445983887e-02 9.323763102293014526e-02
2.380000000000000000e+02 7.168605923652648926e-02 9.314864873886108398e-02
2.390000000000000000e+02 7.161707431077957153e-02 9.297296404838562012e-02
2.400000000000000000e+02 7.157184928655624390e-02 9.297087043523788452e-02
2.410000000000000000e+02 7.153006643056869507e-02 9.296707808971405029e-02
2.420000000000000000e+02 7.147084921598434448e-02 9.301057457923889160e-02
2.430000000000000000e+02 7.143217325210571289e-02 9.277697652578353882e-02
2.440000000000000000e+02 7.138103991746902466e-02 9.268458932638168335e-02
2.450000000000000000e+02 7.133014500141143799e-02 9.269884228706359863e-02
2.460000000000000000e+02 7.124485075473785400e-02 9.252086281776428223e-02
2.470000000000000000e+02 7.124497741460800171e-02 9.273288398981094360e-02
2.480000000000000000e+02 7.120539993047714233e-02 9.256561100482940674e-02
2.490000000000000000e+02 7.110844552516937256e-02 9.243991225957870483e-02
2.500000000000000000e+02 7.106518745422363281e-02 9.239649772644042969e-02
2.510000000000000000e+02 7.107356935739517212e-02 9.229183197021484375e-02
2.520000000000000000e+02 7.093244791030883789e-02 9.220518171787261963e-02
2.530000000000000000e+02 7.092273235321044922e-02 9.241875261068344116e-02
2.540000000000000000e+02 7.087825238704681396e-02 9.225057065486907959e-02
2.550000000000000000e+02 7.082124054431915283e-02 9.220601618289947510e-02
2.560000000000000000e+02 7.076052576303482056e-02 9.215443581342697144e-02
2.570000000000000000e+02 7.070268690586090088e-02 9.201247990131378174e-02
2.580000000000000000e+02 7.071516662836074829e-02 9.208378195762634277e-02
2.590000000000000000e+02 7.064914703369140625e-02 9.192779660224914551e-02
2.600000000000000000e+02 7.063136249780654907e-02 9.200517833232879639e-02
2.610000000000000000e+02 7.051962614059448242e-02 9.196366369724273682e-02
2.620000000000000000e+02 7.045651972293853760e-02 9.204243123531341553e-02
2.630000000000000000e+02 7.049893587827682495e-02 9.171234816312789917e-02
2.640000000000000000e+02 7.039151340723037720e-02 9.185796976089477539e-02
2.650000000000000000e+02 7.034137099981307983e-02 9.159178286790847778e-02
2.660000000000000000e+02 7.030808925628662109e-02 9.177592396736145020e-02
2.670000000000000000e+02 7.028612494468688965e-02 9.163810312747955322e-02
2.680000000000000000e+02 7.027575373649597168e-02 9.143272042274475098e-02
2.690000000000000000e+02 7.024219632148742676e-02 9.136854112148284912e-02
2.700000000000000000e+02 7.014858722686767578e-02 9.130559116601943970e-02
2.710000000000000000e+02 7.011508196592330933e-02 9.143485873937606812e-02
2.720000000000000000e+02 7.006945461034774780e-02 9.137558192014694214e-02
2.730000000000000000e+02 7.004336267709732056e-02 9.118246287107467651e-02
2.740000000000000000e+02 7.003493607044219971e-02 9.124805033206939697e-02
2.750000000000000000e+02 6.991698592901229858e-02 9.111260622739791870e-02
2.760000000000000000e+02 6.992729753255844116e-02 9.122836589813232422e-02
2.770000000000000000e+02 6.991366297006607056e-02 9.123935550451278687e-02
2.780000000000000000e+02 6.983914226293563843e-02 9.100363403558731079e-02
2.790000000000000000e+02 6.979610025882720947e-02 9.122322499752044678e-02
2.800000000000000000e+02 6.975534558296203613e-02 9.093175828456878662e-02
2.810000000000000000e+02 6.966385245323181152e-02 9.086188673973083496e-02
2.820000000000000000e+02 6.974183768033981323e-02 9.091059118509292603e-02
2.830000000000000000e+02 6.963136792182922363e-02 9.084970504045486450e-02
2.840000000000000000e+02 6.960994750261306763e-02 9.084043651819229126e-02
2.850000000000000000e+02 6.952010095119476318e-02 9.083743393421173096e-02
2.860000000000000000e+02 6.946523487567901611e-02 9.074098616838455200e-02
2.870000000000000000e+02 6.954404711723327637e-02 9.079057723283767700e-02
2.880000000000000000e+02 6.945735961198806763e-02 9.077512472867965698e-02
2.890000000000000000e+02 6.942799687385559082e-02 9.069415181875228882e-02
2.900000000000000000e+02 6.941090524196624756e-02 9.053109586238861084e-02
2.910000000000000000e+02 6.934263557195663452e-02 9.040002524852752686e-02
2.920000000000000000e+02 6.931519508361816406e-02 9.041380882263183594e-02
2.930000000000000000e+02 6.925185024738311768e-02 9.038901329040527344e-02
2.940000000000000000e+02 6.918980926275253296e-02 9.038200229406356812e-02
2.950000000000000000e+02 6.921363621950149536e-02 9.035390615463256836e-02
2.960000000000000000e+02 6.920062005519866943e-02 9.034757316112518311e-02
2.970000000000000000e+02 6.911370903253555298e-02 9.028902649879455566e-02
2.980000000000000000e+02 6.906718015670776367e-02 9.027686715126037598e-02
2.990000000000000000e+02 6.906573474407196045e-02 9.019201248884201050e-02
3.000000000000000000e+02 6.909169256687164307e-02 9.027925133705139160e-02
3.010000000000000000e+02 6.903184205293655396e-02 8.997298777103424072e-02
3.020000000000000000e+02 6.902965903282165527e-02 9.004417806863784790e-02
3.030000000000000000e+02 6.890668720006942749e-02 8.986236155033111572e-02
3.040000000000000000e+02 6.888039410114288330e-02 9.005193412303924561e-02
3.050000000000000000e+02 6.891739368438720703e-02 8.998362720012664795e-02
3.060000000000000000e+02 6.885398924350738525e-02 9.006426483392715454e-02
3.070000000000000000e+02 6.875946372747421265e-02 8.988144248723983765e-02
3.080000000000000000e+02 6.880724430084228516e-02 8.967164158821105957e-02
3.090000000000000000e+02 6.885242462158203125e-02 8.979648351669311523e-02
3.100000000000000000e+02 6.868027150630950928e-02 8.983674645423889160e-02
3.110000000000000000e+02 6.867416948080062866e-02 8.985186368227005005e-02
3.120000000000000000e+02 6.860851496458053589e-02 8.998541533946990967e-02
3.130000000000000000e+02 6.859646737575531006e-02 8.966395258903503418e-02
3.140000000000000000e+02 6.855677068233489990e-02 8.962340652942657471e-02
3.150000000000000000e+02 6.850787997245788574e-02 8.966330438852310181e-02
3.160000000000000000e+02 6.855199486017227173e-02 8.943888545036315918e-02
3.170000000000000000e+02 6.848587095737457275e-02 8.946993201971054077e-02
3.180000000000000000e+02 6.851298362016677856e-02 8.964798599481582642e-02
3.190000000000000000e+02 6.846719980239868164e-02 8.954624086618423462e-02
3.200000000000000000e+02 6.839210540056228638e-02 8.929389715194702148e-02
3.210000000000000000e+02 6.839464604854583740e-02 8.933801949024200439e-02
3.220000000000000000e+02 6.832239031791687012e-02 8.926806598901748657e-02
3.230000000000000000e+02 6.835866719484329224e-02 8.922871947288513184e-02
3.240000000000000000e+02 6.832385063171386719e-02 8.918352425098419189e-02
3.250000000000000000e+02 6.824497878551483154e-02 8.935505151748657227e-02
3.260000000000000000e+02 6.822933256626129150e-02 8.904135972261428833e-02
3.270000000000000000e+02 6.817848235368728638e-02 8.910060673952102661e-02
3.280000000000000000e+02 6.816113740205764771e-02 8.920436352491378784e-02
3.290000000000000000e+02 6.807060539722442627e-02 8.911821991205215454e-02
3.300000000000000000e+02 6.816019862890243530e-02 8.910764753818511963e-02
3.310000000000000000e+02 6.803441792726516724e-02 8.917529881000518799e-02
3.320000000000000000e+02 6.796976923942565918e-02 8.894389122724533081e-02
3.330000000000000000e+02 6.801483035087585449e-02 8.900303393602371216e-02
3.340000000000000000e+02 6.793678551912307739e-02 8.887401223182678223e-02
3.350000000000000000e+02 6.793263554573059082e-02 8.882280439138412476e-02
3.360000000000000000e+02 6.791283935308456421e-02 8.889107406139373779e-02
3.370000000000000000e+02 6.786601990461349487e-02 8.887469768524169922e-02
3.380000000000000000e+02 6.791400909423828125e-02 8.890173584222793579e-02
3.390000000000000000e+02 6.782608479261398315e-02 8.887370675802230835e-02
3.400000000000000000e+02 6.780414283275604248e-02 8.868186920881271362e-02
3.410000000000000000e+02 6.774242222309112549e-02 8.860758692026138306e-02
3.420000000000000000e+02 6.781079620122909546e-02 8.870699256658554077e-02
3.430000000000000000e+02 6.772933900356292725e-02 8.870863169431686401e-02
3.440000000000000000e+02 6.777004897594451904e-02 8.882550150156021118e-02
3.450000000000000000e+02 6.766957044601440430e-02 8.880264312028884888e-02
3.460000000000000000e+02 6.771782040596008301e-02 8.869630843400955200e-02
3.470000000000000000e+02 6.755427271127700806e-02 8.870268613100051880e-02
3.480000000000000000e+02 6.757407635450363159e-02 8.866020292043685913e-02
3.490000000000000000e+02 6.750416010618209839e-02 8.849319815635681152e-02
3.500000000000000000e+02 6.752042472362518311e-02 8.856131881475448608e-02
3.510000000000000000e+02 6.745124608278274536e-02 8.834773302078247070e-02
3.520000000000000000e+02 6.745556741952896118e-02 8.857851475477218628e-02
3.530000000000000000e+02 6.746548414230346680e-02 8.832915872335433960e-02
3.540000000000000000e+02 6.739901751279830933e-02 8.830346167087554932e-02
3.550000000000000000e+02 6.744573265314102173e-02 8.848720788955688477e-02
3.560000000000000000e+02 6.738182902336120605e-02 8.849710971117019653e-02
3.570000000000000000e+02 6.735659390687942505e-02 8.837664872407913208e-02
3.580000000000000000e+02 6.727100908756256104e-02 8.841159939765930176e-02
3.590000000000000000e+02 6.729783117771148682e-02 8.815001696348190308e-02
3.600000000000000000e+02 6.728941947221755981e-02 8.827315270900726318e-02
3.610000000000000000e+02 6.729267537593841553e-02 8.820576965808868408e-02
3.620000000000000000e+02 6.721256673336029053e-02 8.823636174201965332e-02
3.630000000000000000e+02 6.712599843740463257e-02 8.816061168909072876e-02
3.640000000000000000e+02 6.711185723543167114e-02 8.827311545610427856e-02
3.650000000000000000e+02 6.722030043601989746e-02 8.798392862081527710e-02
3.660000000000000000e+02 6.699477136135101318e-02 8.790501952171325684e-02
3.670000000000000000e+02 6.706964224576950073e-02 8.829362690448760986e-02
3.680000000000000000e+02 6.704679876565933228e-02 8.805783838033676147e-02
3.690000000000000000e+02 6.701335310935974121e-02 8.821300417184829712e-02
3.700000000000000000e+02 6.694662570953369141e-02 8.800288289785385132e-02
3.710000000000000000e+02 6.692270189523696899e-02 8.823936432600021362e-02
3.720000000000000000e+02 6.691607087850570679e-02 8.787743747234344482e-02
3.730000000000000000e+02 6.693506985902786255e-02 8.799306303262710571e-02
3.740000000000000000e+02 6.687457114458084106e-02 8.806174993515014648e-02
3.750000000000000000e+02 6.689620763063430786e-02 8.798860758543014526e-02
3.760000000000000000e+02 6.672908365726470947e-02 8.792559057474136353e-02
3.770000000000000000e+02 6.682753562927246094e-02 8.776436746120452881e-02
3.780000000000000000e+02 6.678342819213867188e-02 8.804799616336822510e-02
3.790000000000000000e+02 6.678157299757003784e-02 8.799511939287185669e-02
3.800000000000000000e+02 6.670264899730682373e-02 8.795445412397384644e-02
3.810000000000000000e+02 6.669771671295166016e-02 8.787902444601058960e-02
3.820000000000000000e+02 6.667679548263549805e-02 8.764583617448806763e-02
3.830000000000000000e+02 6.668025255203247070e-02 8.771864324808120728e-02
3.840000000000000000e+02 6.662269681692123413e-02 8.771995455026626587e-02
3.850000000000000000e+02 6.659221649169921875e-02 8.786650747060775757e-02
3.860000000000000000e+02 6.657802313566207886e-02 8.776044845581054688e-02
3.870000000000000000e+02 6.653822213411331177e-02 8.762656152248382568e-02
3.880000000000000000e+02 6.652992963790893555e-02 8.799135684967041016e-02
3.890000000000000000e+02 6.654422730207443237e-02 8.781573176383972168e-02
3.900000000000000000e+02 6.634568423032760620e-02 8.767449110746383667e-02
3.910000000000000000e+02 6.640589982271194458e-02 8.766188472509384155e-02
3.920000000000000000e+02 6.644202768802642822e-02 8.747391402721405029e-02
3.930000000000000000e+02 6.638275831937789917e-02 8.772175759077072144e-02
3.940000000000000000e+02 6.625390052795410156e-02 8.758398145437240601e-02
3.950000000000000000e+02 6.634807586669921875e-02 8.768065273761749268e-02
3.960000000000000000e+02 6.627007573843002319e-02 8.755272626876831055e-02
3.970000000000000000e+02 6.627757847309112549e-02 8.742850273847579956e-02
3.980000000000000000e+02 6.626537442207336426e-02 8.760835230350494385e-02
3.990000000000000000e+02 6.625536084175109863e-02 8.746241778135299683e-02
4.000000000000000000e+02 6.623575836420059204e-02 8.740860223770141602e-02
4.010000000000000000e+02 6.613670289516448975e-02 8.743593841791152954e-02
4.020000000000000000e+02 6.612065434455871582e-02 8.740259706974029541e-02
4.030000000000000000e+02 6.613995879888534546e-02 8.737004548311233521e-02
4.040000000000000000e+02 6.615040451288223267e-02 8.753806352615356445e-02
4.050000000000000000e+02 6.606272608041763306e-02 8.733943849802017212e-02
4.060000000000000000e+02 6.603490561246871948e-02 8.717187494039535522e-02
4.070000000000000000e+02 6.602233648300170898e-02 8.717890083789825439e-02
4.080000000000000000e+02 6.603090465068817139e-02 8.743346482515335083e-02
4.090000000000000000e+02 6.601167470216751099e-02 8.720725029706954956e-02
4.100000000000000000e+02 6.593011319637298584e-02 8.730938285589218140e-02
4.110000000000000000e+02 6.592153012752532959e-02 8.722332864999771118e-02
4.120000000000000000e+02 6.594290584325790405e-02 8.704194426536560059e-02
4.130000000000000000e+02 6.591469794511795044e-02 8.703631162643432617e-02
4.140000000000000000e+02 6.586011499166488647e-02 8.709729462862014771e-02
4.150000000000000000e+02 6.586500257253646851e-02 8.704550564289093018e-02
4.160000000000000000e+02 6.572148948907852173e-02 8.671778440475463867e-02
4.170000000000000000e+02 6.581974774599075317e-02 8.676768839359283447e-02
4.180000000000000000e+02 6.580625474452972412e-02 8.669476211071014404e-02
4.190000000000000000e+02 6.570630520582199097e-02 8.702298253774642944e-02
4.200000000000000000e+02 6.575092673301696777e-02 8.693108707666397095e-02
4.210000000000000000e+02 6.571426987648010254e-02 8.673791587352752686e-02
4.220000000000000000e+02 6.554476171731948853e-02 8.686234056949615479e-02
4.230000000000000000e+02 6.559117138385772705e-02 8.694189041852951050e-02
4.240000000000000000e+02 6.568723917007446289e-02 8.685334026813507080e-02
4.250000000000000000e+02 6.565463542938232422e-02 8.674950897693634033e-02
4.260000000000000000e+02 6.563959270715713501e-02 8.663339912891387939e-02
4.270000000000000000e+02 6.561501324176788330e-02 8.670818805694580078e-02
4.280000000000000000e+02 6.563134491443634033e-02 8.682692050933837891e-02
4.290000000000000000e+02 6.547047197818756104e-02 8.672293275594711304e-02
4.300000000000000000e+02 6.546746194362640381e-02 8.679067343473434448e-02
4.310000000000000000e+02 6.544286757707595825e-02 8.659644424915313721e-02
4.320000000000000000e+02 6.541722267866134644e-02 8.660572767257690430e-02
4.330000000000000000e+02 6.538967043161392212e-02 8.660414814949035645e-02
4.340000000000000000e+02 6.533297151327133179e-02 8.652171492576599121e-02
4.350000000000000000e+02 6.540548056364059448e-02 8.654469251632690430e-02
4.360000000000000000e+02 6.534845381975173950e-02 8.652802556753158569e-02
4.370000000000000000e+02 6.539843976497650146e-02 8.632139116525650024e-02
4.380000000000000000e+02 6.529067456722259521e-02 8.642791211605072021e-02
4.390000000000000000e+02 6.529329717159271240e-02 8.642729371786117554e-02
4.400000000000000000e+02 6.525591015815734863e-02 8.620063960552215576e-02
4.410000000000000000e+02 6.523977220058441162e-02 8.620853722095489502e-02
4.420000000000000000e+02 6.521658599376678467e-02 8.638098090887069702e-02
4.430000000000000000e+02 6.517700105905532837e-02 8.614537864923477173e-02
4.440000000000000000e+02 6.518732756376266479e-02 8.623692393302917480e-02
4.450000000000000000e+02 6.511025130748748779e-02 8.623357117176055908e-02
4.460000000000000000e+02 6.517246365547180176e-02 8.612935245037078857e-02
4.470000000000000000e+02 6.509819626808166504e-02 8.618061989545822144e-02
4.480000000000000000e+02 6.510490924119949341e-02 8.611673861742019653e-02
4.490000000000000000e+02 6.506326049566268921e-02 8.619640022516250610e-02
4.500000000000000000e+02 6.507471203804016113e-02 8.600383996963500977e-02
4.510000000000000000e+02 6.509985774755477905e-02 8.608771860599517822e-02
4.520000000000000000e+02 6.501794606447219849e-02 8.607375621795654297e-02
4.530000000000000000e+02 6.498959660530090332e-02 8.626842498779296875e-02
4.540000000000000000e+02 6.497491151094436646e-02 8.611013740301132202e-02
4.550000000000000000e+02 6.490729749202728271e-02 8.584443479776382446e-02
4.560000000000000000e+02 6.489598751068115234e-02 8.584040403366088867e-02
4.570000000000000000e+02 6.494981050491333008e-02 8.592388778924942017e-02
4.580000000000000000e+02 6.491640955209732056e-02 8.568333834409713745e-02
4.590000000000000000e+02 6.482142210006713867e-02 8.600870519876480103e-02
4.600000000000000000e+02 6.481464207172393799e-02 8.581137657165527344e-02
4.610000000000000000e+02 6.481542438268661499e-02 8.589195460081100464e-02
4.620000000000000000e+02 6.482127308845520020e-02 8.582869172096252441e-02
4.630000000000000000e+02 6.485284119844436646e-02 8.585645258426666260e-02
4.640000000000000000e+02 6.473354250192642212e-02 8.588519692420959473e-02
4.650000000000000000e+02 6.483379751443862915e-02 8.565828204154968262e-02
4.660000000000000000e+02 6.471335142850875854e-02 8.593869954347610474e-02
4.670000000000000000e+02 6.470882147550582886e-02 8.562050014734268188e-02
4.680000000000000000e+02 6.475438922643661499e-02 8.562433719635009766e-02
4.690000000000000000e+02 6.461300700902938843e-02 8.575376868247985840e-02
4.700000000000000000e+02 6.468955427408218384e-02 8.550935238599777222e-02
4.710000000000000000e+02 6.464723497629165649e-02 8.568133413791656494e-02
4.720000000000000000e+02 6.459878385066986084e-02 8.564437925815582275e-02
4.730000000000000000e+02 6.460355967283248901e-02 8.561778068542480469e-02
4.740000000000000000e+02 6.459993124008178711e-02 8.559489250183105469e-02
4.750000000000000000e+02 6.464746594429016113e-02 8.547427505254745483e-02
4.760000000000000000e+02 6.455754488706588745e-02 8.561403304338455200e-02
4.770000000000000000e+02 6.451424211263656616e-02 8.538760244846343994e-02
4.780000000000000000e+02 6.457429379224777222e-02 8.544760197401046753e-02
4.790000000000000000e+02 6.447238475084304810e-02 8.546045422554016113e-02
4.800000000000000000e+02 6.451502442359924316e-02 8.537388592958450317e-02
4.810000000000000000e+02 6.446851789951324463e-02 8.544915169477462769e-02
4.820000000000000000e+02 6.450664252042770386e-02 8.537968248128890991e-02
4.830000000000000000e+02 6.444734334945678711e-02 8.539324998855590820e-02
4.840000000000000000e+02 6.446691602468490601e-02 8.519653975963592529e-02
4.850000000000000000e+02 6.436587870121002197e-02 8.542495965957641602e-02
4.860000000000000000e+02 6.443596631288528442e-02 8.516531437635421753e-02
4.870000000000000000e+02 6.440433859825134277e-02 8.542758971452713013e-02
4.880000000000000000e+02 6.431706249713897705e-02 8.531560748815536499e-02
4.890000000000000000e+02 6.440567970275878906e-02 8.515112847089767456e-02
4.900000000000000000e+02 6.437074393033981323e-02 8.522245287895202637e-02
4.910000000000000000e+02 6.422996520996093750e-02 8.521321415901184082e-02
4.920000000000000000e+02 6.429285556077957153e-02 8.517898619174957275e-02
4.930000000000000000e+02 6.435989588499069214e-02 8.513534069061279297e-02
4.940000000000000000e+02 6.431967020034790039e-02 8.509854972362518311e-02
4.950000000000000000e+02 6.423871964216232300e-02 8.507350832223892212e-02
4.960000000000000000e+02 6.423971801996231079e-02 8.508685976266860962e-02
4.970000000000000000e+02 6.418920308351516724e-02 8.511257171630859375e-02
4.980000000000000000e+02 6.416876614093780518e-02 8.511094748973846436e-02
4.990000000000000000e+02 6.413465738296508789e-02 8.496168255805969238e-02
5.000000000000000000e+02 6.423392146825790405e-02 8.514053374528884888e-02
5.010000000000000000e+02 6.422393023967742920e-02 8.507601171731948853e-02
5.020000000000000000e+02 6.416793167591094971e-02 8.507045358419418335e-02
5.030000000000000000e+02 6.415165960788726807e-02 8.486450463533401489e-02
5.040000000000000000e+02 6.409163028001785278e-02 8.499036729335784912e-02
5.050000000000000000e+02 6.404709815979003906e-02 8.493449538946151733e-02
5.060000000000000000e+02 6.407199054956436157e-02 8.479217439889907837e-02
5.070000000000000000e+02 6.410564482212066650e-02 8.488376438617706299e-02
5.080000000000000000e+02 6.406227499246597290e-02 8.506222069263458252e-02
5.090000000000000000e+02 6.401497125625610352e-02 8.481454849243164062e-02
5.100000000000000000e+02 6.402861326932907104e-02 8.515401929616928101e-02
5.110000000000000000e+02 6.401639431715011597e-02 8.494395017623901367e-02
5.120000000000000000e+02 6.397768110036849976e-02 8.507049083709716797e-02
5.130000000000000000e+02 6.392941623926162720e-02 8.471544831991195679e-02
5.140000000000000000e+02 6.402561068534851074e-02 8.504456281661987305e-02
5.150000000000000000e+02 6.401244550943374634e-02 8.471582829952239990e-02
5.160000000000000000e+02 6.392274051904678345e-02 8.493953943252563477e-02
5.170000000000000000e+02 6.387609243392944336e-02 8.471489697694778442e-02
5.180000000000000000e+02 6.385497748851776123e-02 8.458060771226882935e-02
5.190000000000000000e+02 6.389200687408447266e-02 8.456333726644515991e-02
5.200000000000000000e+02 6.374810636043548584e-02 8.466453105211257935e-02
5.210000000000000000e+02 6.385774910449981689e-02 8.487581461668014526e-02
5.220000000000000000e+02 6.376565247774124146e-02 8.466734737157821655e-02
5.230000000000000000e+02 6.385488808155059814e-02 8.466994017362594604e-02
5.240000000000000000e+02 6.387193500995635986e-02 8.471304178237915039e-02
5.250000000000000000e+02 6.379421800374984741e-02 8.448990434408187866e-02
5.260000000000000000e+02 6.376817822456359863e-02 8.467433601617813110e-02
5.270000000000000000e+02 6.371013075113296509e-02 8.452289551496505737e-02
5.280000000000000000e+02 6.367111206054687500e-02 8.458708226680755615e-02
5.290000000000000000e+02 6.377273797988891602e-02 8.462018519639968872e-02
5.300000000000000000e+02 6.362815201282501221e-02 8.445338904857635498e-02
5.310000000000000000e+02 6.368792057037353516e-02 8.447564393281936646e-02
5.320000000000000000e+02 6.370705366134643555e-02 8.455389738082885742e-02
5.330000000000000000e+02 6.368248164653778076e-02 8.455470204353332520e-02
5.340000000000000000e+02 6.363408267498016357e-02 8.447973430156707764e-02
5.350000000000000000e+02 6.368105113506317139e-02 8.449038863182067871e-02
5.360000000000000000e+02 6.363444030284881592e-02 8.425696194171905518e-02
5.370000000000000000e+02 6.356506794691085815e-02 8.445927500724792480e-02
5.380000000000000000e+02 6.366109102964401245e-02 8.444284647703170776e-02
5.390000000000000000e+02 6.356550008058547974e-02 8.435326814651489258e-02
5.400000000000000000e+02 6.355683505535125732e-02 8.420176804065704346e-02
5.410000000000000000e+02 6.349401921033859253e-02 8.415934443473815918e-02
5.420000000000000000e+02 6.355555355548858643e-02 8.448270708322525024e-02
5.430000000000000000e+02 6.357586383819580078e-02 8.436013013124465942e-02
5.440000000000000000e+02 6.349428743124008179e-02 8.417940139770507812e-02
5.450000000000000000e+02 6.353997439146041870e-02 8.436901867389678955e-02
5.460000000000000000e+02 6.351862102746963501e-02 8.430352807044982910e-02
5.470000000000000000e+02 6.350278109312057495e-02 8.440091460943222046e-02
5.480000000000000000e+02 6.349602341651916504e-02 8.435354381799697876e-02
5.490000000000000000e+02 6.347113847732543945e-02 8.416981995105743408e-02
5.500000000000000000e+02 6.343325227499008179e-02 8.396609127521514893e-02
5.510000000000000000e+02 6.340347230434417725e-02 8.405222743749618530e-02
5.520000000000000000e+02 6.344138085842132568e-02 8.441902697086334229e-02
5.530000000000000000e+02 6.338016688823699951e-02 8.414603024721145630e-02
5.540000000000000000e+02 6.346149742603302002e-02 8.415760844945907593e-02
5.550000000000000000e+02 6.339126825332641602e-02 8.422395586967468262e-02
5.560000000000000000e+02 6.335626542568206787e-02 8.429532498121261597e-02
5.570000000000000000e+02 6.331872195005416870e-02 8.417390286922454834e-02
5.580000000000000000e+02 6.336954981088638306e-02 8.420344442129135132e-02
5.590000000000000000e+02 6.333265453577041626e-02 8.426386117935180664e-02
