0.000000000000000000e+00 1.044907197356224060e-01 1.242709457874298096e-01
1.000000000000000000e+00 1.042886972427368164e-01 1.241489797830581665e-01
2.000000000000000000e+00 1.040927618741989136e-01 1.240192651748657227e-01
3.000000000000000000e+00 1.038878336548805237e-01 1.238714531064033508e-01
4.000000000000000000e+00 1.037146896123886108e-01 1.237204596400260925e-01
5.000000000000000000e+00 1.035152152180671692e-01 1.236083954572677612e-01
6.000000000000000000e+00 1.033191978931427002e-01 1.234710663557052612e-01
7.000000000000000000e+00 1.031235307455062866e-01 1.233156621456146240e-01
8.000000000000000000e+00 1.029349341988563538e-01 1.231790557503700256e-01
9.000000000000000000e+00 1.027463674545288086e-01 1.230529770255088806e-01
1.000000000000000000e+01 1.025619208812713623e-01 1.229159533977508545e-01
1.100000000000000000e+01 1.023718044161796570e-01 1.227522268891334534e-01
1.200000000000000000e+01 1.021846830844879150e-01 1.226391643285751343e-01
1.300000000000000000e+01 1.019968464970588684e-01 1.225096806883811951e-01
1.400000000000000000e+01 1.018105968832969666e-01 1.223354861140251160e-01
1.500000000000000000e+01 1.016203761100769043e-01 1.221765130758285522e-01
1.600000000000000000e+01 1.014227718114852905e-01 1.220407858490943909e-01
1.700000000000000000e+01 1.012468561530113220e-01 1.219240278005599976e-01
1.800000000000000000e+01 1.010459437966346741e-01 1.217825338244438171e-01
1.900000000000000000e+01 1.008544117212295532e-01 1.216300800442695618e-01
2.000000000000000000e+01 1.006748080253601074e-01 1.214825958013534546e-01
2.100000000000000000e+01 1.004736721515655518e-01 1.213368996977806091e-01
2.200000000000000000e+01 1.002882495522499084e-01 1.211769431829452515e-01
2.300000000000000000e+01 1.000975295901298523e-01 1.210084557533264160e-01
2.400000000000000000e+01 9.989043325185775757e-02 1.208672970533370972e-01
2.500000000000000000e+01 9.969314187765121460e-02 1.207108944654464722e-01
2.600000000000000000e+01 9.949968010187149048e-02 1.205628812313079834e-01
2.700000000000000000e+01 9.930185228586196899e-02 1.203818023204803467e-01
2.800000000000000000e+01 9.910170733928680420e-02 1.202190443873405457e-01
2.900000000000000000e+01 9.890398383140563965e-02 1.200773715972900391e-01
3.000000000000000000e+01 9.869819134473800659e-02 1.198787912726402283e-01
3.100000000000000000e+01 9.848592430353164673e-02 1.197270750999450684e-01
3.200000000000000000e+01 9.827614575624465942e-02 1.195562779903411865e-01
3.300000000000000000e+01 9.806196391582489014e-02 1.193995177745819092e-01
3.400000000000000000e+01 9.784674644470214844e-02 1.192169860005378723e-01
3.500000000000000000e+01 9.762641787528991699e-02 1.190107166767120361e-01
3.600000000000000000e+01 9.740547090768814087e-02 1.188639849424362183e-01
3.700000000000000000e+01 9.717015177011489868e-02 1.186536625027656555e-01
3.800000000000000000e+01 9.694499522447586060e-02 1.184838935732841492e-01
3.900000000000000000e+01 9.671260416507720947e-02 1.182760223746299744e-01
4.000000000000000000e+01 9.647551178932189941e-02 1.180938780307769775e-01
4.100000000000000000e+01 9.624201804399490356e-02 1.178755238652229309e-01
4.200000000000000000e+01 9.599498659372329712e-02 1.176752522587776184e-01
4.300000000000000000e+01 9.574133902788162231e-02 1.174582317471504211e-01
4.400000000000000000e+01 9.548792243003845215e-02 1.172412112355232239e-01
4.500000000000000000e+01 9.524701535701751709e-02 1.170211732387542725e-01
4.600000000000000000e+01 9.497993439435958862e-02 1.168157458305358887e-01
4.700000000000000000e+01 9.471400827169418335e-02 1.165671646595001221e-01
4.800000000000000000e+01 9.444195032119750977e-02 1.163581162691116333e-01
4.900000000000000000e+01 9.418436884880065918e-02 1.161102503538131714e-01
5.000000000000000000e+01 9.391495585441589355e-02 1.158658117055892944e-01
5.100000000000000000e+01 9.361811727285385132e-02 1.156250685453414917e-01
5.200000000000000000e+01 9.333404898643493652e-02 1.153917759656906128e-01
5.300000000000000000e+01 9.305009990930557251e-02 1.151150017976760864e-01
5.400000000000000000e+01 9.273738414049148560e-02 1.148791983723640442e-01
5.500000000000000000e+01 9.243355691432952881e-02 1.145976632833480835e-01
5.600000000000000000e+01 9.213520586490631104e-02 1.143234968185424805e-01
5.700000000000000000e+01 9.181895852088928223e-02 1.140535771846771240e-01
5.800000000000000000e+01 9.151288121938705444e-02 1.137482002377510071e-01
5.900000000000000000e+01 9.117395430803298950e-02 1.134979650378227234e-01
6.000000000000000000e+01 9.085744619369506836e-02 1.131856516003608704e-01
6.100000000000000000e+01 9.052026271820068359e-02 1.129090413451194763e-01
6.200000000000000000e+01 9.018567949533462524e-02 1.126490905880928040e-01
6.300000000000000000e+01 8.983327448368072510e-02 1.122488826513290405e-01
6.400000000000000000e+01 8.948222547769546509e-02 1.119896695017814636e-01
6.500000000000000000e+01 8.913013339042663574e-02 1.116762980818748474e-01
6.600000000000000000e+01 8.876716345548629761e-02 1.113702729344367981e-01
6.700000000000000000e+01 8.840238302946090698e-02 1.110432222485542297e-01
6.800000000000000000e+01 8.803238719701766968e-02 1.106851696968078613e-01
6.900000000000000000e+01 8.765551447868347168e-02 1.103782504796981812e-01
7.000000000000000000e+01 8.727200329303741455e-02 1.100850626826286316e-01
7.100000000000000000e+01 8.691205084323883057e-02 1.097412109375000000e-01
7.200000000000000000e+01 8.652106672525405884e-02 1.093559414148330688e-01
7.300000000000000000e+01 8.613095432519912720e-02 1.090448349714279175e-01
7.400000000000000000e+01 8.575797080993652344e-02 1.087343245744705200e-01
7.500000000000000000e+01 8.538442850112915039e-02 1.083384305238723755e-01
7.600000000000000000e+01 8.498571068048477173e-02 1.080696061253547668e-01
7.700000000000000000e+01 8.463658392429351807e-02 1.077406629920005798e-01
7.800000000000000000e+01 8.423453569412231445e-02 1.073989495635032654e-01
7.900000000000000000e+01 8.380237966775894165e-02 1.070413216948509216e-01
8.000000000000000000e+01 8.344644308090209961e-02 1.066921353340148926e-01
8.100000000000000000e+01 8.306502550840377808e-02 1.063462942838668823e-01
8.200000000000000000e+01 8.266253769397735596e-02 1.060362234711647034e-01
8.300000000000000000e+01 8.227714896202087402e-02 1.056796833872795105e-01
8.400000000000000000e+01 8.192279934883117676e-02 1.053418442606925964e-01
8.500000000000000000e+01 8.152794837951660156e-02 1.050042957067489624e-01
8.600000000000000000e+01 8.117787539958953857e-02 1.046627685427665710e-01
8.700000000000000000e+01 8.076650649309158325e-02 1.043411567807197571e-01
8.800000000000000000e+01 8.037268370389938354e-02 1.039170101284980774e-01
8.900000000000000000e+01 8.002527803182601929e-02 1.035736724734306335e-01
9.000000000000000000e+01 7.968868315219879150e-02 1.033058837056159973e-01
9.100000000000000000e+01 7.932002097368240356e-02 1.029039919376373291e-01
9.200000000000000000e+01 7.897414267063140869e-02 1.026607602834701538e-01
9.300000000000000000e+01 7.860511541366577148e-02 1.022477746009826660e-01
9.400000000000000000e+01 7.823384553194046021e-02 1.019357070326805115e-01
9.500000000000000000e+01 7.786279171705245972e-02 1.015874817967414856e-01
9.600000000000000000e+01 7.756726443767547607e-02 1.012751087546348572e-01
9.700000000000000000e+01 7.723533362150192261e-02 1.009732335805892944e-01
9.800000000000000000e+01 7.690291851758956909e-02 1.006291136145591736e-01
9.900000000000000000e+01 7.655517756938934326e-02 1.003289073705673218e-01
1.000000000000000000e+02 7.627610117197036743e-02 1.000155135989189148e-01
1.010000000000000000e+02 7.595643401145935059e-02 9.968942403793334961e-02
1.020000000000000000e+02 7.564282417297363281e-02 9.934486448764801025e-02
1.030000000000000000e+02 7.536464929580688477e-02 9.906248003244400024e-02
1.040000000000000000e+02 7.507019490003585815e-02 9.868743270635604858e-02
1.050000000000000000e+02 7.479143887758255005e-02 9.838005155324935913e-02
1.060000000000000000e+02 7.451876252889633179e-02 9.811845421791076660e-02
1.070000000000000000e+02 7.423505187034606934e-02 9.795875847339630127e-02
1.080000000000000000e+02 7.398441433906555176e-02 9.749457240104675293e-02
1.090000000000000000e+02 7.375982403755187988e-02 9.726010262966156006e-02
1.100000000000000000e+02 7.350172847509384155e-02 9.706211090087890625e-02
1.110000000000000000e+02 7.322491705417633057e-02 9.664264321327209473e-02
1.120000000000000000e+02 7.301093637943267822e-02 9.646590054035186768e-02
1.130000000000000000e+02 7.279477268457412720e-02 9.615638852119445801e-02
1.140000000000000000e+02 7.255959510803222656e-02 9.584598988294601440e-02
1.150000000000000000e+02 7.233992964029312134e-02 9.546516090631484985e-02
1.160000000000000000e+02 7.214593142271041870e-02 9.529393911361694336e-02
1.170000000000000000e+02 7.194650918245315552e-02 9.497005492448806763e-02
1.180000000000000000e+02 7.172188162803649902e-02 9.477319568395614624e-02
1.190000000000000000e+02 7.155631482601165771e-02 9.448231756687164307e-02
1.200000000000000000e+02 7.136975973844528198e-02 9.428101778030395508e-02
1.210000000000000000e+02 7.112653553485870361e-02 9.413001686334609985e-02
1.220000000000000000e+02 7.101140171289443970e-02 9.379425644874572754e-02
1.230000000000000000e+02 7.077755779027938843e-02 9.344866126775741577e-02
1.240000000000000000e+02 7.057449221611022949e-02 9.326306730508804321e-02
1.250000000000000000e+02 7.047037035226821899e-02 9.311643242835998535e-02
1.260000000000000000e+02 7.023324817419052124e-02 9.280854463577270508e-02
1.270000000000000000e+02 7.006635516881942749e-02 9.239059686660766602e-02
1.280000000000000000e+02 6.989467144012451172e-02 9.215827286243438721e-02
1.290000000000000000e+02 6.974503397941589355e-02 9.215339273214340210e-02
1.300000000000000000e+02 6.956725567579269409e-02 9.185700863599777222e-02
1.310000000000000000e+02 6.940192729234695435e-02 9.164406359195709229e-02
1.320000000000000000e+02 6.924463808536529541e-02 9.142710268497467041e-02
1.330000000000000000e+02 6.904411315917968750e-02 9.108793735504150391e-02
1.340000000000000000e+02 6.890902668237686157e-02 9.082949906587600708e-02
1.350000000000000000e+02 6.870786100625991821e-02 9.069789946079254150e-02
1.360000000000000000e+02 6.859242171049118042e-02 9.051511436700820923e-02
1.370000000000000000e+02 6.844995170831680298e-02 9.035127609968185425e-02
1.380000000000000000e+02 6.828336417675018311e-02 9.007667005062103271e-02
1.390000000000000000e+02 6.811952590942382812e-02 8.988205343484878540e-02
1.400000000000000000e+02 6.797966361045837402e-02 8.989676088094711304e-02
1.410000000000000000e+02 6.781721860170364380e-02 8.958602696657180786e-02
1.420000000000000000e+02 6.773427128791809082e-02 8.936227113008499146e-02
1.430000000000000000e+02 6.756301224231719971e-02 8.913417160511016846e-02
1.440000000000000000e+02 6.743555516004562378e-02 8.901892602443695068e-02
1.450000000000000000e+02 6.729055941104888916e-02 8.880849927663803101e-02
1.460000000000000000e+02 6.716170161962509155e-02 8.854219317436218262e-02
1.470000000000000000e+02 6.699680536985397339e-02 8.835426717996597290e-02
1.480000000000000000e+02 6.682433933019638062e-02 8.818604797124862671e-02
1.490000000000000000e+02 6.675490736961364746e-02 8.811444044113159180e-02
1.500000000000000000e+02 6.662081927061080933e-02 8.793278038501739502e-02
1.510000000000000000e+02 6.646141409873962402e-02 8.779717981815338135e-02
1.520000000000000000e+02 6.631181389093399048e-02 8.745536953210830688e-02
1.530000000000000000e+02 6.621651351451873779e-02 8.725310117006301880e-02
1.540000000000000000e+02 6.609348952770233154e-02 8.738733828067779541e-02
1.550000000000000000e+02 6.599641591310501099e-02 8.709955215454101562e-02
1.560000000000000000e+02 6.586694717407226562e-02 8.700482547283172607e-02
1.570000000000000000e+02 6.570683419704437256e-02 8.658347278833389282e-02
1.580000000000000000e+02 6.564221531152725220e-02 8.665911853313446045e-02
1.590000000000000000e+02 6.550616770982742310e-02 8.643614500761032104e-02
1.600000000000000000e+02 6.536799669265747070e-02 8.623759448528289795e-02
1.610000000000000000e+02 6.524641811847686768e-02 8.610828220844268799e-02
1.620000000000000000e+02 6.515293568372726440e-02 8.597815781831741333e-02
1.630000000000000000e+02 6.500443816184997559e-02 8.584781736135482788e-02
1.640000000000000000e+02 6.491518020629882812e-02 8.579583466053009033e-02
1.650000000000000000e+02 6.483206152915954590e-02 8.565083891153335571e-02
1.660000000000000000e+02 6.474769115447998047e-02 8.542188256978988647e-02
1.670000000000000000e+02 6.454052776098251343e-02 8.524212986230850220e-02
1.680000000000000000e+02 6.452795863151550293e-02 8.498604595661163330e-02
1.690000000000000000e+02 6.441999971866607666e-02 8.496747165918350220e-02
1.700000000000000000e+02 6.427934020757675171e-02 8.475635200738906860e-02
1.710000000000000000e+02 6.419324129819869995e-02 8.473672717809677124e-02
1.720000000000000000e+02 6.412299722433090210e-02 8.465737104415893555e-02
1.730000000000000000e+02 6.397953629493713379e-02 8.456741273403167725e-02
1.740000000000000000e+02 6.391713023185729980e-02 8.439008891582489014e-02
1.750000000000000000e+02 6.381361186504364014e-02 8.426492661237716675e-02
1.760000000000000000e+02 6.369204074144363403e-02 8.416678011417388916e-02
1.770000000000000000e+02 6.363020092248916626e-02 8.383300155401229858e-02
1.780000000000000000e+02 6.353080272674560547e-02 8.392914384603500366e-02
1.790000000000000000e+02 6.342504918575286865e-02 8.362618833780288696e-02
1.800000000000000000e+02 6.332021206617355347e-02 8.360010385513305664e-02
1.810000000000000000e+02 6.327558308839797974e-02 8.346882462501525879e-02
1.820000000000000000e+02 6.315951794385910034e-02 8.353584259748458862e-02
1.830000000000000000e+02 6.308662891387939453e-02 8.330886811017990112e-02
1.840000000000000000e+02 6.297235935926437378e-02 8.326272666454315186e-02
1.850000000000000000e+02 6.292301416397094727e-02 8.310436457395553589e-02
1.860000000000000000e+02 6.277284026145935059e-02 8.297495543956756592e-02
1.870000000000000000e+02 6.277048587799072266e-02 8.291530609130859375e-02
1.880000000000000000e+02 6.265164911746978760e-02 8.288105577230453491e-02
1.890000000000000000e+02 6.257775425910949707e-02 8.259463310241699219e-02
1.900000000000000000e+02 6.248691305518150330e-02 8.253432810306549072e-02
1.910000000000000000e+02 6.244067475199699402e-02 8.254551887512207031e-02
1.920000000000000000e+02 6.231120601296424866e-02 8.254145830869674683e-02
1.930000000000000000e+02 6.230438873171806335e-02 8.232451230287551880e-02
1.940000000000000000e+02 6.219945847988128662e-02 8.219649642705917358e-02
1.950000000000000000e+02 6.206541135907173157e-02 8.220059424638748169e-02
1.960000000000000000e+02 6.205749139189720154e-02 8.215533196926116943e-02
1.970000000000000000e+02 6.197187677025794983e-02 8.203613013029098511e-02
1.980000000000000000e+02 6.189412996172904968e-02 8.174920827150344849e-02
1.990000000000000000e+02 6.177673116326332092e-02 8.189325779676437378e-02
2.000000000000000000e+02 6.169088557362556458e-02 8.168186247348785400e-02
2.010000000000000000e+02 6.160341575741767883e-02 8.155728131532669067e-02
2.020000000000000000e+02 6.157465279102325439e-02 8.153497427701950073e-02
2.030000000000000000e+02 6.150080263614654541e-02 8.141919225454330444e-02
2.040000000000000000e+02 6.143358722329139709e-02 8.138025552034378052e-02
2.050000000000000000e+02 6.134111434221267700e-02 8.131960779428482056e-02
2.060000000000000000e+02 6.131761521100997925e-02 8.119665831327438354e-02
2.070000000000000000e+02 6.123556569218635559e-02 8.121122419834136963e-02
2.080000000000000000e+02 6.116785481572151184e-02 8.119761198759078979e-02
2.090000000000000000e+02 6.106160581111907959e-02 8.093103021383285522e-02
2.100000000000000000e+02 6.107689067721366882e-02 8.091461658477783203e-02
2.110000000000000000e+02 6.094658747315406799e-02 8.088452368974685669e-02
2.120000000000000000e+02 6.090738996863365173e-02 8.077812194824218750e-02
2.130000000000000000e+02 6.079131737351417542e-02 8.057449012994766235e-02
2.140000000000000000e+02 6.077296659350395203e-02 8.061723411083221436e-02
2.150000000000000000e+02 6.070248782634735107e-02 8.063475787639617920e-02
2.160000000000000000e+02 6.064518168568611145e-02 8.053374290466308594e-02
2.170000000000000000e+02 6.059568747878074646e-02 8.047760277986526489e-02
2.180000000000000000e+02 6.048254668712615967e-02 8.028462529182434082e-02
2.190000000000000000e+02 6.041565164923667908e-02 8.040244132280349731e-02
2.200000000000000000e+02 6.040681153535842896e-02 8.018641918897628784e-02
2.210000000000000000e+02 6.030508875846862793e-02 8.019633591175079346e-02
2.220000000000000000e+02 6.027118116617202759e-02 8.005886524915695190e-02
2.230000000000000000e+02 6.017442792654037476e-02 7.991203665733337402e-02
2.240000000000000000e+02 6.008956581354141235e-02 7.989812642335891724e-02
2.250000000000000000e+02 6.005754321813583374e-02 7.989373803138732910e-02
2.260000000000000000e+02 5.998326092958450317e-02 7.974050194025039673e-02
2.270000000000000000e+02 5.998993664979934692e-02 7.968551665544509888e-02
2.280000000000000000e+02 5.987094715237617493e-02 7.970633357763290405e-02
2.290000000000000000e+02 5.980977416038513184e-02 7.948757708072662354e-02
2.300000000000000000e+02 5.975034087896347046e-02 7.950987666845321655e-02
2.310000000000000000e+02 5.975338816642761230e-02 7.923058420419692993e-02
2.320000000000000000e+02 5.964554101228713989e-02 7.943043857812881470e-02
2.330000000000000000e+02 5.957192555069923401e-02 7.915911823511123657e-02
2.340000000000000000e+02 5.952487513422966003e-02 7.914377748966217041e-02
2.350000000000000000e+02 5.948037654161453247e-02 7.907433062791824341e-02
2.360000000000000000e+02 5.941945686936378479e-02 7.896198332309722900e-02
2.370000000000000000e+02 5.935358256101608276e-02 7.885860651731491089e-02
2.380000000000000000e+02 5.930203944444656372e-02 7.882598042488098145e-02
2.390000000000000000e+02 5.929606035351753235e-02 7.882180064916610718e-02
2.400000000000000000e+02 5.927092954516410828e-02 7.876396179199218750e-02
2.410000000000000000e+02 5.917800590395927429e-02 7.868582010269165039e-02
2.420000000000000000e+02 5.910543724894523621e-02 7.853633910417556763e-02
2.430000000000000000e+02 5.904419720172882080e-02 7.853675633668899536e-02
2.440000000000000000e+02 5.901889503002166748e-02 7.842653989791870117e-02
2.450000000000000000e+02 5.896236374974250793e-02 7.844559848308563232e-02
2.460000000000000000e+02 5.887970328330993652e-02 7.838702201843261719e-02
2.470000000000000000e+02 5.887029692530632019e-02 7.839398831129074097e-02
2.480000000000000000e+02 5.878198519349098206e-02 7.841221988201141357e-02
2.490000000000000000e+02 5.875518172979354858e-02 7.826390862464904785e-02
2.500000000000000000e+02 5.871998518705368042e-02 7.817500084638595581e-02
2.510000000000000000e+02 5.864515155553817749e-02 7.805470377206802368e-02
2.520000000000000000e+02 5.855802074074745178e-02 7.798872888088226318e-02
2.530000000000000000e+02 5.850772932171821594e-02 7.793945819139480591e-02
2.540000000000000000e+02 5.851373821496963501e-02 7.788796722888946533e-02
2.550000000000000000e+02 5.844788998365402222e-02 7.779060304164886475e-02
2.560000000000000000e+02 5.839421972632408142e-02 7.763060927391052246e-02
2.570000000000000000e+02 5.840503424406051636e-02 7.766594737768173218e-02
2.580000000000000000e+02 5.827915668487548828e-02 7.765737175941467285e-02
2.590000000000000000e+02 5.829053744673728943e-02 7.762214541435241699e-02
2.600000000000000000e+02 5.825920775532722473e-02 7.751928269863128662e-02
2.610000000000000000e+02 5.816797912120819092e-02 7.739704102277755737e-02
2.620000000000000000e+02 5.809656530618667603e-02 7.742010802030563354e-02
2.630000000000000000e+02 5.807801336050033569e-02 7.734481245279312134e-02
2.640000000000000000e+02 5.805560946464538574e-02 7.744626700878143311e-02
2.650000000000000000e+02 5.802839621901512146e-02 7.733743637800216675e-02
2.660000000000000000e+02 5.796799063682556152e-02 7.734563201665878296e-02
2.670000000000000000e+02 5.795712023973464966e-02 7.715936750173568726e-02
2.680000000000000000e+02 5.786969512701034546e-02 7.710584998130798340e-02
2.690000000000000000e+02 5.784391611814498901e-02 7.700975239276885986e-02
2.700000000000000000e+02 5.779074877500534058e-02 7.702700793743133545e-02
2.710000000000000000e+02 5.780466645956039429e-02 7.705841213464736938e-02
2.720000000000000000e+02 5.774265900254249573e-02 7.687843590974807739e-02
2.730000000000000000e+02 5.764640122652053833e-02 7.694493979215621948e-02
2.740000000000000000e+02 5.761017277836799622e-02 7.673963159322738647e-02
2.750000000000000000e+02 5.757440999150276184e-02 7.674582302570343018e-02
2.760000000000000000e+02 5.757806822657585144e-02 7.671006768941879272e-02
2.770000000000000000e+02 5.746667459607124329e-02 7.666396349668502808e-02
2.780000000000000000e+02 5.745713412761688232e-02 7.657908648252487183e-02
2.790000000000000000e+02 5.739350244402885437e-02 7.640329748392105103e-02
2.800000000000000000e+02 5.737252533435821533e-02 7.649675011634826660e-02
2.810000000000000000e+02 5.730997025966644287e-02 7.642237097024917603e-02
2.820000000000000000e+02 5.725916475057601929e-02 7.622130960226058960e-02
2.830000000000000000e+02 5.725964158773422241e-02 7.636798173189163208e-02
2.840000000000000000e+02 5.718393623828887939e-02 7.626454532146453857e-02
2.850000000000000000e+02 5.716862529516220093e-02 7.648073136806488037e-02
2.860000000000000000e+02 5.707846209406852722e-02 7.625003159046173096e-02
2.870000000000000000e+02 5.711840465664863586e-02 7.611894607543945312e-02
2.880000000000000000e+02 5.704462900757789612e-02 7.622118294239044189e-02
2.890000000000000000e+02 5.701263621449470520e-02 7.600458711385726929e-02
2.900000000000000000e+02 5.695797502994537354e-02 7.601571083068847656e-02
2.910000000000000000e+02 5.692157521843910217e-02 7.595536857843399048e-02
2.920000000000000000e+02 5.688126757740974426e-02 7.590630650520324707e-02
2.930000000000000000e+02 5.689323693513870239e-02 7.614061236381530762e-02
2.940000000000000000e+02 5.683888867497444153e-02 7.597271353006362915e-02
2.950000000000000000e+02 5.680334568023681641e-02 7.575092464685440063e-02
2.960000000000000000e+02 5.670886114239692688e-02 7.585680484771728516e-02
2.970000000000000000e+02 5.672664940357208252e-02 7.582471519708633423e-02
2.980000000000000000e+02 5.661533772945404053e-02 7.572274655103683472e-02
2.990000000000000000e+02 5.662675574421882629e-02 7.572524249553680420e-02
3.000000000000000000e+02 5.657450482249259949e-02 7.568012177944183350e-02
3.010000000000000000e+02 5.653480812907218933e-02 7.568147778511047363e-02
3.020000000000000000e+02 5.645314976572990417e-02 7.544698566198348999e-02
3.030000000000000000e+02 5.648358911275863647e-02 7.542640715837478638e-02
3.040000000000000000e+02 5.644963309168815613e-02 7.564654201269149780e-02
3.050000000000000000e+02 5.641353875398635864e-02 7.547096163034439087e-02
3.060000000000000000e+02 5.632966384291648865e-02 7.539340853691101074e-02
3.070000000000000000e+02 5.633310973644256592e-02 7.538512349128723145e-02
3.080000000000000000e+02 5.629147961735725403e-02 7.519572228193283081e-02
3.090000000000000000e+02 5.627039819955825806e-02 7.520648837089538574e-02
3.100000000000000000e+02 5.616500601172447205e-02 7.503358274698257446e-02
3.110000000000000000e+02 5.617396160960197449e-02 7.499302178621292114e-02
3.120000000000000000e+02 5.616713687777519226e-02 7.514601200819015503e-02
3.130000000000000000e+02 5.612367019057273865e-02 7.515708357095718384e-02
3.140000000000000000e+02 5.603898316621780396e-02 7.485149800777435303e-02
3.150000000000000000e+02 5.601509660482406616e-02 7.486221194267272949e-02
3.160000000000000000e+02 5.598825216293334961e-02 7.490880787372589111e-02
3.170000000000000000e+02 5.593850091099739075e-02 7.486789673566818237e-02
3.180000000000000000e+02 5.592494830489158630e-02 7.491260021924972534e-02
3.190000000000000000e+02 5.590386688709259033e-02 7.479307800531387329e-02
3.200000000000000000e+02 5.588940158486366272e-02 7.480874657630920410e-02
3.210000000000000000e+02 5.579802021384239197e-02 7.475573569536209106e-02
3.220000000000000000e+02 5.579508095979690552e-02 7.471543550491333008e-02
3.230000000000000000e+02 5.570336431264877319e-02 7.471357285976409912e-02
3.240000000000000000e+02 5.571152642369270325e-02 7.469031959772109985e-02
3.250000000000000000e+02 5.565929412841796875e-02 7.479826360940933228e-02
3.260000000000000000e+02 5.557129159569740295e-02 7.462377101182937622e-02
3.270000000000000000e+02 5.559882521629333496e-02 7.447518408298492432e-02
3.280000000000000000e+02 5.554137006402015686e-02 7.445152848958969116e-02
3.290000000000000000e+02 5.551488324999809265e-02 7.449074834585189819e-02
3.300000000000000000e+02 5.542768165469169617e-02 7.427968084812164307e-02
3.310000000000000000e+02 5.542318895459175110e-02 7.440492510795593262e-02
3.320000000000000000e+02 5.537956580519676208e-02 7.432313263416290283e-02
3.330000000000000000e+02 5.536123737692832947e-02 7.434712350368499756e-02
3.340000000000000000e+02 5.532464012503623962e-02 7.422128319740295410e-02
3.350000000000000000e+02 5.532914400100708008e-02 7.432223856449127197e-02
3.360000000000000000e+02 5.526939779520034790e-02 7.428172230720520020e-02
3.370000000000000000e+02 5.518552660942077637e-02 7.417102903127670288e-02
3.380000000000000000e+02 5.517776310443878174e-02 7.414583861827850342e-02
3.390000000000000000e+02 5.516141653060913086e-02 7.404381036758422852e-02
3.400000000000000000e+02 5.511993542313575745e-02 7.408811897039413452e-02
3.410000000000000000e+02 5.503809079527854919e-02 7.406003028154373169e-02
3.420000000000000000e+02 5.507493391633033752e-02 7.400291413068771362e-02
3.430000000000000000e+02 5.501164123415946960e-02 7.386818528175354004e-02
3.440000000000000000e+02 5.494793504476547241e-02 7.396352291107177734e-02
3.450000000000000000e+02 5.494624003767967224e-02 7.388482242822647095e-02
3.460000000000000000e+02 5.490710958838462830e-02 7.392235845327377319e-02
3.470000000000000000e+02 5.489930883049964905e-02 7.385113835334777832e-02
3.480000000000000000e+02 5.482420697808265686e-02 7.380943745374679565e-02
3.490000000000000000e+02 5.480063334107398987e-02 7.362611591815948486e-02
3.500000000000000000e+02 5.474846810102462769e-02 7.374706864356994629e-02
3.510000000000000000e+02 5.466035753488540649e-02 7.389221340417861938e-02
3.520000000000000000e+02 5.468986928462982178e-02 7.371665537357330322e-02
3.530000000000000000e+02 5.463728681206703186e-02 7.363852113485336304e-02
3.540000000000000000e+02 5.462973192334175110e-02 7.369201630353927612e-02
3.550000000000000000e+02 5.457268655300140381e-02 7.359076291322708130e-02
3.560000000000000000e+02 5.455219373106956482e-02 7.352723181247711182e-02
3.570000000000000000e+02 5.452406033873558044e-02 7.366003841161727905e-02
3.580000000000000000e+02 5.449779331684112549e-02 7.358428090810775757e-02
3.590000000000000000e+02 5.447667464613914490e-02 7.341699302196502686e-02
3.600000000000000000e+02 5.446856841444969177e-02 7.345357537269592285e-02
3.610000000000000000e+02 5.437517166137695312e-02 7.350082695484161377e-02
3.620000000000000000e+02 5.437758937478065491e-02 7.324396818876266479e-02
3.630000000000000000e+02 5.432731285691261292e-02 7.309698313474655151e-02
3.640000000000000000e+02 5.431957542896270752e-02 7.333833724260330200e-02
3.650000000000000000e+02 5.430083349347114563e-02 7.317437231540679932e-02
3.660000000000000000e+02 5.426156893372535706e-02 7.312436401844024658e-02
3.670000000000000000e+02 5.420483276247978210e-02 7.321080565452575684e-02
3.680000000000000000e+02 5.417926982045173645e-02 7.320128381252288818e-02
3.690000000000000000e+02 5.410007387399673462e-02 7.316643744707107544e-02
3.700000000000000000e+02 5.412013456225395203e-02 7.315694540739059448e-02
3.710000000000000000e+02 5.410149320960044861e-02 7.303754240274429321e-02
3.720000000000000000e+02 5.403989553451538086e-02 7.297675311565399170e-02
3.730000000000000000e+02 5.401959270238876343e-02 7.289916276931762695e-02
3.740000000000000000e+02 5.395667254924774170e-02 7.307309657335281372e-02
3.750000000000000000e+02 5.399988219141960144e-02 7.308834791183471680e-02
3.760000000000000000e+02 5.390225350856781006e-02 7.296142727136611938e-02
3.770000000000000000e+02 5.390188097953796387e-02 7.294873893260955811e-02
3.780000000000000000e+02 5.389122664928436279e-02 7.279363274574279785e-02
3.790000000000000000e+02 5.382681638002395630e-02 7.281307876110076904e-02
3.800000000000000000e+02 5.383410304784774780e-02 7.261582463979721069e-02
3.810000000000000000e+02 5.376011133193969727e-02 7.274685055017471313e-02
3.820000000000000000e+02 5.371017381548881531e-02 7.254184782505035400e-02
3.830000000000000000e+02 5.369313433766365051e-02 7.268144190311431885e-02
3.840000000000000000e+02 5.370016396045684814e-02 7.266426831483840942e-02
3.850000000000000000e+02 5.363435670733451843e-02 7.263632863759994507e-02
3.860000000000000000e+02 5.360379070043563843e-02 7.240525633096694946e-02
3.870000000000000000e+02 5.358475446701049805e-02 7.255626469850540161e-02
3.880000000000000000e+02 5.359293520450592041e-02 7.261304557323455811e-02
3.890000000000000000e+02 5.352003127336502075e-02 7.249067723751068115e-02
3.900000000000000000e+02 5.351510271430015564e-02 7.241369783878326416e-02
3.910000000000000000e+02 5.350506305694580078e-02 7.246158272027969360e-02
3.920000000000000000e+02 5.350464954972267151e-02 7.231386005878448486e-02
3.930000000000000000e+02 5.338316783308982849e-02 7.231070846319198608e-02
3.940000000000000000e+02 5.342097952961921692e-02 7.248982042074203491e-02
3.950000000000000000e+02 5.339320376515388489e-02 7.232413440942764282e-02
3.960000000000000000e+02 5.330776050686836243e-02 7.221385091543197632e-02
3.970000000000000000e+02 5.329948663711547852e-02 7.219357043504714966e-02
3.980000000000000000e+02 5.329712852835655212e-02 7.233855873346328735e-02
3.990000000000000000e+02 5.323103070259094238e-02 7.215538620948791504e-02
4.000000000000000000e+02 5.323665961623191833e-02 7.229888439178466797e-02
4.010000000000000000e+02 5.320484563708305359e-02 7.230117917060852051e-02
4.020000000000000000e+02 5.317963287234306335e-02 7.230646908283233643e-02
4.030000000000000000e+02 5.313532799482345581e-02 7.217678427696228027e-02
4.040000000000000000e+02 5.314095690846443176e-02 7.218457758426666260e-02
4.050000000000000000e+02 5.312337353825569153e-02 7.193952798843383789e-02
4.060000000000000000e+02 5.304408818483352661e-02 7.196451723575592041e-02
4.070000000000000000e+02 5.298427119851112366e-02 7.201644778251647949e-02
4.080000000000000000e+02 5.301742255687713623e-02 7.212295383214950562e-02
4.090000000000000000e+02 5.294929817318916321e-02 7.189023494720458984e-02
4.100000000000000000e+02 5.293289944529533386e-02 7.188919931650161743e-02
4.110000000000000000e+02 5.291238427162170410e-02 7.205477356910705566e-02
4.120000000000000000e+02 5.289793014526367188e-02 7.198715209960937500e-02
4.130000000000000000e+02 5.289838835597038269e-02 7.179637253284454346e-02
4.140000000000000000e+02 5.285476893186569214e-02 7.189447432756423950e-02
4.150000000000000000e+02 5.284187197685241699e-02 7.196053117513656616e-02
4.160000000000000000e+02 5.276151001453399658e-02 7.198390364646911621e-02
4.170000000000000000e+02 5.277465656399726868e-02 7.182947546243667603e-02
4.180000000000000000e+02 5.277441069483757019e-02 7.175227999687194824e-02
4.190000000000000000e+02 5.269289761781692505e-02 7.169303297996520996e-02
4.200000000000000000e+02 5.271602049469947815e-02 7.171239703893661499e-02
4.210000000000000000e+02 5.268503352999687195e-02 7.177580893039703369e-02
4.220000000000000000e+02 5.263606831431388855e-02 7.164277136325836182e-02
4.230000000000000000e+02 5.263978987932205200e-02 7.153559476137161255e-02
4.240000000000000000e+02 5.260703712701797485e-02 7.165554910898208618e-02
4.250000000000000000e+02 5.254261195659637451e-02 7.154090702533721924e-02
4.260000000000000000e+02 5.257904157042503357e-02 7.155124843120574951e-02
4.270000000000000000e+02 5.251545086503028870e-02 7.141599059104919434e-02
4.280000000000000000e+02 5.249074473977088928e-02 7.140956819057464600e-02
4.290000000000000000e+02 5.250292643904685974e-02 7.144665718078613281e-02
4.300000000000000000e+02 5.244565755128860474e-02 7.145933061838150024e-02
4.310000000000000000e+02 5.238949507474899292e-02 7.147753238677978516e-02
4.320000000000000000e+02 5.236290395259857178e-02 7.137253135442733765e-02
4.330000000000000000e+02 5.234083533287048340e-02 7.130888849496841431e-02
4.340000000000000000e+02 5.235371738672256470e-02 7.119656354188919067e-02
4.350000000000000000e+02 5.232319608330726624e-02 7.122007757425308228e-02
4.360000000000000000e+02 5.225912109017372131e-02 7.126662880182266235e-02
4.370000000000000000e+02 5.227699503302574158e-02 7.126098871231079102e-02
4.380000000000000000e+02 5.223819985985755920e-02 7.135512679815292358e-02
4.390000000000000000e+02 5.224295333027839661e-02 7.126107066869735718e-02
4.400000000000000000e+02 5.221763625741004944e-02 7.126645743846893311e-02
4.410000000000000000e+02 5.222647637128829956e-02 7.112883031368255615e-02
4.420000000000000000e+02 5.217248201370239258e-02 7.103479653596878052e-02
4.430000000000000000e+02 5.217161402106285095e-02 7.117704302072525024e-02
4.440000000000000000e+02 5.216498300433158875e-02 7.113288342952728271e-02
4.450000000000000000e+02 5.207449197769165039e-02 7.092655450105667114e-02
4.460000000000000000e+02 5.215490236878395081e-02 7.104007154703140259e-02
4.470000000000000000e+02 5.204120278358459473e-02 7.109704613685607910e-02
4.480000000000000000e+02 5.206269770860671997e-02 7.091598212718963623e-02
4.490000000000000000e+02 5.203168466687202454e-02 7.105164229869842529e-02
4.500000000000000000e+02 5.204162374138832092e-02 7.100273668766021729e-02
4.510000000000000000e+02 5.195079371333122253e-02 7.108183205127716064e-02
4.520000000000000000e+02 5.197756364941596985e-02 7.101538032293319702e-02
4.530000000000000000e+02 5.191749706864356995e-02 7.090880721807479858e-02
4.540000000000000000e+02 5.192568898200988770e-02 7.092919200658798218e-02
4.550000000000000000e+02 5.187210440635681152e-02 7.095913589000701904e-02
4.560000000000000000e+02 5.179425701498985291e-02 7.085244357585906982e-02
4.570000000000000000e+02 5.186642706394195557e-02 7.089018821716308594e-02
4.580000000000000000e+02 5.180424079298973083e-02 7.078116387128829956e-02
4.590000000000000000e+02 5.181000381708145142e-02 7.079661637544631958e-02
4.600000000000000000e+02 5.178526043891906738e-02 7.073605060577392578e-02
4.610000000000000000e+02 5.176154524087905884e-02 7.073578238487243652e-02
4.620000000000000000e+02 5.175609886646270752e-02 7.082195580005645752e-02
4.630000000000000000e+02 5.179698020219802856e-02 7.073315232992172241e-02
4.640000000000000000e+02 5.167314410209655762e-02 7.085237652063369751e-02
4.650000000000000000e+02 5.164738744497299194e-02 7.067520171403884888e-02
4.660000000000000000e+02 5.164713785052299500e-02 7.070412486791610718e-02
4.670000000000000000e+02 5.167823284864425659e-02 7.058934867382049561e-02
4.680000000000000000e+02 5.160696804523468018e-02 7.058095186948776245e-02
4.690000000000000000e+02 5.165760964155197144e-02 7.062882930040359497e-02
4.700000000000000000e+02 5.158140137791633606e-02 7.047066092491149902e-02
4.710000000000000000e+02 5.152488872408866882e-02 7.043997943401336670e-02
4.720000000000000000e+02 5.151009187102317810e-02 7.057802379131317139e-02
4.730000000000000000e+02 5.154195427894592285e-02 7.059288024902343750e-02
4.740000000000000000e+02 5.148788914084434509e-02 7.044976204633712769e-02
4.750000000000000000e+02 5.149816349148750305e-02 7.045673578977584839e-02
4.760000000000000000e+02 5.140879005193710327e-02 7.044614106416702271e-02
4.770000000000000000e+02 5.145761370658874512e-02 7.064242660999298096e-02
4.780000000000000000e+02 5.140919610857963562e-02 7.061135023832321167e-02
4.790000000000000000e+02 5.135236680507659912e-02 7.035958766937255859e-02
4.800000000000000000e+02 5.135259404778480530e-02 7.052835822105407715e-02
4.810000000000000000e+02 5.139987170696258545e-02 7.012958824634552002e-02
4.820000000000000000e+02 5.136168003082275391e-02 7.017557322978973389e-02
4.830000000000000000e+02 5.131203681230545044e-02 7.021017372608184814e-02
4.840000000000000000e+02 5.133951455354690552e-02 7.023928314447402954e-02
4.850000000000000000e+02 5.130672454833984375e-02 7.009360194206237793e-02
4.860000000000000000e+02 5.130173638463020325e-02 7.025925070047378540e-02
4.870000000000000000e+02 5.118417739868164062e-02 7.024976611137390137e-02
4.880000000000000000e+02 5.125984176993370056e-02 7.019452005624771118e-02
4.890000000000000000e+02 5.123608931899070740e-02 7.003133744001388550e-02
4.900000000000000000e+02 5.123060569167137146e-02 7.012161612510681152e-02
4.910000000000000000e+02 5.119312927126884460e-02 6.992230564355850220e-02
4.920000000000000000e+02 5.117922276258468628e-02 7.024113088846206665e-02
4.930000000000000000e+02 5.113662034273147583e-02 7.009953260421752930e-02
4.940000000000000000e+02 5.109887197613716125e-02 7.001720368862152100e-02
4.950000000000000000e+02 5.112152174115180969e-02 7.010871917009353638e-02
4.960000000000000000e+02 5.113967880606651306e-02 7.021829485893249512e-02
4.970000000000000000e+02 5.105216056108474731e-02 7.002444565296173096e-02
4.980000000000000000e+02 5.110386759042739868e-02 7.009480893611907959e-02
4.990000000000000000e+02 5.104944482445716858e-02 6.986854225397109985e-02
5.000000000000000000e+02 5.100509524345397949e-02 7.000710815191268921e-02
5.010000000000000000e+02 5.096446350216865540e-02 6.992638111114501953e-02
5.020000000000000000e+02 5.097222328186035156e-02 6.985829770565032959e-02
5.030000000000000000e+02 5.101054161787033081e-02 6.998248398303985596e-02
5.040000000000000000e+02 5.091584846377372742e-02 6.988402456045150757e-02
5.050000000000000000e+02 5.096671730279922485e-02 6.972966343164443970e-02
5.060000000000000000e+02 5.096286162734031677e-02 6.998578459024429321e-02
5.070000000000000000e+02 5.091928690671920776e-02 6.981415301561355591e-02
5.080000000000000000e+02 5.086304619908332825e-02 6.982944160699844360e-02
5.090000000000000000e+02 5.085610970854759216e-02 6.980222463607788086e-02
5.100000000000000000e+02 5.087219178676605225e-02 6.988355517387390137e-02
5.110000000000000000e+02 5.082417279481887817e-02 6.987111270427703857e-02
5.120000000000000000e+02 5.081932619214057922e-02 6.984025239944458008e-02
5.130000000000000000e+02 5.079257860779762268e-02 6.982062757015228271e-02
5.140000000000000000e+02 5.076058208942413330e-02 6.971132010221481323e-02
5.150000000000000000e+02 5.071816965937614441e-02 6.972205638885498047e-02
5.160000000000000000e+02 5.068841576576232910e-02 6.959304213523864746e-02
5.170000000000000000e+02 5.070890858769416809e-02 6.972286850214004517e-02
5.180000000000000000e+02 5.074294656515121460e-02 6.965602934360504150e-02
5.190000000000000000e+02 5.069673806428909302e-02 6.965032964944839478e-02
5.200000000000000000e+02 5.069672316312789917e-02 6.956175714731216431e-02
5.210000000000000000e+02 5.072609335184097290e-02 6.948693096637725830e-02
5.220000000000000000e+02 5.068858712911605835e-02 6.952115148305892944e-02
5.230000000000000000e+02 5.062629655003547668e-02 6.968799978494644165e-02
5.240000000000000000e+02 5.063677206635475159e-02 6.947658956050872803e-02
5.250000000000000000e+02 5.055031552910804749e-02 6.954044848680496216e-02
5.260000000000000000e+02 5.060860887169837952e-02 6.953775882720947266e-02
5.270000000000000000e+02 5.053115263581275940e-02 6.949653476476669312e-02
5.280000000000000000e+02 5.053188279271125793e-02 6.953598558902740479e-02
5.290000000000000000e+02 5.048802122473716736e-02 6.945704668760299683e-02
5.300000000000000000e+02 5.053679645061492920e-02 6.948807090520858765e-02
5.310000000000000000e+02 5.051110684871673584e-02 6.943351775407791138e-02
5.320000000000000000e+02 5.054995417594909668e-02 6.948178261518478394e-02
5.330000000000000000e+02 5.047513544559478760e-02 6.940740346908569336e-02
5.340000000000000000e+02 5.041165649890899658e-02 6.947747617959976196e-02
5.350000000000000000e+02 5.045426636934280396e-02 6.928920745849609375e-02
5.360000000000000000e+02 5.043948069214820862e-02 6.937205791473388672e-02
5.370000000000000000e+02 5.046370625495910645e-02 6.937583535909652710e-02
5.380000000000000000e+02 5.041620135307312012e-02 6.922753155231475830e-02
5.390000000000000000e+02 5.039687454700469971e-02 6.932066380977630615e-02
5.400000000000000000e+02 5.039951950311660767e-02 6.928753107786178589e-02
5.410000000000000000e+02 5.034015700221061707e-02 6.911825388669967651e-02
5.420000000000000000e+02 5.035734176635742188e-02 6.927726417779922485e-02
5.430000000000000000e+02 5.035798624157905579e-02 6.929049640893936157e-02
5.440000000000000000e+02 5.035175010561943054e-02 6.940374523401260376e-02
5.450000000000000000e+02 5.032761022448539734e-02 6.922207027673721313e-02
5.460000000000000000e+02 5.029103159904479980e-02 6.936226785182952881e-02
5.470000000000000000e+02 5.023903027176856995e-02 6.897623091936111450e-02
5.480000000000000000e+02 5.027275532484054565e-02 6.914119422435760498e-02
5.490000000000000000e+02 5.025583133101463318e-02 6.921900808811187744e-02
5.500000000000000000e+02 5.023024231195449829e-02 6.916138529777526855e-02
5.510000000000000000e+02 5.023211240768432617e-02 6.917374581098556519e-02
5.520000000000000000e+02 5.023483932018280029e-02 6.899356096982955933e-02
5.530000000000000000e+02 5.028084293007850647e-02 6.915798038244247437e-02
5.540000000000000000e+02 5.014019832015037537e-02 6.897243112325668335e-02
5.550000000000000000e+02 5.011563003063201904e-02 6.907373666763305664e-02
5.560000000000000000e+02 5.009901896119117737e-02 6.910669803619384766e-02
5.570000000000000000e+02 5.007338523864746094e-02 6.895032525062561035e-02
5.580000000000000000e+02 5.016560107469558716e-02 6.902130693197250366e-02
5.590000000000000000e+02 5.016537383198738098e-02 6.910967081785202026e-02
5.600000000000000000e+02 5.008114129304885864e-02 6.880930066108703613e-02
5.610000000000000000e+02 5.013324320316314697e-02 6.883968412876129150e-02
5.620000000000000000e+02 5.005585029721260071e-02 6.900679320096969604e-02
5.630000000000000000e+02 5.003270879387855530e-02 6.901950389146804810e-02
5.640000000000000000e+02 4.998230189085006714e-02 6.884781271219253540e-02
5.650000000000000000e+02 5.002922564744949341e-02 6.902394443750381470e-02
5.660000000000000000e+02 5.000951513648033142e-02 6.891086697578430176e-02
5.670000000000000000e+02 5.003843829035758972e-02 6.877279281616210938e-02
5.680000000000000000e+02 4.998460412025451660e-02 6.887854635715484619e-02
5.690000000000000000e+02 4.994976148009300232e-02 6.868071109056472778e-02
5.700000000000000000e+02 4.992818459868431091e-02 6.881309300661087036e-02
5.710000000000000000e+02 4.991633072495460510e-02 6.877217441797256470e-02
5.720000000000000000e+02 4.996201023459434509e-02 6.874422729015350342e-02
5.730000000000000000e+02 4.986243322491645813e-02 6.889213621616363525e-02
5.740000000000000000e+02 4.993459582328796387e-02 6.876412779092788696e-02
5.750000000000000000e+02 4.990973323583602905e-02 6.875905394554138184e-02
5.760000000000000000e+02 4.989751055836677551e-02 6.859421730041503906e-02
5.770000000000000000e+02 4.986064881086349487e-02 6.881935894489288330e-02
5.780000000000000000e+02 4.984762147068977356e-02 6.874069571495056152e-02
5.790000000000000000e+02 4.986487701535224915e-02 6.865102052688598633e-02
5.800000000000000000e+02 4.980159178376197815e-02 6.860645860433578491e-02
5.810000000000000000e+02 4.979445040225982666e-02 6.872938573360443115e-02
5.820000000000000000e+02 4.983169957995414734e-02 6.859789043664932251e-02
5.830000000000000000e+02 4.982082173228263855e-02 6.855282187461853027e-02
5.840000000000000000e+02 4.979376867413520813e-02 6.857232749462127686e-02
5.850000000000000000e+02 4.979585111141204834e-02 6.847956031560897827e-02
5.860000000000000000e+02 4.978675395250320435e-02 6.854096055030822754e-02
5.870000000000000000e+02 4.976561293005943298e-02 6.853511929512023926e-02
5.880000000000000000e+02 4.964769259095191956e-02 6.853269040584564209e-02
5.890000000000000000e+02 4.966972768306732178e-02 6.859468668699264526e-02
5.900000000000000000e+02 4.972509294748306274e-02 6.846219301223754883e-02
5.910000000000000000e+02 4.968008771538734436e-02 6.850905716419219971e-02
5.920000000000000000e+02 4.974378272891044617e-02 6.846845149993896484e-02
5.930000000000000000e+02 4.963377490639686584e-02 6.842537969350814819e-02
5.940000000000000000e+02 4.965886846184730530e-02 6.838185340166091919e-02
5.950000000000000000e+02 4.965613409876823425e-02 6.840584427118301392e-02
5.960000000000000000e+02 4.967990890145301819e-02 6.828458607196807861e-02
5.970000000000000000e+02 4.960634559392929077e-02 6.827488541603088379e-02
5.980000000000000000e+02 4.962695762515068054e-02 6.843116134405136108e-02
5.990000000000000000e+02 4.955834150314331055e-02 6.840844452381134033e-02
6.000000000000000000e+02 4.955669492483139038e-02 6.837533414363861084e-02
6.010000000000000000e+02 4.955983534455299377e-02 6.840911507606506348e-02
6.020000000000000000e+02 4.966117441654205322e-02 6.845608353614807129e-02
6.030000000000000000e+02 4.957382380962371826e-02 6.821063905954360962e-02
6.040000000000000000e+02 4.955694079399108887e-02 6.831939518451690674e-02
6.050000000000000000e+02 4.954057186841964722e-02 6.838083267211914062e-02
6.060000000000000000e+02 4.954767972230911255e-02 6.834594905376434326e-02
6.070000000000000000e+02 4.954659193754196167e-02 6.839403510093688965e-02
6.080000000000000000e+02 4.949651658535003662e-02 6.830856949090957642e-02
6.090000000000000000e+02 4.947842285037040710e-02 6.819444894790649414e-02
6.100000000000000000e+02 4.951830580830574036e-02 6.804275512695312500e-02
6.110000000000000000e+02 4.946205392479896545e-02 6.801322102546691895e-02
6.120000000000000000e+02 4.946652054786682129e-02 6.810840964317321777e-02
6.130000000000000000e+02 4.946538805961608887e-02 6.816770136356353760e-02
6.140000000000000000e+02 4.945381358265876770e-02 6.808370351791381836e-02
6.150000000000000000e+02 4.939952492713928223e-02 6.823579967021942139e-02
6.160000000000000000e+02 4.943880811333656311e-02 6.813303381204605103e-02
6.170000000000000000e+02 4.946977272629737854e-02 6.820727139711380005e-02
6.180000000000000000e+02 4.945487156510353088e-02 6.815252453088760376e-02
6.190000000000000000e+02 4.941485822200775146e-02 6.810822337865829468e-02
6.200000000000000000e+02 4.938846454024314880e-02 6.821842491626739502e-02
